0 0.8317708333333333 0.5835648148148148 0.028854166666666667 0.14138888888888887
0 0.9033854166666667 0.5539351851851851 0.022916666666666665 0.09101851851851851
0 0.8751302083333333 0.5366203703703705 0.020572916666666666 0.08768518518518519
0 0.23497395833333334 0.5768518518518518 0.02453125 0.11314814814814815
0 0.20989583333333334 0.5731018518518519 0.02322916666666667 0.11194444444444444
0 0.725390625 0.5042129629629629 0.01203125 0.0575
0 0.3975 0.49689814814814814 0.0115625 0.04842592592592592
0 0.4325260416666667 0.5040277777777779 0.01078125 0.04972222222222222
0 0.6446354166666666 0.4808333333333333 0.008958333333333334 0.03851851851851852
0 0.5504947916666667 0.47717592592592595 0.008072916666666667 0.026759259259259257
0 0.33627604166666664 0.5391666666666666 0.017239583333333332 0.08203703703703703
0 0.31182291666666667 0.5500925925925925 0.016666666666666666 0.08203703703703703
0 0.2945833333333333 0.5509259259259259 0.0159375 0.07907407407407407
0 0.32015625 0.5466203703703704 0.015000000000000001 0.08083333333333333
0 0.6610937500000001 0.48333333333333334 0.0103125 0.039629629629629626
0 0.8865364583333333 0.49402777777777773 0.01359375 0.04638888888888889
0 0.871640625 0.5022685185185185 0.014427083333333333 0.051944444444444446
0 0.7042708333333334 0.49324074074074076 0.0103125 0.044259259259259255
0 0.6674479166666667 0.48759259259259263 0.009791666666666667 0.044259259259259255
