0 0.13018229166666667 0.5405092592592593 0.07109375 0.27805555555555556
0 0.5830468750000001 0.49129629629629634 0.037760416666666664 0.16148148148148148
0 0.6669010416666666 0.5328240740740741 0.062135416666666665 0.3049074074074074
0 0.03721354166666667 0.514212962962963 0.04765625 0.18601851851851853
0 0.2791145833333334 0.4626851851851852 0.012708333333333332 0.07203703703703704
0 0.44851562500000003 0.4671296296296296 0.020260416666666666 0.10018518518518518
0 0.47302083333333333 0.4630555555555555 0.025625000000000002 0.11
0 0.08312499999999999 0.5188888888888888 0.035 0.1737037037037037
0 0.43109374999999994 0.45273148148148146 0.017083333333333332 0.08546296296296296
0 0.3883333333333333 0.4514351851851852 0.013854166666666667 0.06638888888888889
0 0.241796875 0.4548148148148148 0.01171875 0.05907407407407407
0 0.22661458333333334 0.45361111111111113 0.0109375 0.054259259259259264
0 0.2566145833333333 0.45472222222222225 0.022916666666666665 0.06314814814814815
