0 0.4490885416666667 0.472962962962963 0.02796875 0.06999999999999999
0 0.6176562499999999 0.6686574074074074 0.10916666666666666 0.5671296296296297
0 0.11859375 0.5763425925925927 0.10447916666666666 0.3325
0 0.35651041666666666 0.5352777777777779 0.06520833333333334 0.3201851851851852
0 0.4297135416666667 0.46944444444444444 0.030052083333333333 0.05648148148148148
0 0.21158854166666666 0.5731481481481482 0.08171875 0.32222222222222224
0 0.488359375 0.4861111111111111 0.031614583333333335 0.16444444444444445
0 0.545 0.6325925925925926 0.07312500000000001 0.475
0 0.26674479166666665 0.5437037037037038 0.05869791666666667 0.2740740740740741
0 0.30736979166666667 0.452962962962963 0.010572916666666666 0.054814814814814816
0 0.2963020833333333 0.4563425925925926 0.011875 0.05398148148148148
