0 0.31247395833333336 0.4198148148148148 0.01973958333333333 0.10277777777777777
0 0.9388541666666667 0.5955555555555556 0.09749999999999999 0.5137037037037037
0 0.19927083333333334 0.43212962962962964 0.027083333333333334 0.12444444444444445
0 0.6750260416666667 0.43106481481481485 0.02484375 0.11731481481481482
0 0.4482552083333333 0.4456481481481481 0.03390625 0.1525925925925926
0 0.39453125 0.42032407407407407 0.024166666666666666 0.11305555555555555
0 0.058124999999999996 0.4426388888888889 0.03270833333333333 0.13194444444444445
0 0.371171875 0.42453703703703705 0.020885416666666667 0.11240740740740741
0 0.27572916666666664 0.4124074074074074 0.020625 0.04722222222222222
0 0.17934895833333334 0.4230092592592593 0.01796875 0.0912037037037037
0 0.46531249999999996 0.4235185185185185 0.0271875 0.13518518518518519
0 0.413515625 0.41300925925925924 0.01546875 0.1000925925925926
0 0.331484375 0.40129629629629626 0.01390625 0.061481481481481484
0 0.16619791666666667 0.41759259259259257 0.014375 0.07166666666666667
