0 0.7536458333333333 0.8368055555555556 0.052083333333333336 0.27990740740740744
0 0.746171875 0.576574074074074 0.026197916666666664 0.10055555555555555
0 0.9225 0.6401851851851852 0.037187500000000005 0.15425925925925926
0 0.6678645833333333 0.7226388888888888 0.03958333333333333 0.22787037037037036
0 0.8140625 0.5709722222222223 0.022708333333333334 0.1137962962962963
0 0.7158072916666668 0.5792592592592593 0.021822916666666668 0.10296296296296296
0 0.7924479166666667 0.7735648148148149 0.06083333333333333 0.22842592592592592
0 0.7764583333333334 0.574212962962963 0.016354166666666666 0.10564814814814814
0 0.6928125 0.5321759259259259 0.012187499999999999 0.05527777777777778
0 0.7004427083333333 0.5576388888888889 0.017239583333333332 0.07861111111111112
0 0.7877083333333332 0.5713425925925926 0.0146875 0.10231481481481482
