0 0.32645833333333335 0.6104166666666667 0.09177083333333333 0.4343518518518519
0 0.224765625 0.48087962962962966 0.03234375 0.09842592592592592
0 0.6266666666666667 0.46032407407407405 0.021354166666666667 0.09564814814814815
0 0.5305208333333333 0.4589814814814815 0.020104166666666666 0.09851851851851852
0 0.4181770833333333 0.5609722222222221 0.057916666666666665 0.3184259259259259
0 0.5766666666666667 0.5020833333333333 0.020520833333333332 0.10768518518518519
0 0.20523437499999997 0.4619444444444445 0.02255208333333333 0.09648148148148149
0 0.2535677083333333 0.48120370370370363 0.018177083333333333 0.10055555555555555
0 0.5581510416666666 0.4988425925925926 0.020364583333333335 0.10453703703703704
0 0.4676822916666667 0.5501851851851852 0.04994791666666667 0.2607407407407408
0 0.49859375 0.5308796296296296 0.0440625 0.2323148148148148
0 0.6018489583333333 0.46166666666666667 0.016197916666666666 0.0862962962962963
0 0.27015625000000004 0.45939814814814817 0.012604166666666666 0.08120370370370371
