0 0.6524479166666666 0.08296296296296296 0.031875 0.11
0 0.37854166666666667 0.24435185185185182 0.041562499999999995 0.10592592592592594
0 0.43265625 0.21097222222222226 0.037187500000000005 0.15935185185185186
0 0.2680729166666667 0.3906481481481482 0.03947916666666666 0.1811111111111111
0 0.1640625 0.1963425925925926 0.02802083333333333 0.16083333333333333
0 0.167578125 0.5958796296296296 0.047864583333333335 0.18916666666666668
0 0.9166666666666666 0.5212037037037037 0.04177083333333333 0.19814814814814816
0 0.6055208333333333 0.6281481481481481 0.04510416666666666 0.2303703703703704
0 0.20614583333333333 0.40120370370370373 0.0396875 0.19592592592592592
0 0.6952604166666667 0.26129629629629636 0.03166666666666666 0.1525925925925926
0 0.133828125 0.2039351851851852 0.028802083333333332 0.15305555555555556
0 0.8844531250000001 0.7357870370370371 0.04942708333333334 0.21935185185185185
0 0.9119010416666667 0.283287037037037 0.02984375 0.16064814814814815
0 0.505 0.3095833333333334 0.034166666666666665 0.1865740740740741
0 0.4054427083333333 0.14472222222222222 0.028281249999999997 0.15185185185185185
0 0.460625 0.31055555555555553 0.034270833333333334 0.17944444444444446
0 0.21265624999999996 0.5902777777777778 0.0353125 0.2212962962962963
0 0.20979166666666668 0.17592592592592593 0.030000000000000002 0.16574074074074074
0 0.2851822916666667 0.24810185185185185 0.03796875 0.17916666666666667
0 0.16960937499999998 0.4014351851851852 0.037760416666666664 0.19268518518518518
0 0.7851041666666667 0.2803703703703703 0.03822916666666667 0.1548148148148148
0 0.170703125 0.06189814814814814 0.01984375 0.12009259259259258
0 0.8463020833333333 0.6577314814814814 0.05385416666666667 0.22324074074074074
0 0.32049479166666667 0.6145833333333334 0.03369791666666667 0.2358333333333333
0 0.25848958333333333 0.23796296296296296 0.028125 0.15166666666666667
0 0.24208333333333332 0.14324074074074072 0.0321875 0.16314814814814813
0 0.9854427083333334 0.3312962962962963 0.03015625 0.18333333333333332
0 0.4750260416666666 0.929675925925926 0.03661458333333333 0.14250000000000002
