0 0.9712500000000001 0.633425925925926 0.034270833333333334 0.17944444444444446
0 0.5810677083333334 0.5760185185185185 0.023385416666666665 0.1111111111111111
0 0.44979166666666665 0.7699074074074074 0.057604166666666665 0.28629629629629627
0 0.6145572916666667 0.5721759259259259 0.028072916666666666 0.11824074074074074
0 0.5876822916666667 0.8831944444444445 0.06786458333333334 0.23546296296296299
0 0.8777864583333334 0.6456481481481482 0.03484375 0.1577777777777778
0 0.6916666666666667 0.5688425925925926 0.02364583333333333 0.12194444444444444
0 0.6582552083333333 0.5715277777777777 0.024010416666666666 0.1162037037037037
0 0.5679947916666668 0.5157870370370371 0.017343749999999998 0.06842592592592593
0 0.54234375 0.5081944444444445 0.013333333333333334 0.06435185185185185
0 0.5591927083333333 0.5119907407407407 0.016822916666666667 0.07157407407407407
0 0.5334895833333333 0.5114351851851852 0.013854166666666667 0.06657407407407408
