0 0.8181770833333334 0.4550925925925926 0.022395833333333334 0.10055555555555555
0 0.6186197916666667 0.4409722222222222 0.02671875 0.11305555555555555
0 0.3331770833333333 0.4868518518518519 0.051875 0.21055555555555555
0 0.7376041666666667 0.4938425925925926 0.04729166666666666 0.2412037037037037
0 0.5884114583333333 0.4482407407407407 0.022447916666666668 0.1012962962962963
0 0.22255208333333334 0.48412037037037037 0.04010416666666667 0.17064814814814816
0 0.2884895833333333 0.4844907407407407 0.03291666666666667 0.16824074074074072
0 0.16705729166666666 0.4385648148148148 0.01703125 0.06527777777777778
0 0.2615885416666667 0.48763888888888884 0.03307291666666667 0.1599074074074074
0 0.5607552083333334 0.43777777777777777 0.018385416666666664 0.0811111111111111
0 0.42203125 0.4399074074074074 0.011145833333333332 0.06351851851851852
0 0.3814322916666667 0.43333333333333335 0.01140625 0.05740740740740741
0 0.38807291666666666 0.43425925925925923 0.011354166666666667 0.057962962962962966
0 0.4121875 0.4385648148148148 0.0115625 0.05731481481481481
0 0.37257812500000004 0.4396296296296296 0.012760416666666666 0.05537037037037037
