0 0.15593749999999998 0.5398148148148149 0.06333333333333332 0.2718518518518519
0 0.060546875 0.5160185185185184 0.04255208333333334 0.1875925925925926
0 0.6011979166666667 0.5044907407407407 0.03802083333333333 0.15861111111111112
0 0.4635677083333334 0.4752314814814815 0.022864583333333334 0.10342592592592594
0 0.6668229166666666 0.5358796296296297 0.05239583333333333 0.304537037037037
0 0.702890625 0.4796759259259259 0.021718750000000002 0.09824074074074074
0 0.48843749999999997 0.47055555555555556 0.025 0.11277777777777777
0 0.10708333333333334 0.5197222222222223 0.034895833333333334 0.1688888888888889
0 0.2989583333333333 0.46601851851851855 0.0125 0.07277777777777777
0 0.44442708333333336 0.462037037037037 0.017812500000000002 0.08499999999999999
0 0.24273437499999997 0.46314814814814814 0.012135416666666668 0.056296296296296296
0 0.254296875 0.4622685185185185 0.011927083333333333 0.05861111111111111
0 0.2874739583333333 0.4624537037037037 0.012135416666666668 0.0649074074074074
0 0.26760416666666664 0.4615277777777778 0.022291666666666664 0.06638888888888889
