0 0.9216406250000001 0.6439351851851852 0.13817708333333334 0.6562037037037037
0 0.33625 0.40074074074074073 0.04802083333333333 0.1737037037037037
0 0.7759895833333333 0.6368055555555555 0.11604166666666667 0.6380555555555556
0 0.12476562499999999 0.3799074074074074 0.021822916666666668 0.11055555555555556
0 0.5387500000000001 0.4165277777777778 0.035625000000000004 0.15138888888888888
0 0.22619791666666664 0.38796296296296295 0.0275 0.11555555555555555
0 0.4549739583333333 0.39694444444444443 0.028281249999999997 0.1411111111111111
0 0.6957552083333333 0.44837962962962963 0.05213541666666666 0.28768518518518515
0 0.5751822916666668 0.3944907407407407 0.018697916666666665 0.10953703703703703
0 0.48182291666666666 0.39861111111111114 0.0265625 0.13074074074074074
0 0.260625 0.38981481481481484 0.019583333333333335 0.10111111111111111
0 0.272578125 0.38416666666666666 0.022239583333333333 0.11462962962962962
0 0.10565104166666668 0.36060185185185184 0.014635416666666668 0.06657407407407408
0 0.433203125 0.384537037037037 0.01963541666666667 0.048888888888888885
0 0.3706770833333334 0.369537037037037 0.011666666666666665 0.05592592592592593
0 0.5169010416666667 0.3923148148148148 0.01921875 0.10796296296296296
0 0.3799739583333333 0.37393518518518515 0.012760416666666666 0.05453703703703704
