0 0.9445052083333334 0.5940277777777777 0.10671875 0.49749999999999994
0 0.442578125 0.4403240740740741 0.03661458333333333 0.15694444444444444
0 0.296953125 0.4158796296296296 0.01953125 0.09620370370370371
0 0.2595572916666667 0.4065740740740741 0.020572916666666666 0.04555555555555556
0 0.6613541666666667 0.4275925925925926 0.024791666666666667 0.11777777777777779
0 0.041276041666666666 0.4366203703703704 0.031510416666666666 0.1362037037037037
0 0.3608333333333333 0.4158796296296296 0.023958333333333335 0.1162037037037037
0 0.39822916666666663 0.41055555555555556 0.018020833333333333 0.10425925925925926
0 0.3798697916666667 0.41435185185185186 0.026822916666666665 0.11907407407407407
0 0.17283854166666665 0.4128703703703704 0.017135416666666667 0.08481481481481482
0 0.3153385416666667 0.4001388888888889 0.015052083333333332 0.06231481481481481
0 0.16408854166666664 0.41324074074074074 0.016302083333333335 0.0774074074074074
0 0.3059114583333333 0.4072222222222222 0.017239583333333332 0.07833333333333332
0 0.14645833333333333 0.4116666666666667 0.01375 0.06777777777777778
