0 0.6172916666666667 0.36898148148148147 0.033229166666666664 0.13592592592592595
0 0.4487239583333334 0.3653703703703704 0.031614583333333335 0.16314814814814813
0 0.36877604166666667 0.35481481481481486 0.021510416666666664 0.10203703703703704
0 0.116796875 0.5216203703703703 0.17536458333333332 0.5791666666666667
0 0.3332552083333333 0.3447685185185185 0.017239583333333332 0.0687962962962963
0 0.49075520833333336 0.37069444444444444 0.028697916666666667 0.1462037037037037
0 0.7121614583333333 0.4003703703703704 0.04869791666666667 0.3048148148148148
0 0.5419270833333333 0.34055555555555556 0.01583333333333333 0.0612962962962963
0 0.5126562499999999 0.3695833333333334 0.024374999999999997 0.08712962962962963
0 0.5637760416666667 0.33675925925925926 0.01265625 0.04796296296296296
0 0.39505208333333336 0.34129629629629626 0.0134375 0.05592592592592593
0 0.38421875 0.3460185185185185 0.014791666666666667 0.06333333333333334
0 0.5253645833333332 0.3525462962962963 0.015416666666666667 0.06287037037037038
