0 0.3402083333333333 0.39995370370370376 0.042499999999999996 0.1663888888888889
0 0.7766927083333334 0.6251851851851852 0.11463541666666667 0.6431481481481481
0 0.544765625 0.4156481481481481 0.03598958333333333 0.15
0 0.92296875 0.627824074074074 0.14375 0.6762037037037036
0 0.12953125000000001 0.37888888888888894 0.022291666666666664 0.10851851851851853
0 0.5823697916666667 0.3929166666666667 0.019010416666666665 0.1087962962962963
0 0.46226562499999996 0.39449074074074075 0.02734375 0.14083333333333334
0 0.2340625 0.3875 0.027916666666666666 0.11462962962962962
0 0.486484375 0.3971296296296296 0.028072916666666666 0.13185185185185186
0 0.3823177083333334 0.3693981481481482 0.012864583333333334 0.060833333333333336
0 0.7134375 0.44782407407407404 0.055 0.2910185185185185
0 0.11041666666666666 0.3567592592592593 0.014166666666666666 0.06722222222222221
0 0.2696614583333333 0.3886574074074074 0.022447916666666668 0.11527777777777778
0 0.437421875 0.37800925925925927 0.017135416666666667 0.04212962962962963
0 0.52546875 0.3916203703703704 0.02041666666666667 0.10805555555555556
