0 0.6523697916666666 0.08356481481481481 0.032864583333333336 0.10990740740740741
0 0.37830729166666666 0.24388888888888888 0.041093750000000005 0.10500000000000001
0 0.23054687499999998 0.6523148148148148 0.05234375 0.2288888888888889
0 0.9136458333333334 0.13546296296296298 0.03229166666666667 0.1438888888888889
0 0.25307291666666665 0.19162037037037036 0.0375 0.17805555555555558
0 0.07005208333333333 0.4128240740740741 0.027395833333333335 0.17509259259259258
0 0.7690885416666666 0.06097222222222222 0.028489583333333336 0.11824074074074074
0 0.8422916666666667 0.058472222222222224 0.030625 0.11453703703703703
0 0.9164322916666666 0.522361111111111 0.04140625 0.19675925925925927
0 0.430859375 0.2181944444444444 0.031927083333333335 0.15824074074074074
0 0.16255208333333332 0.2024074074074074 0.028333333333333332 0.1612962962962963
0 0.13731770833333334 0.4150925925925926 0.030052083333333333 0.17537037037037037
0 0.20395833333333335 0.18078703703703702 0.030312500000000003 0.16694444444444445
0 0.5275260416666667 0.14425925925925928 0.031510416666666666 0.16518518518518518
0 0.499921875 0.10513888888888889 0.03411458333333333 0.16212962962962962
0 0.97140625 0.56125 0.03666666666666667 0.19453703703703704
0 0.82171875 0.679537037037037 0.0446875 0.22481481481481483
0 0.486640625 0.5110185185185185 0.03682291666666667 0.19407407407407407
0 0.28197916666666667 0.16958333333333334 0.0209375 0.15546296296296297
0 0.5557031250000001 0.1438888888888889 0.02723958333333333 0.15
0 0.12489583333333333 0.20375000000000001 0.028333333333333332 0.1499074074074074
0 0.2821875 0.559675925925926 0.03677083333333333 0.20879629629629629
0 0.3892447916666667 0.16620370370370371 0.028072916666666666 0.15703703703703703
0 0.5116927083333334 0.4573148148148148 0.03515625 0.17814814814814817
0 0.4590625 0.5089351851851852 0.043541666666666666 0.2023148148148148
0 0.2340625 0.12435185185185187 0.03104166666666667 0.16148148148148148
0 0.41497395833333334 0.16236111111111112 0.02203125 0.14657407407407408
0 0.5075000000000001 0.924212962962963 0.036145833333333335 0.1534259259259259
0 0.22458333333333333 0.9291203703703703 0.05458333333333333 0.1436111111111111
0 0.24830729166666668 0.9028240740740742 0.04390625 0.1962037037037037
