0 0.44927083333333334 0.47337962962962965 0.0278125 0.07287037037037038
0 0.6724479166666667 0.5390740740740741 0.048125 0.2551851851851852
0 0.501640625 0.4991203703703703 0.05026041666666667 0.10435185185185185
0 0.3877864583333333 0.4639351851851851 0.023177083333333334 0.1012037037037037
0 0.5979687499999999 0.5163425925925925 0.05416666666666667 0.2652777777777778
0 0.5500520833333333 0.513287037037037 0.043437500000000004 0.2237962962962963
0 0.35630208333333335 0.47055555555555556 0.019895833333333335 0.09666666666666668
0 0.21109374999999997 0.4817592592592592 0.024895833333333332 0.1075925925925926
0 0.42947916666666663 0.46902777777777777 0.028958333333333332 0.056574074074074075
0 0.227890625 0.48120370370370374 0.021614583333333333 0.09759259259259259
0 0.29710937499999995 0.4644444444444445 0.015260416666666667 0.07796296296296297
0 0.3370052083333333 0.46745370370370365 0.017864583333333333 0.0937962962962963
0 0.31398437500000004 0.46208333333333335 0.01765625 0.07694444444444444
0 0.3234895833333333 0.4644444444444445 0.016458333333333335 0.08333333333333333
