0 0.6521354166666666 0.08277777777777778 0.03208333333333333 0.10925925925925926
0 0.3781510416666667 0.24337962962962964 0.04161458333333334 0.10472222222222222
0 0.6455729166666667 0.21254629629629632 0.034375 0.16472222222222221
0 0.27877604166666664 0.3424537037037037 0.03515625 0.17805555555555558
0 0.4330989583333333 0.20962962962962964 0.038593749999999996 0.16
0 0.22458333333333333 0.3530555555555555 0.03666666666666667 0.1775925925925926
0 0.16458333333333333 0.19407407407407407 0.026875 0.15574074074074074
0 0.7844531250000001 0.24287037037037038 0.03307291666666667 0.1451851851851852
0 0.960703125 0.2725 0.03546875 0.16703703703703704
0 0.1349739583333333 0.20407407407407405 0.02890625 0.15592592592592594
0 0.84734375 0.6560648148148148 0.05375 0.2187962962962963
0 0.9172135416666667 0.5202314814814815 0.04140625 0.2026851851851852
0 0.178828125 0.35208333333333336 0.03359375 0.1821296296296296
0 0.5007291666666667 0.3573148148148148 0.035625000000000004 0.19444444444444445
0 0.890390625 0.2336574074074074 0.031302083333333335 0.1599074074074074
0 0.17890625 0.5344444444444445 0.04604166666666667 0.19018518518518518
0 0.29765625 0.19143518518518518 0.03135416666666667 0.15953703703703706
0 0.45580729166666667 0.36638888888888893 0.03411458333333333 0.19
0 0.40533854166666666 0.14314814814814814 0.028385416666666666 0.1487037037037037
0 0.9303385416666666 0.7401851851851853 0.047760416666666666 0.23185185185185186
0 0.6325260416666667 0.7043981481481482 0.04578125 0.24138888888888888
0 0.21625 0.5294444444444445 0.035833333333333335 0.20592592592592593
0 0.3372395833333333 0.6243518518518519 0.05479166666666667 0.2288888888888889
0 0.20231770833333332 0.9076851851851853 0.046510416666666665 0.1864814814814815
0 0.174609375 0.06152777777777778 0.022239583333333333 0.11953703703703702
0 0.244140625 0.14083333333333337 0.032552083333333336 0.15962962962962962
0 0.2777604166666666 0.15041666666666664 0.0271875 0.14175925925925925
0 0.23054687499999998 0.24513888888888888 0.03515625 0.18231481481481482
0 0.20947916666666666 0.24194444444444446 0.024374999999999997 0.17462962962962963
0 0.21322916666666666 0.0699537037037037 0.02802083333333333 0.13805555555555554
