0 0.04958333333333333 0.4321296296296297 0.0553125 0.22148148148148147
0 0.40520833333333334 0.3855555555555556 0.021875 0.10981481481481481
0 0.5199479166666666 0.412962962962963 0.036875 0.15703703703703703
0 0.5584374999999999 0.39046296296296296 0.029270833333333336 0.14851851851851852
0 0.159609375 0.4039351851851852 0.029322916666666664 0.12731481481481483
0 0.780703125 0.40291666666666665 0.028697916666666667 0.12935185185185183
0 0.45999999999999996 0.3907407407407407 0.0259375 0.11944444444444445
0 0.36518229166666666 0.37777777777777777 0.01963541666666667 0.048518518518518516
0 0.10453125 0.39393518518518517 0.018125 0.09564814814814815
0 0.265078125 0.3866666666666667 0.018802083333333334 0.0987037037037037
0 0.9647395833333333 0.5832870370370371 0.0715625 0.5447222222222222
0 0.500546875 0.3834722222222222 0.018802083333333334 0.10694444444444444
0 0.4164583333333333 0.3667592592592593 0.016145833333333335 0.06851851851851852
0 0.24416666666666664 0.37879629629629624 0.012395833333333333 0.0674074074074074
0 0.28786458333333337 0.39 0.030416666666666665 0.1175925925925926
