0 0.45708333333333334 0.45134259259259263 0.03822916666666667 0.16175925925925924
0 0.3872916666666667 0.42453703703703705 0.025 0.11685185185185186
0 0.29281250000000003 0.41810185185185184 0.017916666666666668 0.08990740740740741
0 0.6548697916666666 0.4357870370370371 0.02328125 0.11546296296296296
0 0.32203125 0.4068981481481481 0.014583333333333334 0.06694444444444445
0 0.17825520833333333 0.41782407407407407 0.018697916666666665 0.08675925925925926
0 0.365 0.4219907407407407 0.021354166666666667 0.10972222222222222
0 0.2635416666666667 0.4143981481481482 0.022395833333333334 0.048240740740740744
0 0.16268229166666667 0.41305555555555556 0.01359375 0.06814814814814814
0 0.9659635416666666 0.6086574074074074 0.06911458333333333 0.4887962962962963
0 0.18880208333333334 0.4187037037037037 0.015729166666666666 0.08
