0 0.23966145833333333 0.4719444444444445 0.07692708333333333 0.3835185185185185
0 0.5166406250000001 0.4762037037037037 0.11765625 0.61
0 0.32578125 0.46814814814814815 0.07229166666666667 0.38407407407407407
0 0.4342708333333334 0.3990277777777778 0.0278125 0.13453703703703704
0 0.4093489583333333 0.41138888888888886 0.02255208333333333 0.12333333333333332
0 0.5996614583333333 0.45694444444444443 0.08098958333333334 0.39944444444444444
0 0.7854687499999999 0.3878240740740741 0.026875 0.12935185185185183
0 0.9311979166666666 0.38675925925925925 0.015729166666666666 0.1
0 0.9105208333333333 0.3810648148148148 0.013020833333333334 0.09046296296296297
0 0.92 0.3861111111111111 0.021875 0.09925925925925926
