0 0.05263020833333334 0.55375 0.09026041666666668 0.32805555555555554
0 0.542421875 0.48657407407407405 0.037656249999999995 0.1627777777777778
0 0.673671875 0.5387962962962963 0.05463541666666667 0.36074074074074075
0 0.35846354166666666 0.4440277777777778 0.01421875 0.07046296296296296
0 0.41934895833333335 0.46 0.021302083333333333 0.1012962962962963
0 0.10598958333333333 0.5035185185185185 0.0390625 0.18703703703703703
0 0.445703125 0.45861111111111114 0.02484375 0.1111111111111111
0 0.24729166666666666 0.4586574074074074 0.014375 0.07768518518518519
0 0.46341145833333336 0.45416666666666666 0.02140625 0.09759259259259259
0 0.4036458333333333 0.45009259259259254 0.0190625 0.08222222222222222
0 0.21346354166666667 0.45004629629629633 0.011510416666666667 0.06027777777777777
0 0.19052083333333333 0.4509722222222222 0.010729166666666668 0.05453703703703704
0 0.20695312500000002 0.4494444444444444 0.01171875 0.05740740740740741
0 0.19835937499999998 0.4515277777777778 0.013489583333333333 0.05842592592592593
