0 0.4619270833333334 0.5432407407407408 0.0715625 0.2714814814814815
0 0.37356770833333336 0.5305092592592593 0.061614583333333334 0.2508333333333333
0 0.525390625 0.5160185185185184 0.05171875 0.23259259259259257
0 0.576640625 0.48490740740740745 0.025260416666666667 0.13870370370370372
0 0.212734375 0.48203703703703704 0.02703125 0.10685185185185185
0 0.8052604166666666 0.6730092592592591 0.14197916666666668 0.6558333333333333
0 0.30492187499999995 0.4608333333333333 0.017760416666666667 0.07666666666666666
0 0.6912239583333333 0.6717592592592593 0.11723958333333333 0.5368518518518518
0 0.6235677083333333 0.4555092592592592 0.01890625 0.07805555555555556
0 0.8955729166666667 0.5816203703703704 0.08114583333333333 0.3932407407407407
0 0.33947916666666667 0.46412037037037035 0.0175 0.08657407407407407
0 0.246875 0.46125 0.013541666666666667 0.0725
0 0.2871875 0.4597222222222222 0.014479166666666666 0.06703703703703705
0 0.5913020833333333 0.4687037037037037 0.01875 0.10907407407407407
0 0.4279427083333333 0.4677777777777778 0.023489583333333335 0.05277777777777778
