0 0.6451822916666666 0.45351851851851854 0.022864583333333334 0.11148148148148149
0 0.28119791666666666 0.43180555555555555 0.02020833333333333 0.09046296296296297
0 0.46815104166666666 0.4661111111111111 0.03723958333333333 0.16018518518518518
0 0.021979166666666668 0.46921296296296294 0.04291666666666667 0.1928703703703704
0 0.8603124999999999 0.6487962962962963 0.126875 0.6853703703703704
0 0.39625000000000005 0.43930555555555556 0.024687499999999998 0.11601851851851852
0 0.319296875 0.4224537037037037 0.01421875 0.06657407407407408
0 0.37054687499999994 0.439537037037037 0.022447916666666668 0.10888888888888888
0 0.24419270833333334 0.44157407407407406 0.03515625 0.1175925925925926
0 0.43927083333333333 0.43712962962962965 0.02322916666666667 0.11388888888888889
0 0.05203125 0.46305555555555555 0.027083333333333334 0.13777777777777778
