0 0.6524479166666666 0.08388888888888889 0.03239583333333333 0.11074074074074074
0 0.37835937499999994 0.24337962962962958 0.04130208333333333 0.10583333333333333
0 0.9175000000000001 0.14282407407407408 0.029062499999999998 0.14657407407407408
0 0.9701041666666668 0.5515277777777777 0.036875 0.1887962962962963
0 0.1634375 0.20185185185185187 0.0278125 0.1590740740740741
0 0.25127604166666667 0.18680555555555556 0.03744791666666667 0.18305555555555555
0 0.7673177083333333 0.05842592592592593 0.029427083333333333 0.115
0 0.8489062500000001 0.0625 0.028125 0.12203703703703704
0 0.25127604166666667 0.647962962962963 0.05390625 0.23425925925925925
0 0.9166406249999999 0.5225462962962963 0.040989583333333336 0.19675925925925927
0 0.06986979166666667 0.4112037037037037 0.02723958333333333 0.1762962962962963
0 0.12367187500000001 0.2062962962962963 0.02984375 0.15074074074074076
0 0.43026041666666665 0.22092592592592594 0.03104166666666667 0.15685185185185185
0 0.2811197916666667 0.17050925925925925 0.02109375 0.15712962962962962
0 0.5276822916666667 0.46541666666666665 0.03442708333333333 0.17472222222222222
0 0.522265625 0.13870370370370372 0.03296875 0.16185185185185186
0 0.20453125 0.18231481481481482 0.029375 0.16740740740740742
0 0.5537500000000001 0.1391666666666667 0.0278125 0.15166666666666667
0 0.8281770833333334 0.6825462962962963 0.04447916666666667 0.2247222222222222
0 0.4608333333333334 0.5225 0.043854166666666666 0.21074074074074073
0 0.499609375 0.09523148148148147 0.03244791666666667 0.15546296296296297
0 0.48666666666666664 0.5236111111111111 0.03395833333333333 0.19037037037037036
0 0.24421875 0.4303240740740741 0.04145833333333333 0.19453703703703704
0 0.134765625 0.39995370370370376 0.029427083333333333 0.17157407407407407
0 0.38708333333333333 0.16800925925925925 0.030312500000000003 0.15916666666666668
0 0.4122395833333333 0.16157407407407406 0.020625 0.14537037037037037
0 0.2777864583333333 0.5643055555555556 0.03307291666666667 0.20601851851851852
0 0.230546875 0.55625 0.04171875 0.23157407407407407
0 0.5130729166666667 0.9277777777777778 0.03895833333333333 0.14629629629629629
0 0.9907031249999999 0.13796296296296295 0.01963541666666667 0.1585185185185185
0 0.2336979166666667 0.1264351851851852 0.0271875 0.1497222222222222
0 0.45330729166666667 0.043611111111111114 0.025156249999999998 0.07944444444444444
