0 0.8234895833333334 0.5817129629629629 0.02802083333333333 0.13435185185185183
0 0.8676822916666667 0.5372685185185185 0.020468749999999997 0.08712962962962963
0 0.23963541666666666 0.575787037037037 0.024374999999999997 0.11194444444444444
0 0.2150520833333333 0.5718981481481481 0.0228125 0.11212962962962962
0 0.8964322916666667 0.5527777777777778 0.024635416666666667 0.09185185185185185
0 0.7231770833333333 0.5038425925925926 0.011770833333333335 0.05787037037037037
0 0.3986458333333333 0.4978703703703704 0.011250000000000001 0.046296296296296294
0 0.4342447916666667 0.5047222222222223 0.010677083333333334 0.049444444444444444
0 0.6449479166666667 0.48222222222222216 0.009270833333333334 0.035925925925925924
0 0.5519791666666668 0.47856481481481483 0.0077083333333333335 0.02861111111111111
0 0.2994791666666667 0.5522685185185184 0.017291666666666667 0.07898148148148147
0 0.3384635416666667 0.5393055555555555 0.016614583333333332 0.07972222222222222
0 0.32049479166666667 0.5473611111111112 0.015052083333333332 0.08046296296296297
0 0.30979166666666663 0.5516666666666666 0.0165625 0.0812962962962963
0 0.708515625 0.4981944444444444 0.009739583333333333 0.04379629629629629
0 0.8893749999999999 0.4966203703703704 0.0125 0.04231481481481482
0 0.8422135416666666 0.5111574074074073 0.012447916666666666 0.050277777777777775
0 0.8721875000000001 0.505 0.0134375 0.05240740740740741
