0 0.4624479166666667 0.3701388888888889 0.08729166666666667 0.4419444444444445
0 0.7409114583333333 0.3125462962962963 0.020364583333333335 0.1149074074074074
0 0.5506770833333333 0.35703703703703704 0.0825 0.4922222222222222
0 0.9796354166666668 0.2977777777777778 0.020833333333333332 0.09185185185185185
0 0.6404427083333334 0.3557407407407408 0.05203125 0.3201851851851852
0 0.9481510416666666 0.3017129629629629 0.020260416666666666 0.10916666666666668
0 0.8557291666666667 0.30444444444444446 0.018333333333333333 0.09685185185185184
0 0.2294010416666667 0.5108333333333333 0.29015625 0.980185185185185
0 0.700859375 0.31004629629629626 0.014114583333333335 0.08175925925925925
0 0.7670572916666667 0.3035185185185185 0.014114583333333335 0.06388888888888888
0 0.7177604166666666 0.3101851851851852 0.014895833333333334 0.07907407407407407
0 0.7508854166666666 0.3069907407407407 0.0184375 0.09657407407407408
