0 0.7702864583333333 0.5651388888888889 0.023385416666666665 0.11157407407407408
0 0.6770833333333334 0.5175 0.015104166666666667 0.06462962962962962
0 0.4856770833333333 0.49148148148148146 0.011354166666666667 0.04740740740740741
0 0.20234375 0.5439351851851851 0.012395833333333333 0.06231481481481481
0 0.15135416666666668 0.5369907407407408 0.014375 0.06898148148148148
0 0.5819010416666667 0.5104629629629629 0.01296875 0.05907407407407407
0 0.5267968749999999 0.5100925925925925 0.01203125 0.05666666666666667
0 0.16669270833333333 0.5333333333333333 0.01390625 0.06611111111111112
0 0.6198697916666667 0.5105092592592593 0.011197916666666667 0.05675925925925926
0 0.5923697916666666 0.508611111111111 0.012343749999999999 0.05537037037037037
0 0.18635416666666665 0.5356481481481481 0.011875 0.05814814814814814
0 0.51375 0.505925925925926 0.010729166666666668 0.05222222222222222
0 0.5467708333333333 0.5074074074074074 0.011250000000000001 0.050555555555555555
0 0.17515624999999999 0.5337500000000001 0.017083333333333332 0.06527777777777778
0 0.49361979166666664 0.4928240740740741 0.011093750000000001 0.047870370370370376
0 0.5671093749999999 0.50875 0.021927083333333333 0.05527777777777778
