0 0.37820312500000003 0.24328703703703702 0.04161458333333334 0.10453703703703704
0 0.6522135416666667 0.08412037037037036 0.032135416666666666 0.11101851851851853
0 0.43257812500000004 0.20953703703703702 0.038489583333333334 0.15944444444444444
0 0.61875 0.1698611111111111 0.033749999999999995 0.15416666666666667
0 0.783359375 0.21643518518518517 0.03421875 0.15324074074074073
0 0.940234375 0.23023148148148148 0.03546875 0.17379629629629628
0 0.8746354166666668 0.19458333333333333 0.030625 0.15953703703703706
0 0.23505208333333333 0.319212962962963 0.03697916666666667 0.17805555555555558
0 0.8471614583333333 0.6546759259259259 0.054010416666666665 0.21861111111111112
0 0.5017968749999999 0.4008333333333334 0.037135416666666664 0.1987037037037037
0 0.9163020833333333 0.5190740740740741 0.04135416666666667 0.19481481481481483
0 0.27283854166666666 0.3028240740740741 0.03401041666666667 0.16972222222222225
0 0.19604166666666664 0.8692129629629629 0.04729166666666666 0.2530555555555556
0 0.40606770833333333 0.1423611111111111 0.02921875 0.1502777777777778
0 0.3002864583333333 0.1890277777777778 0.027864583333333335 0.15601851851851853
0 0.24638020833333335 0.14810185185185185 0.02890625 0.1675
0 0.13424479166666667 0.20291666666666666 0.028802083333333332 0.14953703703703702
0 0.18361979166666664 0.4900925925925925 0.044947916666666664 0.18388888888888888
0 0.18882812499999999 0.31976851851851856 0.03401041666666667 0.1837962962962963
0 0.45830729166666667 0.41180555555555554 0.03359375 0.19472222222222224
0 0.7744010416666668 0.048101851851851854 0.03348958333333333 0.09435185185185185
0 0.7414322916666667 0.04861111111111111 0.024427083333333332 0.09425925925925925
0 0.6552343749999999 0.7816666666666667 0.048177083333333336 0.24962962962962965
0 0.22052083333333333 0.4829166666666666 0.03510416666666667 0.20194444444444443
0 0.931015625 0.7401851851851852 0.05098958333333334 0.23425925925925925
0 0.16531250000000003 0.19569444444444448 0.02822916666666667 0.15731481481481482
0 0.1754427083333333 0.06097222222222223 0.025156249999999998 0.11972222222222223
0 0.26697916666666666 0.12296296296296297 0.027916666666666666 0.14666666666666667
0 0.21276041666666667 0.06046296296296296 0.028125 0.11888888888888889
0 0.18742187500000002 0.22319444444444445 0.03411458333333333 0.14750000000000002
