0 0.6522916666666667 0.08199074074074075 0.0325 0.1100925925925926
0 0.378359375 0.2434722222222222 0.040989583333333336 0.1062037037037037
0 0.86875 0.07643518518518519 0.029791666666666668 0.14638888888888887
0 0.42966145833333336 0.2086574074074074 0.03484375 0.1678703703703704
0 0.16458333333333333 0.6330555555555556 0.041979166666666665 0.22037037037037038
0 0.30630208333333336 0.18856481481481482 0.03229166666666667 0.16231481481481483
0 0.563984375 0.6177777777777779 0.048802083333333336 0.2262962962962963
0 0.9170572916666667 0.5184722222222221 0.039635416666666666 0.1973148148148148
0 0.8470052083333334 0.6544444444444445 0.053281249999999995 0.21888888888888888
0 0.7842187499999999 0.11379629629629628 0.030833333333333334 0.14555555555555555
0 0.40653645833333335 0.14240740740740743 0.030052083333333333 0.1511111111111111
0 0.21312500000000004 0.3333333333333333 0.04020833333333333 0.1625925925925926
0 0.24244791666666668 0.32916666666666666 0.028541666666666667 0.17833333333333332
0 0.13734375 0.19990740740740742 0.026145833333333333 0.1525925925925926
0 0.26260416666666664 0.1977777777777778 0.03145833333333333 0.16425925925925927
0 0.7547916666666666 0.10856481481481481 0.0259375 0.14342592592592593
0 0.168671875 0.24171296296296296 0.03567708333333333 0.18472222222222223
0 0.5190364583333333 0.63125 0.038593749999999996 0.21935185185185185
0 0.23500000000000001 0.1934722222222222 0.029270833333333336 0.1597222222222222
0 0.1940885416666667 0.24231481481481484 0.024010416666666666 0.16648148148148148
0 0.145859375 0.05555555555555555 0.02890625 0.10925925925925926
