0 0.48028645833333333 0.6560185185185186 0.12203125000000001 0.5459259259259259
0 0.34484374999999995 0.5013888888888889 0.03885416666666666 0.1688888888888889
0 0.20427083333333332 0.4626851851851852 0.023125 0.09796296296296296
0 0.6339583333333334 0.577824074074074 0.07052083333333334 0.32972222222222225
0 0.576953125 0.5013888888888889 0.021718750000000002 0.10407407407407408
0 0.2760677083333334 0.47115740740740736 0.01765625 0.10212962962962963
0 0.22916666666666666 0.480787037037037 0.020520833333333332 0.10361111111111111
0 0.5918489583333334 0.4630555555555555 0.019947916666666666 0.08777777777777777
0 0.3106510416666667 0.45342592592592595 0.011822916666666666 0.059444444444444446
0 0.25494791666666666 0.4721296296296297 0.0175 0.09833333333333334
0 0.5576302083333334 0.4997222222222223 0.020572916666666666 0.09722222222222222
0 0.2933333333333333 0.45402777777777775 0.0134375 0.059166666666666666
0 0.32098958333333333 0.45814814814814814 0.013958333333333333 0.05925925925925926
