0 0.5968489583333333 0.3242592592592593 0.032656250000000005 0.1325925925925926
0 0.45218749999999996 0.3341203703703704 0.030104166666666664 0.15009259259259258
0 0.49632812499999995 0.3346296296296296 0.025156249999999998 0.08277777777777778
0 0.3679166666666667 0.31930555555555556 0.0215625 0.10435185185185185
0 0.09291666666666666 0.3910648148148148 0.05239583333333333 0.2947222222222222
0 0.7513541666666667 0.38046296296296295 0.0546875 0.3909259259259259
0 0.5278645833333333 0.30074074074074075 0.015208333333333332 0.06574074074074074
0 0.6176822916666667 0.3101388888888889 0.026302083333333334 0.10990740740740741
0 0.4155989583333334 0.32750000000000007 0.032552083333333336 0.1637037037037037
0 0.5559635416666667 0.2967592592592593 0.01328125 0.05611111111111111
0 0.47828125000000005 0.3314814814814815 0.023125 0.0824074074074074
0 0.3218489583333334 0.29125 0.012343749999999999 0.04675925925925926
0 0.12153645833333333 0.30472222222222217 0.018177083333333333 0.07351851851851852
0 0.3473697916666667 0.2977777777777778 0.012447916666666666 0.04351851851851852
0 0.30877604166666667 0.29226851851851854 0.013385416666666667 0.05009259259259259
