0 0.5132291666666666 0.3627314814814815 0.026979166666666665 0.09157407407407409
0 0.6084895833333335 0.34578703703703706 0.029583333333333333 0.13175925925925927
0 0.4905729166666667 0.35574074074074075 0.029895833333333333 0.09685185185185184
0 0.025338541666666665 0.3284722222222222 0.03505208333333333 0.12990740740740742
0 0.4082552083333333 0.3499537037037037 0.03390625 0.16583333333333333
0 0.66140625 0.3424074074074074 0.0315625 0.13166666666666665
0 0.07869791666666666 0.3263888888888889 0.022291666666666664 0.09703703703703703
0 0.45125 0.3549537037037037 0.02875 0.14750000000000002
0 0.5422916666666667 0.3239814814814815 0.016666666666666666 0.06574074074074074
0 0.05374999999999999 0.32851851851851854 0.022291666666666664 0.09944444444444445
0 0.8684895833333334 0.4546296296296296 0.08208333333333333 0.5561111111111111
0 0.8165364583333333 0.43388888888888894 0.07703125000000001 0.46722222222222226
0 0.5740885416666667 0.32314814814814813 0.01328125 0.058333333333333334
0 0.323671875 0.31745370370370374 0.01328125 0.052314814814814814
0 0.34874999999999995 0.3138888888888889 0.011250000000000001 0.04555555555555556
0 0.385859375 0.33569444444444446 0.01921875 0.07972222222222222
0 0.33203125 0.31546296296296295 0.012083333333333333 0.048518518518518516
0 0.3559635416666666 0.3139814814814815 0.010989583333333334 0.04388888888888889
