0 0.3762760416666666 0.5349074074074075 0.07557291666666667 0.3116666666666667
0 0.16606770833333334 0.5589814814814815 0.06411458333333334 0.31722222222222224
0 0.47260416666666666 0.4864351851851852 0.033229166666666664 0.15731481481481482
0 0.6080729166666666 0.6677314814814814 0.10208333333333333 0.5647222222222222
0 0.26166666666666666 0.5657407407407408 0.079375 0.3037037037037037
0 0.21140625 0.4830555555555555 0.0275 0.09962962962962962
0 0.450078125 0.47370370370370374 0.028697916666666667 0.07555555555555556
0 0.429765625 0.4686574074074074 0.032864583333333336 0.05527777777777778
0 0.5472395833333333 0.6289351851851852 0.0696875 0.47601851851851856
0 0.30580729166666665 0.5374537037037037 0.06901041666666667 0.27953703703703703
