0 0.6522916666666667 0.08374999999999999 0.03197916666666666 0.1112037037037037
0 0.7914322916666666 0.06611111111111112 0.03078125 0.1303703703703704
0 0.37828124999999996 0.24453703703703705 0.041562499999999995 0.1061111111111111
0 0.5322916666666667 0.05736111111111111 0.028958333333333332 0.11287037037037037
0 0.101796875 0.38939814814814816 0.03463541666666667 0.17694444444444443
0 0.22015625 0.2585648148148148 0.0321875 0.17342592592592593
0 0.885390625 0.09694444444444443 0.028385416666666666 0.1511111111111111
0 0.47427083333333336 0.056805555555555554 0.0275 0.1112037037037037
0 0.25700520833333335 0.2063425925925926 0.03557291666666666 0.1686111111111111
0 0.42466145833333335 0.21550925925925926 0.029114583333333333 0.1600925925925926
0 0.16463541666666667 0.19527777777777774 0.02822916666666667 0.16166666666666665
0 0.9168229166666666 0.5208796296296296 0.04125 0.1886111111111111
0 0.44955729166666664 0.6811574074074074 0.037656249999999995 0.2373148148148148
0 0.833515625 0.6656018518518518 0.032656250000000005 0.22435185185185186
0 0.9251302083333334 0.682824074074074 0.03598958333333333 0.20194444444444443
0 0.8539322916666666 0.09310185185185185 0.029010416666666667 0.16175925925925924
0 0.49947916666666664 0.056435185185185185 0.030104166666666664 0.10898148148148148
0 0.8511979166666667 0.3685648148148148 0.03260416666666667 0.1863888888888889
0 0.9826822916666667 0.2871296296296296 0.03567708333333333 0.17166666666666666
0 0.19416666666666668 0.2325 0.024479166666666666 0.1524074074074074
0 0.13 0.20097222222222225 0.033125 0.14805555555555555
0 0.12653645833333332 0.8485648148148148 0.04869791666666667 0.2506481481481481
0 0.9128645833333333 0.38884259259259263 0.046875 0.19046296296296295
0 0.40075520833333333 0.1628703703703704 0.03484375 0.15722222222222224
0 0.5252864583333333 0.7810185185185186 0.06557291666666668 0.24833333333333332
0 0.9326822916666667 0.2701388888888889 0.03036458333333333 0.15898148148148147
0 0.16453125 0.8692592592592592 0.042604166666666665 0.24870370370370373
0 0.283515625 0.17421296296296296 0.029635416666666668 0.1675
0 0.25453125000000004 0.08569444444444445 0.04020833333333333 0.16657407407407407
0 0.22041666666666665 0.0985648148148148 0.024687499999999998 0.14916666666666667
0 0.3110416666666667 0.13291666666666668 0.022604166666666665 0.1391666666666667
0 0.5639843750000001 0.9321296296296295 0.03744791666666667 0.1375925925925926
