0 0.6523697916666668 0.08375 0.03296875 0.11101851851851853
0 0.37828124999999996 0.24310185185185187 0.040625 0.10416666666666667
0 0.7690104166666667 0.05976851851851851 0.029895833333333333 0.11731481481481482
0 0.24013020833333334 0.6524074074074074 0.056093750000000005 0.23074074074074072
0 0.8440104166666667 0.061064814814814815 0.029062499999999998 0.11805555555555555
0 0.9149739583333333 0.13777777777777778 0.02984375 0.14240740740740743
0 0.2523958333333333 0.18828703703703706 0.03739583333333333 0.18046296296296296
0 0.16317708333333333 0.20171296296296296 0.028125 0.1613888888888889
0 0.9163802083333332 0.522175925925926 0.04151041666666667 0.19787037037037036
0 0.070234375 0.4118981481481482 0.02734375 0.17546296296296296
0 0.5188541666666667 0.45921296296296293 0.0340625 0.18472222222222223
0 0.43028645833333334 0.21828703703703703 0.03244791666666667 0.16305555555555554
0 0.203984375 0.18069444444444446 0.029322916666666664 0.16620370370370371
0 0.525859375 0.14361111111111113 0.033177083333333336 0.16518518518518518
0 0.48703125 0.518287037037037 0.035416666666666666 0.1960185185185185
0 0.9711197916666667 0.5599537037037037 0.03661458333333333 0.19268518518518518
0 0.499765625 0.10074074074074074 0.03348958333333333 0.16018518518518518
0 0.136328125 0.40981481481481485 0.029635416666666668 0.17277777777777778
0 0.28208333333333335 0.17064814814814816 0.0215625 0.1575925925925926
0 0.8241927083333334 0.681574074074074 0.04265625 0.22833333333333333
0 0.12455729166666667 0.20490740740740743 0.028489583333333336 0.15055555555555555
0 0.28044270833333335 0.5598148148148149 0.03536458333333334 0.20722222222222222
0 0.5546354166666667 0.14171296296296299 0.027083333333333334 0.15157407407407406
0 0.459921875 0.5149537037037036 0.04390625 0.20453703703703704
0 0.38807291666666666 0.16722222222222222 0.029270833333333336 0.1574074074074074
0 0.24005208333333333 0.43291666666666667 0.043125 0.19768518518518519
0 0.23270833333333335 0.1250462962962963 0.029166666666666667 0.15601851851851853
0 0.413515625 0.1622222222222222 0.02109375 0.14444444444444443
0 0.5099479166666667 0.9256944444444445 0.036875 0.15046296296296297
0 0.4541145833333334 0.04212962962962963 0.022604166666666665 0.07962962962962963
0 0.254609375 0.9026388888888889 0.053697916666666665 0.1965740740740741
