0 0.37869791666666663 0.24324074074074073 0.040937499999999995 0.10462962962962963
0 0.28440104166666663 0.22777777777777777 0.05171875 0.1764814814814815
0 0.7888541666666667 0.13328703703703704 0.028854166666666667 0.13731481481481483
0 0.38145833333333334 0.07462962962962963 0.029479166666666667 0.14555555555555555
0 0.7363020833333334 0.6381944444444444 0.05520833333333333 0.22657407407407407
0 0.6459375 0.08662037037037036 0.03802083333333333 0.10953703703703703
0 0.9182812499999999 0.5203240740740741 0.0396875 0.19472222222222224
0 0.42994791666666665 0.21981481481481482 0.0328125 0.1627777777777778
0 0.220625 0.4698611111111112 0.045000000000000005 0.22342592592592594
0 0.19932291666666668 0.1801388888888889 0.029270833333333336 0.16842592592592592
0 0.551015625 0.2710648148148148 0.03515625 0.16953703703703704
0 0.07544270833333333 0.6238425925925926 0.04505208333333333 0.23601851851851852
0 0.12395833333333334 0.4448148148148148 0.03510416666666667 0.18425925925925926
0 0.12515625 0.19495370370370368 0.024791666666666667 0.1525
0 0.8560416666666666 0.3132407407407407 0.029791666666666668 0.1761111111111111
0 0.16252604166666668 0.19453703703703704 0.029114583333333333 0.1575925925925926
0 0.4730989583333333 0.2112962962962963 0.03140625 0.16611111111111113
0 0.9615885416666666 0.29824074074074075 0.03338541666666666 0.17444444444444446
0 0.231953125 0.15199074074074076 0.027864583333333335 0.15231481481481482
0 0.251875 0.1386574074074074 0.026041666666666668 0.15842592592592591
0 0.7365364583333334 0.257962962962963 0.02723958333333333 0.16314814814814813
0 0.012682291666666668 0.892175925925926 0.02432291666666667 0.2175
0 0.7565625 0.3031944444444445 0.0259375 0.16694444444444445
0 0.4901041666666667 0.20694444444444443 0.023020833333333334 0.14703703703703705
