0 0.50109375 0.4987037037037037 0.050520833333333334 0.10481481481481482
0 0.44890625 0.47324074074074074 0.02802083333333333 0.07277777777777777
0 0.20617187499999998 0.46263888888888893 0.022864583333333334 0.09731481481481481
0 0.6658854166666667 0.4605555555555556 0.0184375 0.0937037037037037
0 0.576171875 0.5038425925925926 0.019010416666666665 0.10657407407407407
0 0.533984375 0.46092592592592596 0.021927083333333333 0.10185185185185185
0 0.3972916666666667 0.5297222222222222 0.04916666666666667 0.20500000000000002
0 0.25276041666666665 0.4797685185185185 0.019895833333333335 0.09712962962962964
0 0.30994791666666666 0.5651851851851851 0.056666666666666664 0.30444444444444446
0 0.22966145833333332 0.4640277777777778 0.02140625 0.07972222222222222
0 0.5595833333333334 0.4983333333333333 0.0203125 0.1024074074074074
0 0.349921875 0.5447222222222222 0.04994791666666667 0.26722222222222225
0 0.26877604166666663 0.4707407407407408 0.014635416666666668 0.08666666666666666
0 0.5815885416666666 0.46379629629629626 0.020364583333333335 0.09814814814814815
0 0.2774479166666666 0.46819444444444447 0.0165625 0.08157407407407406
