0 0.7783072916666666 0.6398611111111111 0.11046874999999999 0.6237962962962963
0 0.92421875 0.6483333333333334 0.140625 0.6661111111111111
0 0.3357291666666667 0.40388888888888885 0.044375000000000005 0.1688888888888889
0 0.12255208333333334 0.38564814814814813 0.021666666666666667 0.10888888888888888
0 0.22200520833333334 0.3926851851851852 0.02755208333333333 0.12037037037037036
0 0.4526302083333334 0.4003240740740741 0.028489583333333336 0.14027777777777778
0 0.5368229166666667 0.4214351851851852 0.034270833333333334 0.14750000000000002
0 0.6888020833333334 0.4443055555555555 0.0509375 0.27768518518518515
0 0.480546875 0.3999074074074074 0.026406250000000003 0.13092592592592592
0 0.5725781249999999 0.39763888888888893 0.018802083333333334 0.10712962962962963
0 0.259453125 0.39537037037037037 0.020572916666666666 0.10425925925925926
0 0.3686718749999999 0.3738888888888889 0.012552083333333333 0.058333333333333334
0 0.10304687500000001 0.3648148148148148 0.01359375 0.06111111111111111
0 0.430703125 0.38699074074074075 0.01963541666666667 0.05009259259259259
0 0.27270833333333333 0.38546296296296295 0.022395833333333334 0.11666666666666667
0 0.5172916666666667 0.3950462962962963 0.022500000000000003 0.11287037037037037
0 0.3773697916666666 0.37634259259259256 0.012760416666666666 0.055092592592592596
