0 0.652265625 0.08402777777777778 0.032135416666666666 0.11064814814814815
0 0.37828124999999996 0.2440277777777778 0.040937499999999995 0.1050925925925926
0 0.23020833333333332 0.6705555555555556 0.04645833333333334 0.22592592592592592
0 0.12466145833333334 0.19541666666666668 0.02890625 0.15564814814814815
0 0.06643229166666667 0.7126851851851851 0.06036458333333334 0.2348148148148148
0 0.7908072916666666 0.1335185185185185 0.02796875 0.13685185185185186
0 0.38161458333333337 0.07458333333333333 0.028645833333333332 0.14712962962962964
0 0.06968749999999999 0.4105555555555555 0.02625 0.1738888888888889
0 0.9167447916666667 0.5209259259259259 0.04078125 0.19481481481481483
0 0.16473958333333333 0.19680555555555557 0.028958333333333332 0.15916666666666668
0 0.643984375 0.21083333333333332 0.027760416666666666 0.15462962962962962
0 0.734609375 0.6398148148148148 0.054427083333333334 0.22722222222222221
0 0.28479166666666667 0.3952314814814815 0.03989583333333333 0.20027777777777778
0 0.28679687500000006 0.1986111111111111 0.03015625 0.1524074074074074
0 0.19924479166666667 0.18217592592592594 0.02890625 0.16453703703703704
0 0.430546875 0.2200462962962963 0.03078125 0.16083333333333333
0 0.24106770833333335 0.2910185185185185 0.040364583333333336 0.2
0 0.21627604166666667 0.11384259259259259 0.03369791666666667 0.1549074074074074
0 0.6130729166666667 0.21444444444444444 0.03114583333333333 0.17037037037037037
0 0.5494531249999999 0.19875 0.025364583333333336 0.14194444444444446
0 0.48453124999999997 0.22958333333333333 0.036875 0.1736111111111111
0 0.43854166666666666 0.37462962962962965 0.03822916666666667 0.1737037037037037
0 0.13442708333333334 0.5905555555555555 0.03145833333333333 0.19777777777777777
0 0.0190625 0.6676851851851852 0.037083333333333336 0.2137037037037037
0 0.41135416666666663 0.36949074074074073 0.03635416666666667 0.18972222222222224
0 0.5209635416666667 0.9230092592592593 0.03682291666666667 0.15583333333333335
0 0.46458333333333335 0.17995370370370373 0.024479166666666666 0.1462037037037037
0 0.25713541666666667 0.040324074074074075 0.02322916666666667 0.07435185185185185
