0 0.6519270833333334 0.08398148148148149 0.03197916666666666 0.11055555555555556
0 0.378359375 0.2440277777777778 0.040989583333333336 0.10472222222222222
0 0.19890625 0.18106481481481482 0.026875 0.16564814814814816
0 0.12481770833333332 0.1938425925925926 0.029114583333333333 0.1525
0 0.381640625 0.0748148148148148 0.02890625 0.14777777777777779
0 0.06986979166666667 0.4102314814814815 0.026093750000000002 0.1736111111111111
0 0.16455729166666666 0.1975925925925926 0.028802083333333332 0.15814814814814815
0 0.07989583333333332 0.7293055555555555 0.05447916666666666 0.23287037037037037
0 0.7913020833333333 0.13337962962962965 0.027604166666666666 0.1363888888888889
0 0.23130208333333335 0.6536111111111111 0.043541666666666666 0.2275925925925926
0 0.733671875 0.6384722222222222 0.055260416666666666 0.22694444444444445
0 0.916484375 0.5209722222222222 0.04078125 0.19472222222222224
0 0.6391406249999999 0.2061111111111111 0.025052083333333332 0.15074074074074076
0 0.6061979166666666 0.21277777777777776 0.03208333333333333 0.1733333333333333
0 0.48734374999999996 0.22078703703703703 0.03677083333333333 0.17379629629629628
0 0.538828125 0.19620370370370369 0.02578125 0.14407407407407408
0 0.24153645833333334 0.28620370370370374 0.038593749999999996 0.1988888888888889
0 0.282265625 0.40027777777777773 0.039427083333333335 0.19925925925925925
0 0.43031250000000004 0.2198611111111111 0.030729166666666665 0.1575
0 0.13247395833333334 0.5763425925925927 0.031927083333333335 0.1925
0 0.2850520833333334 0.19717592592592592 0.025625000000000002 0.1613888888888889
0 0.037473958333333335 0.6772685185185185 0.055989583333333336 0.22546296296296298
0 0.4409895833333334 0.38430555555555557 0.03916666666666667 0.17916666666666667
0 0.309296875 0.33125 0.03057291666666667 0.16842592592592592
0 0.4561979166666667 0.18041666666666667 0.028333333333333332 0.15694444444444444
0 0.4139322916666667 0.3753703703703704 0.03911458333333333 0.19407407407407407
0 0.5138020833333333 0.9225000000000001 0.03885416666666666 0.15685185185185185
0 0.20856770833333332 0.11953703703703702 0.026302083333333334 0.1598148148148148
