0 0.369375 0.5199537037037036 0.1359375 0.6767592592592593
0 0.5504687500000001 0.4176851851851852 0.0884375 0.4922222222222222
0 0.47067708333333336 0.41740740740740734 0.10125 0.42148148148148146
0 0.6293229166666666 0.4071296296296297 0.0553125 0.27796296296296297
0 0.7830989583333333 0.5194444444444445 0.12380208333333333 0.6516666666666666
0 0.2409635416666667 0.5248611111111111 0.14744791666666668 0.7450925925925926
0 0.7128125 0.37430555555555556 0.013541666666666667 0.08175925925925925
0 0.10296875 0.5012037037037038 0.2015625 0.9994444444444446
0 0.6953645833333333 0.37592592592592594 0.011979166666666667 0.0724074074074074
0 0.6879166666666667 0.3738425925925926 0.010833333333333334 0.07324074074074073
