0 0.6522395833333333 0.0825462962962963 0.03239583333333333 0.10990740740740741
0 0.3784895833333334 0.24365740740740743 0.04114583333333333 0.10527777777777778
0 0.4346875 0.2100925925925926 0.041041666666666664 0.16111111111111112
0 0.573515625 0.05578703703703704 0.031302083333333335 0.10787037037037037
0 0.30700520833333333 0.18819444444444444 0.03046875 0.1613888888888889
0 0.9169270833333333 0.5183333333333333 0.040625 0.19814814814814816
0 0.8470833333333333 0.6552777777777778 0.05375 0.21777777777777776
0 0.7816145833333333 0.12916666666666668 0.03125 0.1448148148148148
0 0.4064583333333333 0.14078703703703704 0.028645833333333332 0.15009259259259258
0 0.1734375 0.2401388888888889 0.03822916666666667 0.1834259259259259
0 0.15994791666666666 0.6663425925925925 0.043125 0.2247222222222222
0 0.7506510416666666 0.09810185185185186 0.028072916666666666 0.14250000000000002
0 0.8791145833333333 0.10069444444444445 0.026875 0.14657407407407408
0 0.20270833333333332 0.3545833333333333 0.0378125 0.16657407407407407
0 0.14617187499999998 0.05662037037037037 0.028593749999999998 0.11138888888888888
0 0.5028385416666666 0.5981018518518519 0.03661458333333333 0.21916666666666665
0 0.138828125 0.19925925925925925 0.027864583333333335 0.15333333333333332
0 0.240390625 0.3485185185185185 0.028177083333333335 0.1837037037037037
0 0.5463020833333334 0.5769444444444445 0.03802083333333333 0.22111111111111112
0 0.26145833333333335 0.2139351851851852 0.03145833333333333 0.16657407407407407
0 0.2688802083333333 0.05222222222222222 0.02484375 0.1025925925925926
0 0.23317708333333334 0.20787037037037037 0.03177083333333333 0.1562962962962963
