0 0.9372395833333333 0.5740740740740741 0.023854166666666666 0.10277777777777777
0 0.908046875 0.6585185185185185 0.04223958333333333 0.1885185185185185
0 0.12104166666666667 0.6105555555555555 0.029583333333333333 0.13537037037037036
0 0.09322916666666667 0.6063425925925926 0.029062499999999998 0.13120370370370368
0 0.711171875 0.5247685185185185 0.015572916666666665 0.06324074074074074
0 0.373984375 0.5197222222222222 0.011093750000000001 0.05740740740740741
0 0.82296875 0.5123148148148148 0.0134375 0.06185185185185185
0 0.2033333333333333 0.5924537037037038 0.023958333333333335 0.10731481481481482
0 0.2345833333333333 0.5845833333333333 0.021875 0.11990740740740741
0 0.33335937499999996 0.5149537037037036 0.010677083333333334 0.057129629629629634
0 0.18205729166666668 0.590462962962963 0.020677083333333336 0.10833333333333334
0 0.891015625 0.5555555555555556 0.020885416666666667 0.09425925925925925
0 0.48385416666666664 0.4866666666666667 0.007083333333333333 0.029444444444444447
0 0.7843229166666668 0.5168518518518518 0.012708333333333332 0.05259259259259259
0 0.6070052083333333 0.48875 0.00921875 0.043055555555555555
0 0.6824479166666666 0.5089814814814815 0.012187499999999999 0.04925925925925926
0 0.6356249999999999 0.5034259259259259 0.012291666666666668 0.046481481481481485
0 0.16390625 0.5850925925925926 0.015625 0.08888888888888889
0 0.6265885416666667 0.49962962962962965 0.010677083333333334 0.04333333333333333
0 0.6167708333333333 0.4940740740740741 0.01 0.04111111111111111
0 0.24822916666666664 0.5651851851851851 0.015520833333333334 0.08574074074074074
0 0.6680208333333334 0.5057870370370371 0.010833333333333334 0.04342592592592592
0 0.7726302083333334 0.5122685185185185 0.01015625 0.04638888888888889
