0 0.6524218749999999 0.08347222222222223 0.032135416666666666 0.10935185185185185
0 0.3785416666666667 0.24324074074074073 0.04135416666666667 0.10518518518518517
0 0.7871874999999999 0.07074074074074074 0.03135416666666667 0.1337037037037037
0 0.8706250000000001 0.058333333333333334 0.029062499999999998 0.11481481481481481
0 0.2125 0.3298148148148148 0.0340625 0.18296296296296297
0 0.43390625 0.21611111111111111 0.03270833333333333 0.15814814814814815
0 0.8801822916666667 0.3206481481481482 0.04182291666666667 0.1864814814814815
0 0.46789062499999995 0.04884259259259259 0.026093750000000002 0.09287037037037037
0 0.30489583333333337 0.1864351851851852 0.02625 0.16231481481481483
0 0.20057291666666668 0.18328703703703703 0.027916666666666666 0.1628703703703704
0 0.1633854166666667 0.19453703703703706 0.0271875 0.15592592592592594
0 0.131484375 0.3440740740740741 0.03359375 0.175
0 0.9166406249999999 0.5181481481481481 0.04203125 0.19666666666666668
0 0.8447916666666667 0.6539351851851852 0.04822916666666666 0.2175
0 0.12578125 0.19925925925925925 0.027916666666666666 0.15203703703703703
0 0.40390625 0.14583333333333334 0.022291666666666664 0.14314814814814814
0 0.25549479166666667 0.18060185185185187 0.025885416666666668 0.15046296296296297
0 0.099296875 0.33125 0.030885416666666665 0.1912037037037037
0 0.982734375 0.3304166666666667 0.03557291666666666 0.16435185185185186
0 0.5824739583333333 0.8897222222222222 0.06515625 0.2224074074074074
0 0.23445312499999998 0.1376388888888889 0.023697916666666666 0.1600925925925926
0 0.6190104166666667 0.8940277777777779 0.0484375 0.2137962962962963
