0 0.8210416666666667 0.5371296296296296 0.11427083333333334 0.6640740740740741
0 0.4649479166666666 0.32736111111111105 0.03833333333333333 0.17009259259259257
0 0.4217708333333333 0.31805555555555554 0.027395833333333335 0.1087037037037037
0 0.5910677083333333 0.32689814814814816 0.03682291666666667 0.15175925925925926
0 0.9436458333333333 0.5405555555555556 0.11375 0.7361111111111112
0 0.09406250000000001 0.32425925925925925 0.024791666666666667 0.12129629629629629
0 0.30140625000000004 0.34254629629629635 0.05697916666666667 0.2150925925925926
0 0.555546875 0.30925925925925923 0.023177083333333334 0.12333333333333332
0 0.4961979166666666 0.31712962962962965 0.024895833333333332 0.12222222222222222
0 0.6183854166666667 0.303287037037037 0.019270833333333334 0.11231481481481481
0 0.18729166666666666 0.3434259259259259 0.030625 0.1575925925925926
0 0.07333333333333333 0.29819444444444443 0.01885416666666667 0.07842592592592593
0 0.3604427083333333 0.29550925925925925 0.012135416666666668 0.056018518518518516
0 0.39934895833333334 0.2969907407407407 0.012239583333333333 0.05842592592592593
0 0.5141145833333334 0.29023148148148153 0.012916666666666667 0.052500000000000005
0 0.35125 0.29388888888888887 0.012291666666666668 0.053518518518518514
0 0.3710677083333333 0.2992592592592592 0.01359375 0.056296296296296296
