0 0.4077604166666667 0.6505092592592592 0.08541666666666667 0.524537037037037
0 0.32221354166666666 0.4986574074074074 0.02984375 0.15287037037037038
0 0.57359375 0.5637037037037037 0.08697916666666666 0.30444444444444446
0 0.2760416666666667 0.47291666666666665 0.017812500000000002 0.10324074074074074
0 0.6329166666666667 0.4631018518518519 0.019479166666666665 0.08953703703703704
0 0.484765625 0.5782407407407407 0.07505208333333332 0.3611111111111111
0 0.22505208333333335 0.48203703703703704 0.026354166666666668 0.09962962962962962
0 0.20463541666666668 0.4619444444444445 0.02375 0.09740740740740741
0 0.24333333333333332 0.4815277777777777 0.0203125 0.0987962962962963
0 0.350546875 0.4638425925925926 0.014114583333333335 0.0699074074074074
0 0.2965885416666667 0.45212962962962966 0.012447916666666666 0.05740740740740741
0 0.31546875 0.4077777777777778 0.010520833333333333 0.03574074074074074
0 0.3060677083333333 0.4169907407407408 0.009947916666666667 0.034722222222222224
0 0.30385416666666665 0.4625925925925926 0.02041666666666667 0.08203703703703703
