0 0.4751041666666667 0.470787037037037 0.0390625 0.15935185185185186
0 0.646484375 0.4573148148148148 0.021822916666666668 0.11296296296296296
0 0.321875 0.42814814814814817 0.0140625 0.06592592592592593
0 0.2517447916666667 0.44749999999999995 0.031614583333333335 0.1224074074074074
0 0.3992447916666667 0.4440277777777778 0.02432291666666667 0.1149074074074074
0 0.8209375 0.6215277777777778 0.09739583333333333 0.6419444444444444
0 0.37322916666666667 0.4472685185185185 0.021770833333333333 0.10898148148148148
0 0.4393489583333334 0.4406481481481482 0.022864583333333334 0.11166666666666666
0 0.280078125 0.4358796296296296 0.018072916666666668 0.08712962962962963
0 0.030703125 0.47773148148148153 0.04453125 0.1849074074074074
0 0.05872395833333333 0.46444444444444444 0.029322916666666664 0.13833333333333334
