0 0.6448437499999999 0.45314814814814813 0.023020833333333334 0.11055555555555556
0 0.27984375000000006 0.4316666666666667 0.020520833333333332 0.08814814814814816
0 0.31859374999999995 0.42277777777777775 0.014479166666666666 0.06833333333333333
0 0.020859375 0.47087962962962965 0.039635416666666666 0.20194444444444443
0 0.39515625000000004 0.4393518518518518 0.025520833333333333 0.11722222222222221
0 0.4663020833333333 0.46625 0.03625 0.15324074074074073
0 0.8688802083333333 0.6449999999999999 0.13630208333333332 0.6905555555555555
0 0.3700260416666667 0.43824074074074076 0.02234375 0.1087037037037037
0 0.4390885416666667 0.43851851851851853 0.02276041666666667 0.115
0 0.24268229166666666 0.44046296296296295 0.03140625 0.09777777777777777
