0 0.03088541666666667 0.38 0.04604166666666667 0.1872222222222222
0 0.5883854166666667 0.38166666666666665 0.034895833333333334 0.14907407407407408
0 0.7796614583333333 0.6049537037037037 0.12421875 0.6515740740740741
0 0.9343229166666666 0.6104166666666667 0.13239583333333332 0.6995370370370371
0 0.16039062499999998 0.34652777777777777 0.02140625 0.10842592592592593
0 0.3701302083333334 0.36629629629629634 0.047343750000000004 0.19074074074074074
0 0.6338020833333334 0.3589351851851852 0.0196875 0.10694444444444444
0 0.5247135416666666 0.3625 0.028697916666666667 0.13722222222222222
0 0.5025260416666667 0.36342592592592593 0.029947916666666668 0.1475925925925926
0 0.42846354166666667 0.3329166666666667 0.01265625 0.05805555555555556
0 0.2946354166666667 0.3487962962962963 0.027083333333333334 0.13592592592592595
0 0.4042447916666667 0.33361111111111114 0.012447916666666666 0.05592592592592593
0 0.1455989583333333 0.3283796296296297 0.014739583333333334 0.06953703703703704
0 0.4833072916666667 0.34314814814814815 0.017552083333333336 0.05240740740740741
0 0.5734635416666667 0.36245370370370367 0.026822916666666665 0.1212037037037037
0 0.6239843749999999 0.3559259259259259 0.01796875 0.09851851851851852
