0 0.6522135416666667 0.08212962962962964 0.032135416666666666 0.11018518518518519
0 0.378515625 0.24328703703703702 0.04140625 0.10527777777777778
0 0.7872395833333333 0.07152777777777777 0.03135416666666667 0.13194444444444445
0 0.43390625 0.2136574074074074 0.03333333333333333 0.16027777777777777
0 0.18294270833333334 0.41509259259259257 0.037031249999999995 0.19370370370370368
0 0.916171875 0.5193518518518518 0.05130208333333333 0.19111111111111112
0 0.262890625 0.18787037037037035 0.025260416666666667 0.16444444444444445
0 0.20026041666666666 0.18546296296296297 0.025729166666666668 0.1525925925925926
0 0.6006250000000001 0.05092592592592592 0.0328125 0.1
0 0.30440104166666665 0.18416666666666665 0.02765625 0.16537037037037036
0 0.8454947916666666 0.6537037037037037 0.05088541666666667 0.21814814814814815
0 0.7925520833333333 0.2323148148148148 0.029791666666666668 0.1622222222222222
0 0.4038020833333334 0.14583333333333334 0.024583333333333336 0.14351851851851852
0 0.865 0.23416666666666666 0.03958333333333333 0.17407407407407408
0 0.7577083333333334 0.9068055555555555 0.051458333333333335 0.18824074074074076
0 0.23580729166666667 0.19101851851851853 0.038802083333333334 0.14925925925925926
0 0.23677083333333335 0.6031018518518518 0.043333333333333335 0.23601851851851852
0 0.227421875 0.07564814814814813 0.02890625 0.1437037037037037
0 0.13388020833333333 0.28662037037037036 0.03234375 0.18898148148148147
0 0.158984375 0.2923611111111111 0.029322916666666664 0.17287037037037037
0 0.7132031249999999 0.917962962962963 0.04255208333333334 0.16592592592592592
0 0.19765625 0.07425925925925926 0.027916666666666666 0.14129629629629628
0 0.1640625 0.19277777777777777 0.025833333333333333 0.1562962962962963
0 0.468359375 0.9316666666666666 0.03598958333333333 0.1385185185185185
0 0.16851562499999997 0.06592592592592593 0.02359375 0.12185185185185185
