0 0.6213281249999999 0.36712962962962964 0.03109375 0.1335185185185185
0 0.37213541666666666 0.3531944444444445 0.021145833333333332 0.10157407407407408
0 0.11203125 0.5275925925925925 0.17666666666666667 0.5835185185185185
0 0.44927083333333334 0.36347222222222225 0.0328125 0.16342592592592592
0 0.4940104166666667 0.36680555555555555 0.026354166666666668 0.14472222222222222
0 0.71796875 0.3993518518518518 0.04833333333333333 0.3094444444444444
0 0.336015625 0.3451388888888889 0.017343749999999998 0.0675
0 0.5447395833333334 0.33921296296296294 0.015104166666666667 0.06231481481481481
0 0.5691666666666666 0.3357407407407408 0.0109375 0.046481481481481485
0 0.3974739583333333 0.33935185185185185 0.012864583333333334 0.05648148148148148
0 0.5133854166666667 0.3659722222222222 0.021875 0.07861111111111112
0 0.5585677083333334 0.3379166666666667 0.011614583333333334 0.04694444444444445
0 0.3827083333333333 0.34615740740740736 0.015520833333333334 0.07805555555555556
