0 0.6524739583333333 0.08268518518518518 0.032135416666666666 0.10981481481481481
0 0.37854166666666667 0.24356481481481482 0.04114583333333333 0.10472222222222222
0 0.7873177083333333 0.07287037037037038 0.03078125 0.13425925925925927
0 0.7842708333333334 0.20550925925925928 0.0278125 0.1613888888888889
0 0.8538541666666667 0.2151388888888889 0.036458333333333336 0.17046296296296296
0 0.7098958333333333 0.8740740740740741 0.04916666666666667 0.2537037037037037
0 0.3065885416666667 0.185 0.02755208333333333 0.1638888888888889
0 0.9171875 0.5189814814814815 0.051770833333333335 0.19574074074074074
0 0.84546875 0.6537962962962963 0.050625 0.21851851851851853
0 0.21851562500000002 0.613287037037037 0.038593749999999996 0.23416666666666666
0 0.17486979166666666 0.45023148148148145 0.03796875 0.19972222222222222
0 0.261171875 0.08763888888888889 0.022864583333333334 0.12675925925925927
0 0.265625 0.21310185185185185 0.0253125 0.17009259259259257
0 0.23619791666666667 0.21453703703703703 0.035 0.15333333333333332
0 0.40382812500000004 0.14606481481481481 0.026197916666666664 0.14435185185185187
0 0.43109374999999994 0.21236111111111114 0.0253125 0.16564814814814816
0 0.20070312499999998 0.18314814814814817 0.025989583333333333 0.16037037037037036
0 0.1482291666666667 0.2758333333333333 0.03177083333333333 0.1824074074074074
0 0.5522916666666667 0.04351851851851852 0.034895833333333334 0.08462962962962964
0 0.22760416666666666 0.09546296296296297 0.029791666666666668 0.14981481481481482
0 0.173984375 0.2804166666666667 0.030260416666666668 0.16657407407407407
0 0.6656510416666667 0.8817592592592592 0.046302083333333334 0.2383333333333333
0 0.13190104166666666 0.20027777777777778 0.02723958333333333 0.15166666666666667
0 0.45335937499999995 0.9300462962962962 0.04328125 0.14175925925925925
