0 0.6524739583333333 0.0837962962962963 0.031927083333333335 0.10981481481481481
0 0.37828124999999996 0.24388888888888888 0.041562499999999995 0.10518518518518517
0 0.8650520833333334 0.08865740740740741 0.03114583333333333 0.15101851851851852
0 0.57671875 0.5028240740740741 0.036145833333333335 0.18231481481481482
0 0.25028645833333335 0.38731481481481483 0.03755208333333333 0.20055555555555554
0 0.16294270833333335 0.19972222222222222 0.028489583333333336 0.1575925925925926
0 0.2015625 0.18324074074074076 0.028333333333333332 0.16518518518518518
0 0.07065104166666666 0.4125 0.02744791666666667 0.17574074074074075
0 0.20622395833333332 0.6015277777777778 0.04692708333333333 0.22824074074074074
0 0.7602604166666665 0.04754629629629629 0.027708333333333335 0.09083333333333332
0 0.249140625 0.16300925925925927 0.03671875 0.18083333333333335
0 0.27807291666666667 0.16032407407407406 0.026041666666666668 0.1547222222222222
0 0.512890625 0.11958333333333333 0.03171875 0.16527777777777777
0 0.314765625 0.6416203703703703 0.053385416666666664 0.23083333333333333
0 0.9160677083333333 0.5210185185185185 0.04088541666666667 0.19833333333333333
0 0.430078125 0.2187037037037037 0.030885416666666665 0.1590740740740741
0 0.12666666666666665 0.20412037037037037 0.030208333333333334 0.14638888888888887
0 0.544921875 0.12625000000000003 0.028802083333333332 0.1539814814814815
0 0.25713541666666667 0.611388888888889 0.035625000000000004 0.21703703703703706
0 0.9333593750000001 0.16578703703703704 0.02984375 0.14916666666666667
0 0.8473437500000001 0.6965277777777777 0.04291666666666667 0.2260185185185185
0 0.9569270833333334 0.5180092592592593 0.033749999999999995 0.20046296296296295
0 0.4473697916666667 0.052731481481481476 0.029114583333333333 0.10287037037037036
0 0.21106770833333333 0.04356481481481482 0.023802083333333335 0.08398148148148149
0 0.12466145833333334 0.36842592592592593 0.02796875 0.16537037037037036
0 0.9622135416666667 0.13999999999999999 0.03276041666666667 0.15388888888888888
0 0.4062760416666667 0.15587962962962962 0.02432291666666667 0.13212962962962962
0 0.4945833333333333 0.5585648148148148 0.03822916666666667 0.19342592592592592
0 0.4646875 0.5558333333333334 0.04458333333333333 0.2151851851851852
0 0.526171875 0.9251388888888888 0.04463541666666667 0.15157407407407406
