0 0.44955729166666664 0.4726851851851852 0.028697916666666667 0.07333333333333333
0 0.6111979166666667 0.6601851851851852 0.10520833333333333 0.5666666666666667
0 0.81015625 0.45662037037037034 0.023958333333333335 0.10546296296296297
0 0.5184635416666666 0.6326851851851851 0.07484375 0.4874074074074074
0 0.2533333333333333 0.5582870370370371 0.09604166666666666 0.3576851851851852
0 0.05721354166666667 0.6001851851851853 0.11296875 0.3811111111111111
0 0.42999999999999994 0.4689814814814815 0.029479166666666667 0.05666666666666667
0 0.33489583333333334 0.4587962962962963 0.014375 0.06685185185185186
0 0.3501822916666667 0.4625462962962963 0.013489583333333333 0.06564814814814815
0 0.4691666666666667 0.4543055555555555 0.01583333333333333 0.06564814814814815
0 0.29770833333333335 0.4538888888888889 0.009895833333333333 0.053518518518518514
0 0.31328125 0.4511574074074074 0.0115625 0.052314814814814814
0 0.2796614583333333 0.45495370370370375 0.010989583333333334 0.060833333333333336
0 0.321953125 0.4513888888888889 0.01421875 0.057962962962962966
