0 0.6140885416666666 0.37037037037037035 0.03171875 0.13425925925925927
0 0.44729166666666664 0.370462962962963 0.03166666666666666 0.16
0 0.362421875 0.3589351851851852 0.02265625 0.10250000000000001
0 0.13002604166666668 0.5111574074074073 0.16359375 0.5486111111111112
0 0.7034374999999999 0.40300925925925923 0.04541666666666667 0.2925
0 0.49174479166666674 0.3687962962962963 0.02546875 0.13666666666666666
0 0.5365625 0.3441666666666667 0.01625 0.06185185185185185
0 0.3329947916666667 0.3465740740740741 0.01796875 0.06314814814814815
0 0.5587760416666666 0.33912037037037035 0.011302083333333332 0.04472222222222222
0 0.39145833333333335 0.34509259259259256 0.014270833333333333 0.057777777777777775
0 0.509453125 0.37736111111111115 0.02203125 0.09620370370370371
0 0.3435677083333334 0.34574074074074074 0.015052083333333332 0.061481481481481484
