0 0.8266927083333333 0.5548611111111111 0.10130208333333333 0.5878703703703704
0 0.3804427083333333 0.3636111111111111 0.02411458333333333 0.13055555555555556
0 0.47372395833333336 0.3809722222222222 0.03630208333333333 0.15416666666666667
0 0.12822916666666667 0.3772222222222222 0.026354166666666668 0.11925925925925927
0 0.94078125 0.5383796296296297 0.11260416666666666 0.5886111111111112
0 0.5640885416666667 0.37125 0.03567708333333333 0.19879629629629628
0 0.2862239583333333 0.36953703703703705 0.039739583333333335 0.15296296296296294
0 0.05169270833333333 0.37430555555555556 0.022239583333333333 0.10064814814814815
0 0.41848958333333336 0.36263888888888884 0.027604166666666666 0.1212037037037037
0 0.219296875 0.3649074074074074 0.022239583333333333 0.11240740740740741
0 0.34791666666666665 0.3533333333333333 0.019791666666666666 0.04981481481481481
0 0.4415104166666666 0.35407407407407404 0.02020833333333333 0.11018518518518519
0 0.49447916666666664 0.35138888888888886 0.0190625 0.10092592592592593
0 0.027161458333333336 0.3566666666666667 0.011510416666666667 0.06592592592592593
0 0.197109375 0.3662037037037037 0.014739583333333334 0.08407407407407406
0 0.3627864583333333 0.35152777777777783 0.018385416666666664 0.06268518518518519
0 0.40484375000000006 0.34708333333333335 0.014166666666666666 0.07453703703703704
