0 0.4086979166666667 0.44305555555555554 0.0240625 0.11388888888888889
0 0.7500520833333334 0.5794907407407407 0.10854166666666668 0.4850925925925926
0 0.6490885416666666 0.4494444444444445 0.021927083333333333 0.10796296296296296
0 0.4947916666666667 0.47050925925925924 0.03677083333333333 0.15638888888888888
0 0.38359375 0.4461111111111111 0.021770833333333333 0.10314814814814816
0 0.4443229166666667 0.4372685185185185 0.021770833333333333 0.10824074074074075
0 0.33098958333333334 0.42916666666666664 0.014791666666666667 0.0674074074074074
0 0.2680208333333333 0.4474074074074074 0.025625000000000002 0.1175925925925926
0 0.038593749999999996 0.4977777777777778 0.04302083333333333 0.19296296296296298
0 0.28403645833333335 0.43925925925925924 0.01942708333333333 0.0824074074074074
0 0.059973958333333334 0.48120370370370374 0.038802083333333334 0.16296296296296298
