0 0.5271614583333333 0.47583333333333333 0.038802083333333334 0.16499999999999998
0 0.08145833333333334 0.5010648148148148 0.040625 0.1887962962962963
0 0.6804427083333333 0.5464351851851853 0.06838541666666667 0.38712962962962966
0 0.34713541666666664 0.43796296296296294 0.01375 0.06481481481481481
0 0.405859375 0.45231481481481484 0.021614583333333333 0.1061111111111111
0 0.431484375 0.4505092592592593 0.02359375 0.11101851851851853
0 0.453125 0.4472685185185185 0.021875 0.10342592592592594
0 0.029921875 0.5543981481481481 0.05880208333333334 0.32935185185185184
0 0.3904947916666667 0.44504629629629633 0.018281250000000002 0.08527777777777777
0 0.22653645833333333 0.4480555555555556 0.01328125 0.06407407407407407
0 0.19908854166666667 0.44657407407407407 0.011822916666666666 0.060740740740740734
0 0.18997395833333333 0.4459722222222222 0.011093750000000001 0.05768518518518518
0 0.18130208333333334 0.447175925925926 0.010208333333333335 0.05620370370370371
0 0.21783854166666666 0.44787037037037036 0.011927083333333333 0.06111111111111111
0 0.41661458333333334 0.45175925925925925 0.017708333333333333 0.10555555555555556
0 0.20729166666666668 0.44703703703703707 0.017083333333333332 0.06444444444444444
