0 0.6523177083333332 0.0835185185185185 0.032135416666666666 0.11259259259259259
0 0.37859375 0.24412037037037035 0.041562499999999995 0.10490740740740741
0 0.7870833333333334 0.07194444444444445 0.0315625 0.13592592592592595
0 0.21934895833333332 0.6085648148148148 0.05692708333333333 0.2312037037037037
0 0.7891927083333333 0.2248611111111111 0.027760416666666666 0.16268518518518518
0 0.264765625 0.20291666666666666 0.024010416666666666 0.16175925925925924
0 0.9161197916666667 0.5199074074074074 0.05109375 0.19518518518518518
0 0.30640625 0.1863425925925926 0.026041666666666668 0.16398148148148148
0 0.4341666666666667 0.2151388888888889 0.030625 0.16101851851851853
0 0.181796875 0.4296759259259259 0.03619791666666667 0.1975
0 0.8620833333333332 0.228287037037037 0.03760416666666667 0.17379629629629628
0 0.8453125 0.6540277777777778 0.050625 0.21601851851851853
0 0.23502604166666666 0.20564814814814814 0.03526041666666667 0.14981481481481482
0 0.20075520833333332 0.1850925925925926 0.02578125 0.1562962962962963
0 0.40359375 0.14680555555555558 0.0259375 0.14527777777777778
0 0.6890625 0.9034259259259259 0.0475 0.195
0 0.5798177083333333 0.048240740740740744 0.04213541666666667 0.09462962962962963
0 0.22523437500000001 0.0862962962962963 0.03057291666666667 0.14981481481481482
0 0.14020833333333332 0.28324074074074074 0.0334375 0.18388888888888888
0 0.7360677083333333 0.8963425925925926 0.05057291666666666 0.20916666666666667
0 0.16739583333333333 0.2861111111111111 0.0309375 0.16333333333333333
0 0.2626041666666667 0.10148148148148148 0.025104166666666667 0.13092592592592592
0 0.4540885416666667 0.9285185185185186 0.03828125 0.1448148148148148
0 0.16958333333333334 0.06333333333333334 0.03260416666666667 0.12481481481481482
0 0.13 0.2051388888888889 0.025 0.1549074074074074
