0 0.10437499999999998 0.35754629629629625 0.058020833333333334 0.2400925925925926
0 0.42067708333333337 0.34208333333333335 0.04708333333333334 0.2175
0 0.6258593749999999 0.3307407407407408 0.03369791666666667 0.1446296296296296
0 0.469140625 0.32055555555555554 0.030989583333333334 0.14407407407407408
0 0.575390625 0.31712962962962965 0.02755208333333333 0.1448148148148148
0 0.9242708333333333 0.5732407407407406 0.13645833333333332 0.7109259259259259
0 0.5060416666666666 0.31999999999999995 0.026354166666666668 0.1225925925925926
0 0.6493229166666666 0.30870370370370376 0.02020833333333333 0.11351851851851852
0 0.025546875 0.3074074074074074 0.01984375 0.09444444444444444
0 0.5369010416666666 0.2922685185185185 0.012760416666666666 0.05453703703703704
0 0.29984375 0.3151851851851852 0.024583333333333336 0.10500000000000001
0 0.3876822916666667 0.29555555555555557 0.010885416666666667 0.06333333333333334
0 0.3982291666666667 0.30722222222222223 0.016770833333333336 0.08666666666666666
