0 0.50125 0.49921296296296297 0.050520833333333334 0.10416666666666667
0 0.4490364583333334 0.47310185185185183 0.02755208333333333 0.07212962962962964
0 0.20591145833333332 0.4620833333333333 0.023072916666666665 0.0975
0 0.6659895833333334 0.46148148148148144 0.018125 0.09333333333333334
0 0.5764062499999999 0.5025 0.01885416666666667 0.10981481481481481
0 0.31398437500000004 0.5649074074074073 0.05723958333333334 0.31148148148148147
0 0.40093750000000006 0.5285185185185186 0.0475 0.2114814814814815
0 0.5587239583333333 0.4986111111111111 0.020781249999999998 0.10462962962962963
0 0.5342447916666667 0.4601851851851852 0.021510416666666664 0.09814814814814815
0 0.25125 0.47953703703703704 0.021354166666666667 0.09203703703703704
0 0.353203125 0.5463425925925925 0.05296875 0.2702777777777778
0 0.23218749999999996 0.4650462962962963 0.019166666666666665 0.08120370370370371
0 0.2719010416666667 0.47375 0.015572916666666665 0.09305555555555556
0 0.2827604166666667 0.4957407407407407 0.021145833333333332 0.12518518518518518
