0 0.6523697916666666 0.08351851851851852 0.033177083333333336 0.11037037037037037
0 0.37828124999999996 0.24379629629629632 0.041562499999999995 0.10388888888888889
0 0.4304427083333333 0.2207407407407407 0.03078125 0.16148148148148148
0 0.8460677083333333 0.07106481481481482 0.029739583333333333 0.13527777777777777
0 0.069765625 0.4128240740740741 0.026927083333333334 0.17712962962962964
0 0.7859895833333332 0.1250925925925926 0.028125 0.14166666666666666
0 0.7394270833333334 0.6389351851851851 0.05697916666666667 0.22712962962962965
0 0.5025260416666667 0.19490740740740742 0.03661458333333333 0.17111111111111113
0 0.12494791666666666 0.19555555555555554 0.029375 0.15888888888888889
0 0.22624999999999998 0.5915277777777778 0.044270833333333336 0.21842592592592594
0 0.6179427083333333 0.1835185185185185 0.027760416666666666 0.15185185185185185
0 0.9165364583333333 0.5211111111111111 0.04078125 0.19462962962962962
0 0.16453125000000002 0.19787037037037036 0.029270833333333336 0.15962962962962962
0 0.38140625 0.0748611111111111 0.028125 0.14787037037037035
0 0.2525 0.259537037037037 0.03979166666666667 0.19462962962962962
0 0.19908854166666667 0.1809259259259259 0.028281249999999997 0.16499999999999998
0 0.131875 0.5341203703703704 0.03239583333333333 0.1912037037037037
0 0.5788541666666666 0.19449074074074074 0.030312500000000003 0.1678703703703704
0 0.2760416666666667 0.435462962962963 0.03791666666666667 0.20796296296296296
0 0.12575520833333334 0.7852777777777777 0.045468749999999995 0.2338888888888889
0 0.46236979166666664 0.40819444444444447 0.04182291666666667 0.17916666666666667
0 0.28296875 0.19370370370370368 0.0275 0.16907407407407407
0 0.08218750000000001 0.6348148148148148 0.04520833333333333 0.23277777777777778
0 0.431328125 0.40444444444444444 0.04359375 0.18981481481481483
0 0.32315104166666664 0.43300925925925926 0.032864583333333336 0.18398148148148147
0 0.5034895833333334 0.9161111111111111 0.03760416666666667 0.16962962962962963
0 0.41473958333333333 0.17550925925925928 0.024895833333333332 0.1534259259259259
0 0.09950520833333333 0.7017129629629629 0.03328125 0.1787962962962963
