0 0.44958333333333333 0.4731944444444445 0.028125 0.07324074074074073
0 0.61265625 0.6589351851851851 0.11125 0.5678703703703704
0 0.2635677083333333 0.5568518518518518 0.10328125 0.3537037037037037
0 0.52375 0.6347222222222222 0.07489583333333334 0.4890740740740741
0 0.067578125 0.5981018518518519 0.10265624999999999 0.3741666666666667
0 0.8164583333333333 0.45555555555555555 0.0240625 0.10537037037037036
0 0.4296614583333333 0.46912037037037035 0.029739583333333333 0.05675925925925926
0 0.33473958333333337 0.4576388888888889 0.0146875 0.06675925925925925
0 0.21 0.480787037037037 0.024374999999999997 0.10583333333333333
0 0.14221354166666667 0.5599537037037037 0.05713541666666667 0.2950925925925926
0 0.3145833333333333 0.45222222222222225 0.010624999999999999 0.05148148148148148
0 0.47036458333333336 0.44773148148148145 0.014270833333333333 0.059537037037037034
0 0.298046875 0.4556481481481482 0.00984375 0.05277777777777778
0 0.34718750000000004 0.4572222222222222 0.011979166666666667 0.0637037037037037
