0 0.6523177083333334 0.08319444444444445 0.03244791666666667 0.1112037037037037
0 0.3784635416666667 0.2439814814814815 0.04151041666666667 0.10500000000000001
0 0.6676822916666667 0.23944444444444446 0.03380208333333334 0.15833333333333333
0 0.21322916666666666 0.3806481481481482 0.03739583333333333 0.18481481481481482
0 0.9013281249999999 0.2589814814814815 0.032864583333333336 0.17055555555555554
0 0.4320833333333333 0.21055555555555555 0.03854166666666667 0.16018518518518518
0 0.2736458333333333 0.3662037037037037 0.035520833333333335 0.1748148148148148
0 0.16419270833333333 0.19569444444444445 0.02734375 0.1550925925925926
0 0.5033072916666667 0.3327777777777778 0.03557291666666666 0.1925925925925926
0 0.9169531249999999 0.5188425925925926 0.04067708333333333 0.19101851851851853
0 0.45656250000000004 0.3335648148148148 0.033749999999999995 0.1787962962962963
0 0.6180208333333332 0.661712962962963 0.04541666666666667 0.23694444444444446
0 0.13648437500000002 0.20490740740740743 0.029739583333333333 0.1512962962962963
0 0.405078125 0.1437962962962963 0.028593749999999998 0.14981481481481482
0 0.17067708333333334 0.38203703703703706 0.036145833333333335 0.19444444444444445
0 0.8472916666666667 0.6565277777777777 0.05375 0.22268518518518518
0 0.90703125 0.7434259259259259 0.04416666666666667 0.2201851851851852
0 0.2969791666666667 0.19393518518518518 0.03291666666666667 0.16305555555555554
0 0.9752083333333332 0.30421296296296296 0.03291666666666667 0.1776851851851852
0 0.21348958333333332 0.5643981481481481 0.034375 0.2121296296296296
0 0.1734375 0.5632870370370371 0.04572916666666667 0.1865740740740741
0 0.23536458333333332 0.2361574074074074 0.030729166666666665 0.15527777777777776
0 0.32109375 0.6189814814814815 0.03958333333333333 0.22462962962962962
0 0.7834895833333333 0.26722222222222225 0.035 0.14555555555555555
0 0.20994791666666668 0.1758796296296296 0.030000000000000002 0.16472222222222221
0 0.2643229166666667 0.24273148148148146 0.03635416666666667 0.18305555555555555
0 0.17153645833333334 0.06180555555555556 0.018593750000000003 0.11990740740740741
0 0.21283854166666666 0.9284722222222223 0.044947916666666664 0.1449074074074074
