0 0.44950520833333335 0.47379629629629627 0.02796875 0.07314814814814814
0 0.3866145833333333 0.46458333333333335 0.021770833333333333 0.09898148148148149
0 0.5307552083333333 0.5151851851851852 0.05296875 0.22296296296296297
0 0.6426822916666667 0.5351851851851852 0.06515625 0.255
0 0.21153645833333332 0.48259259259259263 0.02546875 0.10481481481481482
0 0.429609375 0.46888888888888886 0.028802083333333332 0.05740740740740741
0 0.5797135416666667 0.5138888888888888 0.04953125 0.26185185185185184
0 0.3567708333333333 0.4687037037037037 0.020625 0.09759259259259259
0 0.227734375 0.48277777777777775 0.021927083333333333 0.09425925925925925
0 0.9360156249999999 0.6837037037037038 0.12901041666666666 0.6344444444444445
0 0.2964322916666667 0.46458333333333335 0.016822916666666667 0.07601851851851851
0 0.33992187500000004 0.4677777777777778 0.018177083333333333 0.09833333333333334
0 0.31416666666666665 0.46337962962962964 0.0196875 0.07805555555555556
0 0.4999739583333333 0.49953703703703706 0.039635416666666666 0.10092592592592593
