0 0.501171875 0.4991666666666667 0.05046875 0.1025925925925926
0 0.22901041666666666 0.48162037037037037 0.033125 0.09527777777777778
0 0.6440625000000001 0.4602314814814815 0.021249999999999998 0.09601851851851852
0 0.4467968749999999 0.5393981481481481 0.045885416666666665 0.24416666666666664
0 0.33575520833333333 0.5983796296296297 0.08057291666666666 0.3876851851851852
0 0.5766666666666665 0.5034259259259259 0.019895833333333335 0.10592592592592594
0 0.5323177083333334 0.4581481481481481 0.020052083333333335 0.0961111111111111
0 0.20557291666666666 0.46148148148148144 0.022187500000000002 0.09703703703703703
0 0.38979166666666665 0.5537962962962963 0.05447916666666666 0.30833333333333335
0 0.26330729166666667 0.4826388888888889 0.020781249999999998 0.0987962962962963
0 0.5583333333333333 0.49828703703703703 0.019583333333333335 0.1012037037037037
0 0.2846874999999999 0.4546296296296296 0.015416666666666667 0.06611111111111112
0 0.5853125000000001 0.46861111111111114 0.018125 0.07777777777777778
