0 0.5716927083333334 0.3142592592592593 0.014531249999999999 0.06407407407407407
0 0.463125 0.3386111111111111 0.030833333333333334 0.15185185185185185
0 0.5086458333333334 0.34435185185185185 0.028854166666666667 0.1335185185185185
0 0.3036197916666667 0.3408796296296296 0.026302083333333334 0.1437962962962963
0 0.3380989583333333 0.32351851851851854 0.021718750000000002 0.09962962962962962
0 0.20328125 0.3792592592592593 0.08260416666666666 0.3435185185185185
0 0.392265625 0.31124999999999997 0.016822916666666667 0.07120370370370371
0 0.37265625 0.31296296296296294 0.017083333333333332 0.07407407407407407
0 0.64484375 0.35050925925925924 0.03145833333333333 0.15064814814814814
0 0.6274739583333333 0.35004629629629624 0.026822916666666665 0.1821296296296296
0 0.4921614583333333 0.33458333333333334 0.023072916666666665 0.08564814814814815
0 0.5202864583333333 0.3198611111111111 0.017343749999999998 0.0699074074074074
0 0.5296614583333333 0.31124999999999997 0.017239583333333332 0.059722222222222225
