0 0.2242708333333333 0.4406481481481481 0.11479166666666667 0.41314814814814815
0 0.6402083333333334 0.3888888888888889 0.034687499999999996 0.2238888888888889
0 0.5666406249999999 0.34875 0.018593750000000003 0.06916666666666667
0 0.43434895833333337 0.3771296296296296 0.03276041666666667 0.15166666666666667
0 0.32338541666666665 0.35958333333333337 0.0234375 0.09509259259259259
0 0.490390625 0.3783796296296296 0.032239583333333335 0.14675925925925926
0 0.6084895833333334 0.3764351851851852 0.030729166666666665 0.13712962962962963
0 0.05221354166666667 0.3884722222222222 0.037760416666666664 0.14638888888888887
0 0.46484375 0.3639351851851852 0.022500000000000003 0.06287037037037038
0 0.512421875 0.347962962962963 0.01598958333333333 0.05592592592592593
0 0.3524479166666667 0.3531481481481481 0.0146875 0.06574074074074074
0 0.36627604166666666 0.3540740740740741 0.013489583333333333 0.06259259259259259
0 0.5285416666666667 0.3436574074074074 0.0125 0.043055555555555555
0 0.341796875 0.35152777777777783 0.015156250000000001 0.07287037037037038
