0 0.37835937499999994 0.24319444444444446 0.04119791666666666 0.10527777777777778
0 0.6486979166666667 0.08412037037037036 0.03885416666666666 0.1112037037037037
0 0.22565104166666666 0.45310185185185187 0.046510416666666665 0.2200925925925926
0 0.7370312499999999 0.6383796296296296 0.0546875 0.22694444444444445
0 0.788671875 0.13393518518518518 0.029427083333333333 0.13842592592592592
0 0.3813281250000001 0.07453703703703704 0.029114583333333333 0.14574074074074075
0 0.9169791666666668 0.5202314814814815 0.03979166666666667 0.19583333333333333
0 0.11463541666666668 0.4337962962962963 0.035729166666666666 0.1824074074074074
0 0.12466145833333334 0.19398148148148148 0.025156249999999998 0.15314814814814814
0 0.2752604166666667 0.24208333333333332 0.0465625 0.18287037037037038
0 0.430078125 0.21944444444444444 0.031927083333333335 0.16055555555555556
0 0.075625 0.6234259259259259 0.04416666666666667 0.23222222222222225
0 0.5161458333333333 0.2661574074074074 0.04041666666666666 0.1663888888888889
0 0.19973958333333333 0.1814814814814815 0.028541666666666667 0.16333333333333333
0 0.24752604166666667 0.13180555555555554 0.02734375 0.15842592592592591
0 0.1617708333333333 0.19430555555555554 0.02802083333333333 0.16064814814814815
0 0.5465625 0.23004629629629628 0.04020833333333333 0.16472222222222221
0 0.9758072916666668 0.32120370370370366 0.03557291666666666 0.1774074074074074
0 0.4662239583333333 0.21578703703703705 0.029322916666666664 0.17083333333333334
0 0.017239583333333332 0.8651851851851853 0.03229166666666667 0.22814814814814816
0 0.7200260416666666 0.2508796296296297 0.026406250000000003 0.15305555555555556
0 0.8403385416666667 0.29583333333333334 0.027864583333333335 0.1590740740740741
0 0.4866927083333333 0.22523148148148148 0.02255208333333333 0.1562037037037037
0 0.223125 0.14537037037037037 0.022604166666666665 0.15018518518518517
