0 0.04565104166666667 0.32935185185185184 0.03723958333333333 0.13018518518518518
0 0.609765625 0.3319907407407407 0.032135416666666666 0.1391666666666667
0 0.09796875000000001 0.3259722222222222 0.021666666666666667 0.09453703703703703
0 0.6581770833333334 0.3264351851851852 0.033125 0.12212962962962963
0 0.5160416666666667 0.35055555555555556 0.027708333333333335 0.08944444444444444
0 0.49338541666666663 0.3426851851851852 0.029583333333333333 0.09277777777777778
0 0.4142708333333333 0.33916666666666667 0.03260416666666667 0.16296296296296298
0 0.4589583333333333 0.3417592592592592 0.030104166666666664 0.1448148148148148
0 0.8485677083333333 0.42041666666666666 0.07692708333333333 0.5302777777777778
0 0.07255208333333334 0.3264814814814815 0.021875 0.08759259259259258
0 0.5489583333333333 0.3118981481481481 0.016666666666666666 0.06287037037037038
0 0.3907552083333333 0.32652777777777775 0.023697916666666666 0.09805555555555556
0 0.3279947916666667 0.30921296296296297 0.013802083333333333 0.04916666666666667
0 0.35411458333333334 0.3063888888888889 0.012291666666666668 0.044444444444444446
0 0.5633333333333332 0.30972222222222223 0.013645833333333333 0.054814814814814816
0 0.8033333333333333 0.39916666666666667 0.057187499999999995 0.43166666666666664
0 0.34109375 0.3070833333333334 0.0125 0.04638888888888889
0 0.582421875 0.3093981481481482 0.012760416666666666 0.05064814814814815
0 0.374453125 0.3086111111111111 0.012343749999999999 0.05018518518518519
