0 0.5011458333333333 0.4988425925925926 0.0509375 0.10101851851851851
0 0.4544010416666666 0.5175925925925926 0.04692708333333333 0.2824074074074074
0 0.38416666666666666 0.5438425925925925 0.06260416666666667 0.2823148148148148
0 0.6886458333333334 0.688287037037037 0.16135416666666666 0.6252777777777777
0 0.5573177083333333 0.4589814814814815 0.01963541666666667 0.10148148148148148
0 0.528203125 0.46 0.01932291666666667 0.09537037037037037
0 0.7728906249999999 0.5663888888888889 0.08890624999999999 0.3333333333333333
0 0.23169270833333336 0.6715277777777777 0.20119791666666667 0.6587962962962963
0 0.5748177083333332 0.4925462962962963 0.018593750000000003 0.09694444444444444
0 0.31968749999999996 0.5505555555555556 0.04614583333333333 0.32
0 0.4251302083333333 0.48351851851851857 0.01953125 0.13648148148148148
