0 0.6522395833333333 0.08324074074074074 0.03239583333333333 0.11074074074074074
0 0.37843750000000004 0.24361111111111108 0.04177083333333333 0.10629629629629629
0 0.7869791666666667 0.0711574074074074 0.03114583333333333 0.13435185185185183
0 0.430703125 0.21569444444444444 0.03640625 0.15824074074074074
0 0.21460937500000002 0.30990740740740746 0.03463541666666667 0.18314814814814817
0 0.8745312500000001 0.06476851851851852 0.029895833333333333 0.12768518518518518
0 0.915390625 0.5179166666666667 0.046197916666666665 0.19824074074074075
0 0.9708854166666666 0.31912037037037033 0.0375 0.16601851851851854
0 0.300625 0.1865740740740741 0.026875 0.15703703703703703
0 0.8836197916666666 0.3362037037037037 0.03578125 0.18944444444444444
0 0.16361979166666665 0.19314814814814815 0.02723958333333333 0.16037037037037036
0 0.46791666666666665 0.04976851851851852 0.026979166666666665 0.09768518518518518
0 0.12799479166666666 0.20282407407407407 0.028802083333333332 0.15231481481481482
0 0.404375 0.14527777777777776 0.022916666666666665 0.1446296296296296
0 0.8470833333333333 0.6558333333333333 0.043333333333333335 0.2172222222222222
0 0.12473958333333333 0.3516666666666667 0.033229166666666664 0.17962962962962964
0 0.09304687499999999 0.33625 0.03276041666666667 0.19564814814814815
0 0.24645833333333333 0.19439814814814815 0.026770833333333334 0.1512037037037037
0 0.5684635416666667 0.8746759259259259 0.07026041666666667 0.2525
0 0.200859375 0.18305555555555555 0.02744791666666667 0.16425925925925927
0 0.3985677083333333 0.6580092592592592 0.04453125 0.2337962962962963
0 0.25890625 0.14986111111111114 0.031875 0.16324074074074074
0 0.23203125 0.13439814814814816 0.025 0.15694444444444444
0 0.8322656249999999 0.06439814814814815 0.026927083333333334 0.1223148148148148
0 0.15205729166666665 0.924074074074074 0.04286458333333333 0.1537037037037037
0 0.5457552083333332 0.9321296296296295 0.037760416666666664 0.1375925925925926
0 0.5255208333333333 0.03967592592592593 0.0271875 0.07268518518518519
