0 0.212890625 0.4828240740740741 0.02755208333333333 0.10787037037037037
0 0.44817708333333334 0.47310185185185183 0.02625 0.0723148148148148
0 0.505859375 0.5406944444444445 0.07869791666666666 0.2630555555555556
0 0.40203125000000006 0.5254166666666668 0.05385416666666667 0.24824074074074076
0 0.8692708333333333 0.6746296296296296 0.15031250000000002 0.6525925925925925
0 0.7378385416666666 0.6814351851851852 0.10140624999999999 0.5997222222222223
0 0.34109375 0.46347222222222223 0.018125 0.08249999999999999
0 0.306640625 0.46185185185185185 0.017447916666666667 0.07611111111111112
0 0.622890625 0.4568055555555556 0.01932291666666667 0.08120370370370371
0 0.5849739583333334 0.48300925925925925 0.02890625 0.13824074074074075
0 0.95671875 0.6089814814814816 0.08760416666666666 0.4801851851851852
0 0.55421875 0.5114351851851852 0.03677083333333333 0.2150925925925926
0 0.2883854166666666 0.4627777777777778 0.015520833333333334 0.06999999999999999
0 0.24635416666666668 0.4593518518518519 0.013229166666666665 0.06759259259259259
0 0.35859375 0.46037037037037043 0.0134375 0.07518518518518519
0 0.3683854166666667 0.464537037037037 0.0184375 0.08333333333333333
0 0.22674479166666664 0.4801851851851852 0.025989583333333333 0.09148148148148148
