0 0.16273437500000001 0.5036111111111111 0.14067708333333334 0.4898148148148148
0 0.4411979166666667 0.3791203703703704 0.03125 0.15824074074074074
0 0.4915364583333333 0.37689814814814815 0.029739583333333333 0.1462037037037037
0 0.35078125 0.36717592592592596 0.021249999999999998 0.09731481481481481
0 0.6138541666666666 0.3760648148148148 0.03177083333333333 0.1375
0 0.5297395833333334 0.35259259259259257 0.015625 0.06185185185185185
0 0.6875 0.40249999999999997 0.04302083333333333 0.2783333333333334
0 0.3321614583333333 0.3585185185185185 0.016822916666666667 0.06833333333333333
0 0.38588541666666665 0.35527777777777775 0.012604166666666666 0.0587037037037037
0 0.54328125 0.3460185185185185 0.011666666666666665 0.044259259259259255
0 0.5557552083333334 0.34611111111111115 0.011197916666666667 0.03796296296296296
0 0.378046875 0.361712962962963 0.01484375 0.05935185185185184
0 0.5948958333333334 0.3596296296296297 0.0184375 0.08074074074074074
