0 0.2817447916666667 0.43222222222222223 0.021302083333333333 0.09129629629629629
0 0.6458333333333334 0.4550925925925926 0.022916666666666665 0.11425925925925927
0 0.3902083333333334 0.43921296296296297 0.025 0.11527777777777778
0 0.31760416666666663 0.42407407407407405 0.0140625 0.06925925925925926
0 0.46416666666666667 0.46680555555555553 0.03760416666666667 0.16194444444444445
0 0.3668489583333333 0.43930555555555556 0.023489583333333335 0.11138888888888888
0 0.907734375 0.6468055555555555 0.12265625 0.7082407407407407
0 0.17778645833333334 0.43041666666666667 0.018593750000000003 0.08842592592592592
0 0.439375 0.43782407407407403 0.0234375 0.11416666666666667
0 0.26046874999999997 0.42824074074074076 0.020729166666666667 0.05277777777777778
0 0.27044270833333334 0.42972222222222217 0.020052083333333335 0.06796296296296298
0 0.16184895833333332 0.4285185185185185 0.01265625 0.06759259259259259
