0 0.3513541666666667 0.47291666666666665 0.020729166666666667 0.10953703703703703
0 0.38111979166666665 0.46106481481481487 0.018489583333333334 0.08768518518518519
0 0.8382031249999999 0.6873148148148148 0.11640625 0.6240740740740741
0 0.21169270833333334 0.48217592592592595 0.02578125 0.1063888888888889
0 0.46341145833333336 0.5183333333333333 0.054010416666666665 0.23333333333333334
0 0.5732031250000001 0.539212962962963 0.05223958333333333 0.26046296296296295
0 0.516484375 0.5164814814814814 0.06536458333333334 0.27685185185185185
0 0.310625 0.46097222222222217 0.020104166666666666 0.07898148148148147
0 0.228046875 0.48111111111111116 0.023177083333333334 0.09537037037037037
0 0.6254166666666666 0.46129629629629626 0.027916666666666666 0.10444444444444444
0 0.42932291666666667 0.4687962962962963 0.03114583333333333 0.053148148148148146
0 0.2926041666666667 0.46263888888888893 0.01625 0.07416666666666666
0 0.60109375 0.5192592592592592 0.0378125 0.20851851851851852
0 0.26812500000000006 0.4500925925925926 0.011666666666666665 0.05185185185185185
0 0.24776041666666665 0.4600462962962963 0.015000000000000001 0.06287037037037038
