0 0.652421875 0.0836574074074074 0.03244791666666667 0.11027777777777777
0 0.37846354166666674 0.2434722222222222 0.041093750000000005 0.1050925925925926
0 0.9184895833333333 0.1439814814814815 0.029270833333333336 0.14203703703703704
0 0.8497135416666667 0.06337962962962963 0.028593749999999998 0.12398148148148148
0 0.9165885416666666 0.522175925925926 0.04140625 0.19805555555555557
0 0.9708333333333333 0.5478240740740741 0.035416666666666666 0.19064814814814815
0 0.16330729166666666 0.2013888888888889 0.028072916666666666 0.16037037037037036
0 0.069921875 0.41083333333333333 0.02734375 0.17555555555555555
0 0.2509375 0.1838425925925926 0.03760416666666667 0.18305555555555555
0 0.2570572916666667 0.6465740740740742 0.05078125 0.23259259259259257
0 0.76703125 0.05726851851851852 0.028541666666666667 0.1126851851851852
0 0.123671875 0.20703703703703702 0.03046875 0.15166666666666667
0 0.43041666666666667 0.2215740740740741 0.030729166666666665 0.15888888888888889
0 0.82953125 0.6823148148148148 0.04510416666666666 0.22574074074074074
0 0.530625 0.47046296296296297 0.03291666666666667 0.1814814814814815
0 0.5529166666666666 0.13810185185185184 0.02822916666666667 0.1525
0 0.521484375 0.1361111111111111 0.03338541666666666 0.15962962962962962
0 0.204296875 0.18180555555555558 0.029635416666666668 0.16842592592592592
0 0.2811458333333334 0.16916666666666666 0.02041666666666667 0.1577777777777778
0 0.24552083333333333 0.4266666666666667 0.03822916666666667 0.18944444444444444
0 0.4990104166666667 0.09268518518518518 0.03229166666666667 0.15148148148148147
0 0.4608072916666667 0.5236111111111111 0.04609375 0.2111111111111111
0 0.13361979166666668 0.3995833333333333 0.029427083333333333 0.17287037037037037
0 0.48690104166666665 0.5246296296296297 0.03755208333333333 0.19074074074074074
0 0.3862239583333334 0.16796296296296298 0.03057291666666667 0.15925925925925927
0 0.22947916666666668 0.5582407407407407 0.043333333333333335 0.215
0 0.4116145833333334 0.16037037037037036 0.021041666666666667 0.14240740740740743
0 0.9892708333333332 0.1375 0.022500000000000003 0.15722222222222224
0 0.5148177083333334 0.929675925925926 0.039322916666666666 0.14250000000000002
0 0.4538541666666667 0.043611111111111114 0.025208333333333333 0.08518518518518518
0 0.27859375 0.5702777777777778 0.035 0.22074074074074074
