0 0.47955729166666666 0.37916666666666665 0.09005208333333334 0.48703703703703705
0 0.19880208333333335 0.4140740740740741 0.17375000000000002 0.7103703703703704
0 0.926171875 0.3460648148148148 0.026197916666666664 0.11712962962962963
0 0.39234375 0.38101851851851853 0.09468750000000001 0.43592592592592594
0 0.6023958333333334 0.3860185185185185 0.06635416666666667 0.3690740740740741
0 0.7975 0.34148148148148144 0.0184375 0.0961111111111111
0 0.5540625 0.34240740740740744 0.025208333333333333 0.11537037037037036
0 0.68953125 0.34356481481481477 0.0203125 0.10490740740740741
0 0.9578385416666666 0.3427777777777778 0.020364583333333335 0.10722222222222222
0 0.8869010416666667 0.34717592592592594 0.020468749999999997 0.08861111111111111
0 0.6632291666666666 0.3435648148148148 0.016979166666666667 0.09231481481481482
0 0.6422916666666667 0.3465740740740741 0.015625 0.08648148148148149
0 0.9050260416666667 0.34180555555555553 0.014531249999999999 0.08361111111111111
0 0.7155729166666666 0.34300925925925924 0.012812500000000001 0.0637962962962963
0 0.7028125 0.3400462962962963 0.016979166666666667 0.08083333333333333
