0 0.5010156250000001 0.49907407407407406 0.05078125 0.10277777777777777
0 0.44903645833333333 0.47282407407407406 0.027864583333333335 0.07157407407407407
0 0.2065364583333333 0.4627777777777778 0.02255208333333333 0.09722222222222222
0 0.6656770833333334 0.46087962962962964 0.0184375 0.09305555555555556
0 0.5762760416666667 0.5031018518518519 0.01890625 0.10768518518518519
0 0.3065104166666667 0.5667129629629629 0.06145833333333333 0.3010185185185185
0 0.22906249999999997 0.4627777777777778 0.021770833333333333 0.07907407407407407
0 0.5340885416666666 0.4615740740740741 0.021822916666666668 0.10314814814814816
0 0.3882552083333334 0.5258333333333333 0.04369791666666667 0.20796296296296296
0 0.55921875 0.49851851851851847 0.021041666666666667 0.10537037037037036
0 0.3442447916666667 0.5442592592592592 0.05088541666666667 0.26944444444444443
0 0.255078125 0.47875000000000006 0.017760416666666667 0.09527777777777778
0 0.42932291666666667 0.4687037037037037 0.027083333333333334 0.05555555555555555
0 0.5818489583333334 0.4597222222222222 0.020781249999999998 0.09796296296296296
