0 0.5727604166666667 0.5253703703703704 0.020729166666666667 0.07388888888888889
0 0.8670052083333334 0.6489814814814815 0.038177083333333334 0.19314814814814815
0 0.018229166666666668 0.6057407407407408 0.019375 0.09666666666666668
0 0.09526041666666667 0.6084259259259259 0.01625 0.09944444444444445
0 0.260546875 0.5128703703703704 0.008802083333333332 0.03833333333333333
0 0.5219791666666667 0.49847222222222215 0.013125 0.03805555555555556
0 0.5521354166666667 0.5224074074074074 0.0125 0.06796296296296298
0 0.106875 0.5961574074074074 0.018958333333333334 0.10027777777777777
0 0.6009375 0.5203240740740741 0.0146875 0.07268518518518519
0 0.5434635416666667 0.5139351851851852 0.011927083333333333 0.053425925925925925
