0 0.50109375 0.4998148148148149 0.05072916666666667 0.10222222222222223
0 0.44197916666666665 0.5373148148148148 0.0471875 0.24444444444444444
0 0.2299739583333333 0.48125 0.03244791666666667 0.09453703703703703
0 0.6457291666666667 0.4603703703703704 0.020833333333333332 0.09481481481481482
0 0.3363020833333333 0.5959722222222222 0.07322916666666666 0.3587962962962963
0 0.20552083333333332 0.46208333333333335 0.022291666666666664 0.09787037037037037
0 0.57625 0.5027777777777778 0.019791666666666666 0.10703703703703703
0 0.5326562499999999 0.45912037037037035 0.020104166666666666 0.09564814814814815
0 0.2645052083333333 0.48148148148148145 0.020260416666666666 0.0962962962962963
0 0.5589583333333332 0.49879629629629635 0.019895833333333335 0.10037037037037037
0 0.38494791666666667 0.5488888888888889 0.052187500000000005 0.3061111111111111
0 0.28393229166666667 0.45740740740740743 0.016197916666666666 0.06981481481481482
0 0.24971354166666665 0.47759259259259257 0.014322916666666666 0.08407407407407406
