0 0.40617187499999996 0.5075925925925926 0.03442708333333333 0.19111111111111112
0 0.487578125 0.6287499999999999 0.08942708333333332 0.4550925925925926
0 0.7192447916666667 0.4596296296296296 0.026197916666666664 0.10500000000000001
0 0.27419270833333337 0.47199074074074077 0.018489583333333334 0.10138888888888889
0 0.84921875 0.6110185185185185 0.13020833333333334 0.4142592592592592
0 0.5604947916666667 0.6694444444444444 0.08130208333333333 0.5848148148148148
0 0.6140104166666667 0.4638425925925926 0.025 0.10416666666666667
0 0.34984375 0.46046296296296296 0.0140625 0.06907407407407407
0 0.22466145833333334 0.48435185185185187 0.02432291666666667 0.09666666666666668
0 0.21096354166666667 0.4798611111111111 0.02265625 0.10342592592592594
0 0.30723958333333334 0.45560185185185187 0.013333333333333334 0.05453703703703704
0 0.24127604166666666 0.4727314814814815 0.01578125 0.09231481481481482
0 0.297265625 0.45546296296296296 0.01328125 0.05592592592592593
0 0.2895572916666667 0.4587962962962963 0.014322916666666666 0.06444444444444444
0 0.31888020833333336 0.4517129629629629 0.012864583333333334 0.05212962962962963
0 0.4415104166666667 0.47643518518518513 0.026041666666666668 0.06527777777777778
0 0.25533854166666664 0.46847222222222223 0.01796875 0.0887962962962963
0 0.7774739583333333 0.5286574074074074 0.07536458333333333 0.28305555555555556
