0 0.874921875 0.6101388888888888 0.032135416666666666 0.15861111111111112
0 0.170625 0.5721759259259259 0.026354166666666668 0.12305555555555556
0 0.19611979166666668 0.5751388888888889 0.026614583333333334 0.12046296296296295
0 0.9387239583333333 0.5589814814814814 0.021927083333333333 0.09240740740740741
0 0.27697916666666667 0.5563888888888888 0.022395833333333334 0.09537037037037037
0 0.9012760416666666 0.5372685185185185 0.01942708333333333 0.09527777777777778
0 0.37885416666666666 0.4934259259259259 0.011354166666666667 0.05277777777777778
0 0.7309895833333333 0.5068518518518518 0.0134375 0.058333333333333334
0 0.41750000000000004 0.5006944444444444 0.010624999999999999 0.0537962962962963
0 0.8187239583333332 0.506388888888889 0.01078125 0.049444444444444444
0 0.29864583333333333 0.5502777777777778 0.019583333333333335 0.1024074074074074
0 0.24661458333333333 0.5540740740740742 0.015625 0.07814814814814815
0 0.5307552083333333 0.4712037037037037 0.00859375 0.03314814814814815
0 0.6631250000000001 0.4903703703703704 0.011770833333333335 0.04351851851851852
0 0.6401041666666667 0.4786111111111111 0.009895833333333333 0.039074074074074074
0 0.25708333333333333 0.552962962962963 0.014583333333333334 0.08166666666666667
0 0.7192708333333333 0.49995370370370373 0.012395833333333333 0.047870370370370376
0 0.6564583333333334 0.4864351851851852 0.0109375 0.039907407407407405
0 0.6721875 0.4943518518518518 0.011354166666666667 0.044444444444444446
0 0.8348177083333332 0.503287037037037 0.011302083333333332 0.04842592592592592
0 0.703203125 0.4931018518518518 0.010677083333333334 0.047314814814814816
