0 0.8515364583333332 0.5738888888888889 0.09880208333333333 0.5783333333333334
0 0.3825 0.377962962962963 0.02354166666666667 0.12574074074074076
0 0.28843749999999996 0.3860648148148148 0.03989583333333333 0.15564814814814815
0 0.9496354166666666 0.5606018518518519 0.10177083333333334 0.5973148148148149
0 0.56328125 0.3843518518518519 0.035416666666666666 0.18944444444444444
0 0.4234114583333334 0.3748611111111111 0.025260416666666667 0.12675925925925927
0 0.4781770833333333 0.3913888888888889 0.033125 0.15462962962962962
0 0.13049479166666667 0.39375 0.02723958333333333 0.12250000000000001
0 0.22328125 0.37875000000000003 0.023125 0.1162037037037037
0 0.503671875 0.36361111111111116 0.020468749999999997 0.09462962962962963
0 0.0559375 0.39166666666666666 0.021354166666666667 0.10222222222222223
0 0.3481250000000001 0.36495370370370367 0.02 0.05138888888888889
0 0.7950260416666667 0.38578703703703704 0.032239583333333335 0.15953703703703706
0 0.4446875 0.3644444444444444 0.019479166666666665 0.10537037037037036
0 0.030312500000000003 0.3725462962962963 0.012708333333333332 0.06453703703703705
0 0.3627864583333334 0.36569444444444443 0.018593750000000003 0.05842592592592593
0 0.044296875 0.3800462962962963 0.022447916666666668 0.07564814814814814
