0 0.6523958333333333 0.08402777777777778 0.03208333333333333 0.10972222222222222
0 0.37828124999999996 0.24337962962962964 0.041562499999999995 0.10453703703703704
0 0.24750000000000003 0.3915740740740741 0.03864583333333334 0.19814814814814816
0 0.213671875 0.5882407407407408 0.04473958333333334 0.21703703703703706
0 0.7592708333333333 0.04962962962962963 0.027395833333333335 0.095
0 0.861796875 0.07768518518518519 0.03046875 0.15
0 0.24924479166666666 0.17037037037037037 0.037031249999999995 0.1874074074074074
0 0.12466145833333334 0.20564814814814816 0.03109375 0.14944444444444446
0 0.5466927083333334 0.12990740740740742 0.02890625 0.15407407407407409
0 0.931171875 0.16157407407407406 0.03234375 0.14685185185185184
0 0.5661458333333333 0.4934259259259259 0.034895833333333334 0.18259259259259258
0 0.27914062500000003 0.16064814814814815 0.02432291666666667 0.15222222222222223
0 0.9714583333333333 0.13773148148148148 0.028958333333333332 0.1439814814814815
0 0.9159895833333334 0.5218518518518519 0.041562499999999995 0.19962962962962963
0 0.16330729166666666 0.20027777777777775 0.02796875 0.1575925925925926
0 0.07036458333333333 0.4131481481481482 0.027083333333333334 0.1738888888888889
0 0.51421875 0.12365740740740742 0.03260416666666667 0.16212962962962962
0 0.126640625 0.38 0.028697916666666667 0.1764814814814815
0 0.20289062499999996 0.18481481481481485 0.028281249999999997 0.1590740740740741
0 0.43031250000000004 0.2199537037037037 0.0309375 0.16194444444444445
0 0.448125 0.051250000000000004 0.028125 0.10064814814814815
0 0.9613541666666666 0.5221759259259259 0.03208333333333333 0.19083333333333333
0 0.8426822916666666 0.6945370370370371 0.04328125 0.22814814814814816
0 0.4947135416666667 0.5479166666666667 0.04161458333333334 0.1950925925925926
0 0.30213541666666666 0.6433796296296296 0.050625 0.23342592592592593
0 0.26151041666666663 0.6039351851851852 0.034270833333333334 0.2136111111111111
0 0.40760416666666666 0.1549074074074074 0.0228125 0.13240740740740742
0 0.21018229166666666 0.04273148148148148 0.023489583333333335 0.0799074074074074
0 0.4622395833333333 0.5476388888888889 0.04375 0.21453703703703703
0 0.52125 0.9274074074074075 0.0403125 0.14703703703703705
0 0.4990104166666667 0.07361111111111111 0.030416666666666665 0.1401851851851852
