0 0.4209114583333334 0.37884259259259256 0.022864583333333334 0.12064814814814816
0 0.521171875 0.3998148148148148 0.03671875 0.15722222222222224
0 0.17130208333333333 0.3993055555555556 0.02625 0.12250000000000001
0 0.9264322916666666 0.5755555555555555 0.11380208333333333 0.5661111111111111
0 0.3811458333333333 0.3709259259259259 0.01875 0.048888888888888885
0 0.02348958333333333 0.4426851851851852 0.04510416666666666 0.24055555555555558
0 0.5860677083333333 0.389212962962963 0.03359375 0.17101851851851851
0 0.8239583333333333 0.39375 0.0315625 0.1449074074074074
0 0.1071875 0.38902777777777775 0.020833333333333332 0.09990740740740742
0 0.460859375 0.37907407407407406 0.026406250000000003 0.12722222222222224
0 0.3263802083333333 0.38796296296296295 0.03630208333333333 0.14981481481481482
0 0.2705208333333333 0.3830092592592592 0.0209375 0.10083333333333334
0 0.4823177083333334 0.37064814814814817 0.01765625 0.10333333333333333
0 0.08106770833333334 0.3697685185185185 0.01265625 0.06101851851851852
0 0.2588020833333334 0.38203703703703706 0.016458333333333335 0.08907407407407408
0 0.24645833333333333 0.38037037037037036 0.012708333333333332 0.07592592592592592
0 0.09156249999999999 0.3750925925925926 0.016874999999999998 0.08203703703703703
