0 0.6523177083333334 0.08384259259259261 0.03234375 0.11101851851851853
0 0.3784895833333333 0.24319444444444446 0.04145833333333333 0.10527777777777778
0 0.7870572916666667 0.07162037037037036 0.031510416666666666 0.13342592592592592
0 0.4336458333333333 0.21425925925925923 0.03260416666666667 0.1625925925925926
0 0.8721354166666667 0.0611574074074074 0.029062499999999998 0.12046296296296295
0 0.21401041666666668 0.3241666666666667 0.034479166666666665 0.18129629629629632
0 0.8796354166666666 0.320462962962963 0.042291666666666665 0.18833333333333332
0 0.16390625 0.1937962962962963 0.0275 0.1587037037037037
0 0.9158333333333333 0.5186111111111111 0.043854166666666666 0.19777777777777777
0 0.12984374999999998 0.34305555555555556 0.0334375 0.17685185185185184
0 0.46838541666666667 0.04884259259259259 0.02645833333333333 0.09231481481481482
0 0.3041927083333333 0.18583333333333332 0.026093750000000002 0.16148148148148148
0 0.844453125 0.6529166666666667 0.04838541666666667 0.2173148148148148
0 0.126015625 0.1986111111111111 0.026406250000000003 0.14592592592592593
0 0.252890625 0.18180555555555558 0.02723958333333333 0.14657407407407408
0 0.20067708333333334 0.18356481481481482 0.027604166666666666 0.16342592592592592
0 0.0971875 0.3327777777777778 0.03229166666666667 0.19611111111111112
0 0.4041666666666667 0.14601851851851852 0.022604166666666665 0.14425925925925928
0 0.9798697916666668 0.32560185185185186 0.03453125 0.16305555555555554
0 0.578828125 0.8851388888888888 0.06734375000000001 0.23157407407407407
0 0.23341145833333332 0.13287037037037036 0.02390625 0.15648148148148147
0 0.3865104166666667 0.6469444444444444 0.042708333333333334 0.2388888888888889
0 0.541171875 0.9294907407407408 0.03640625 0.14287037037037037
0 0.6127604166666667 0.8904166666666666 0.04927083333333333 0.2210185185185185
