0 0.6521875 0.08236111111111111 0.0321875 0.10916666666666668
0 0.37838541666666664 0.24388888888888888 0.04135416666666667 0.10537037037037036
0 0.7891927083333333 0.13560185185185183 0.028385416666666666 0.1426851851851852
0 0.27598958333333334 0.2615277777777778 0.04291666666666667 0.1799074074074074
0 0.7365364583333334 0.6375925925925926 0.054114583333333334 0.22685185185185186
0 0.3814583333333334 0.07402777777777778 0.028854166666666667 0.1462037037037037
0 0.23145833333333335 0.42824074074074076 0.042499999999999996 0.2175925925925926
0 0.5400781250000001 0.2508796296296296 0.037760416666666664 0.16564814814814816
0 0.19934895833333333 0.18518518518518517 0.027864583333333335 0.1585185185185185
0 0.9169531250000001 0.5200925925925926 0.039739583333333335 0.195
0 0.07575520833333332 0.6230555555555556 0.04421875 0.23444444444444443
0 0.12346354166666666 0.19555555555555554 0.025364583333333336 0.15018518518518517
0 0.16283854166666664 0.19587962962962965 0.028281249999999997 0.15694444444444444
0 0.022994791666666667 0.8105555555555556 0.03515625 0.2172222222222222
0 0.09315104166666667 0.4240277777777778 0.028802083333333332 0.17324074074074072
0 0.24807291666666667 0.17037037037037037 0.026041666666666668 0.1398148148148148
0 0.45697916666666666 0.2661111111111111 0.04625 0.15703703703703703
0 0.43044270833333337 0.21810185185185185 0.03307291666666667 0.16675925925925925
0 0.7208854166666666 0.2731018518518518 0.022708333333333334 0.15916666666666668
0 0.6936458333333333 0.24388888888888888 0.030208333333333334 0.1562962962962963
0 0.2929947916666667 0.13476851851851854 0.022864583333333334 0.15324074074074073
0 0.214453125 0.11592592592592593 0.02796875 0.15925925925925927
0 0.7809635416666667 0.2856944444444445 0.032864583333333336 0.17972222222222223
0 0.26674479166666665 0.11495370370370371 0.031510416666666666 0.15361111111111111
0 0.9878385416666666 0.35800925925925925 0.025364583333333336 0.1849074074074074
0 0.477265625 0.25212962962962965 0.02984375 0.16166666666666665
0 0.24161458333333333 0.10439814814814814 0.027083333333333334 0.1502777777777778
0 0.13546874999999997 0.1773611111111111 0.02333333333333333 0.15361111111111111
