0 0.3319010416666667 0.40555555555555556 0.04536458333333333 0.1687037037037037
0 0.7879166666666666 0.6260185185185184 0.116875 0.6368518518518518
0 0.116484375 0.3905092592592593 0.021718750000000002 0.10731481481481482
0 0.9243489583333333 0.6185185185185185 0.14348958333333334 0.6687037037037038
0 0.20955729166666667 0.3978240740740741 0.02578125 0.11861111111111111
0 0.4466666666666666 0.3957870370370371 0.027916666666666666 0.1386111111111111
0 0.5275260416666667 0.4175 0.04057291666666667 0.16092592592592594
0 0.2677864583333333 0.38791666666666663 0.025885416666666668 0.12416666666666666
0 0.47302083333333333 0.39805555555555555 0.0271875 0.1288888888888889
0 0.5600260416666667 0.39444444444444443 0.01984375 0.11259259259259259
0 0.6668229166666666 0.4361111111111111 0.046875 0.2638888888888889
0 0.42192708333333334 0.3838888888888889 0.019375 0.04870370370370371
0 0.09666666666666666 0.37199074074074073 0.013645833333333333 0.0625
0 0.253359375 0.3883333333333333 0.018072916666666668 0.10222222222222223
0 0.5105989583333334 0.39708333333333334 0.028072916666666666 0.11990740740740741
0 0.105546875 0.38092592592592595 0.01421875 0.08296296296296296
0 0.3568489583333333 0.3777314814814815 0.014322916666666666 0.06824074074074074
0 0.031276041666666664 0.4387037037037037 0.02255208333333333 0.07444444444444445
0 0.3650260416666667 0.3749537037037037 0.011197916666666667 0.050277777777777775
