0 0.10963541666666667 0.37541666666666673 0.0478125 0.1497222222222222
0 0.5806770833333332 0.3337037037037037 0.016458333333333335 0.065
0 0.465234375 0.3591203703703703 0.031614583333333335 0.1462037037037037
0 0.514453125 0.3635185185185185 0.029010416666666667 0.1398148148148148
0 0.21625000000000003 0.42634259259259266 0.09781250000000001 0.36972222222222223
0 0.14932291666666667 0.3740277777777778 0.03395833333333333 0.14138888888888887
0 0.646875 0.3714814814814815 0.029791666666666668 0.2011111111111111
0 0.3473697916666667 0.34930555555555554 0.021822916666666668 0.09620370370370371
0 0.2877864583333334 0.37421296296296297 0.026406250000000003 0.15287037037037038
0 0.3866927083333333 0.34138888888888885 0.015677083333333335 0.07018518518518518
0 0.48911458333333335 0.35291666666666666 0.022291666666666664 0.07064814814814814
0 0.5430208333333333 0.32999999999999996 0.011250000000000001 0.044259259259259255
0 0.5325000000000001 0.33499999999999996 0.022083333333333333 0.06648148148148147
0 0.3666927083333333 0.3423611111111111 0.037031249999999995 0.07694444444444444
