0 0.6422135416666667 0.5463425925925925 0.01984375 0.10138888888888889
0 0.08377604166666666 0.6159722222222223 0.015572916666666665 0.09194444444444444
0 0.5504947916666667 0.5261574074074075 0.018385416666666664 0.0723148148148148
0 0.5265625 0.5221296296296297 0.014375 0.06333333333333334
0 0.24096354166666664 0.5181481481481481 0.00859375 0.03537037037037037
0 0.49841145833333333 0.5035185185185186 0.012447916666666666 0.04574074074074074
0 0.010546875 0.61375 0.016822916666666667 0.1012037037037037
0 0.0940625 0.6057407407407408 0.017291666666666667 0.09462962962962963
0 0.8306770833333332 0.5708333333333333 0.051666666666666666 0.18037037037037038
0 0.5354687499999999 0.5237037037037037 0.011770833333333335 0.06444444444444444
0 0.6201822916666667 0.5434722222222222 0.016302083333333335 0.11064814814814815
0 0.6868489583333334 0.5274074074074074 0.014531249999999999 0.0787037037037037
