0 0.5175260416666666 0.4000462962962963 0.03661458333333333 0.1587962962962963
0 0.16765624999999998 0.3989351851851852 0.02645833333333333 0.11990740740740741
0 0.9224999999999999 0.5756481481481482 0.11104166666666666 0.5637037037037037
0 0.417734375 0.3792592592592593 0.023072916666666665 0.12277777777777778
0 0.5843489583333333 0.38907407407407407 0.03494791666666666 0.16999999999999998
0 0.45721354166666667 0.37995370370370374 0.026822916666666665 0.1247222222222222
0 0.32513020833333334 0.38773148148148145 0.037135416666666664 0.14935185185185187
0 0.266875 0.3824537037037037 0.021354166666666667 0.10583333333333333
0 0.020338541666666664 0.4454166666666666 0.039635416666666666 0.2326851851851852
0 0.10286458333333333 0.3900462962962963 0.021875 0.10194444444444443
0 0.37796874999999996 0.36976851851851855 0.021145833333333332 0.047870370370370376
0 0.8211197916666666 0.39240740740740737 0.03046875 0.1437037037037037
0 0.0796875 0.37032407407407414 0.012291666666666668 0.061759259259259264
0 0.24674479166666666 0.38143518518518515 0.013697916666666667 0.07972222222222222
0 0.48109375000000004 0.3710648148148148 0.015625 0.1062037037037037
0 0.07125 0.3668518518518518 0.011145833333333332 0.05740740740740741
0 0.08588541666666666 0.3753703703703704 0.012187499999999999 0.0774074074074074
0 0.43947916666666664 0.36777777777777776 0.015625 0.07833333333333332
