0 0.3838020833333333 0.638425925925926 0.09177083333333333 0.49537037037037035
0 0.22510416666666666 0.4821296296296297 0.026770833333333334 0.09833333333333334
0 0.3133333333333333 0.49666666666666665 0.03364583333333333 0.1585185185185185
0 0.4657291666666667 0.5773148148148148 0.08072916666666667 0.3488888888888889
0 0.20515624999999998 0.46148148148148144 0.02333333333333333 0.09851851851851852
0 0.603671875 0.46273148148148147 0.02109375 0.09712962962962964
0 0.2754947916666667 0.47291666666666665 0.018072916666666668 0.10064814814814815
0 0.5304166666666666 0.5663888888888889 0.05677083333333333 0.28814814814814815
0 0.5648697916666666 0.5376851851851853 0.05390625 0.2633333333333333
0 0.624375 0.4605092592592593 0.019270833333333334 0.0913888888888889
0 0.24773437499999998 0.48226851851851854 0.01942708333333333 0.10194444444444443
0 0.3140625 0.4123611111111111 0.012291666666666668 0.04268518518518519
0 0.2916927083333334 0.42629629629629634 0.010260416666666666 0.04277777777777778
0 0.3204427083333333 0.40435185185185185 0.01171875 0.046296296296296294
0 0.29669270833333333 0.4356481481481482 0.01953125 0.08425925925925926
0 0.28401041666666665 0.46879629629629627 0.015104166666666667 0.08685185185185185
