0 0.10463541666666668 0.31203703703703706 0.019791666666666666 0.08462962962962964
0 0.4471614583333334 0.3325 0.030677083333333334 0.15074074074074076
0 0.49747395833333335 0.3353703703703704 0.025989583333333333 0.08499999999999999
0 0.41 0.3288425925925926 0.033749999999999995 0.16527777777777777
0 0.59453125 0.3229629629629629 0.033125 0.1325925925925926
0 0.3696354166666666 0.3199074074074074 0.022187500000000002 0.10629629629629629
0 0.6220572916666668 0.3118518518518519 0.028802083333333332 0.11537037037037036
0 0.77265625 0.3855092592592593 0.06552083333333333 0.41824074074074075
0 0.5262239583333334 0.3006018518518519 0.01578125 0.06638888888888889
0 0.4765625 0.3316203703703704 0.025416666666666664 0.08527777777777777
0 0.5543229166666667 0.2969907407407407 0.013333333333333334 0.05583333333333333
0 0.3149479166666667 0.2959259259259259 0.013645833333333333 0.04777777777777778
0 0.33958333333333335 0.29365740740740737 0.011041666666666667 0.03935185185185185
0 0.058020833333333334 0.4249074074074074 0.04833333333333333 0.3101851851851852
0 0.3076041666666667 0.2967592592592593 0.013645833333333333 0.04925925925925926
