0 0.78140625 0.6299074074074074 0.11302083333333333 0.6098148148148148
0 0.31125 0.4050925925925926 0.036145833333333335 0.15888888888888889
0 0.17653645833333334 0.3954166666666667 0.027864583333333335 0.12212962962962963
0 0.92421875 0.6295833333333334 0.13385416666666666 0.6419444444444444
0 0.08388020833333334 0.3902777777777778 0.021927083333333333 0.10814814814814815
0 0.41815104166666667 0.398287037037037 0.026197916666666664 0.13287037037037036
0 0.503203125 0.41893518518518524 0.03505208333333333 0.1534259259259259
0 0.6250260416666666 0.42986111111111114 0.04401041666666667 0.23435185185185184
0 0.4469791666666667 0.396712962962963 0.027604166666666666 0.13027777777777777
0 0.5286979166666667 0.39125 0.01885416666666667 0.10712962962962963
0 0.24283854166666666 0.3892592592592593 0.023697916666666666 0.12092592592592592
0 0.3948958333333333 0.3885185185185185 0.019583333333333335 0.05074074074074074
0 0.48325520833333335 0.39449074074074075 0.02411458333333333 0.12046296296296295
0 0.06518229166666667 0.37125 0.013802083333333333 0.06731481481481481
0 0.23044270833333333 0.38902777777777775 0.016614583333333332 0.09935185185185184
0 0.3365104166666667 0.37148148148148147 0.012083333333333333 0.05962962962962964
0 0.07244791666666667 0.38083333333333336 0.013333333333333334 0.08925925925925926
0 0.3301041666666667 0.37861111111111106 0.014270833333333333 0.06796296296296298
0 0.055781250000000004 0.3662962962962963 0.012916666666666667 0.06425925925925927
