0 0.6526562499999999 0.08305555555555556 0.03239583333333333 0.10944444444444444
0 0.20036458333333335 0.1799074074074074 0.029270833333333336 0.16814814814814813
0 0.7896354166666667 0.13319444444444448 0.029062499999999998 0.1391666666666667
0 0.06921875000000001 0.4111111111111111 0.025729166666666668 0.1738888888888889
0 0.916875 0.519861111111111 0.04 0.19546296296296295
0 0.1642708333333333 0.19597222222222221 0.028541666666666667 0.15657407407407406
0 0.3813281250000001 0.07435185185185185 0.029114583333333333 0.14685185185185184
0 0.2326302083333333 0.8306018518518519 0.04973958333333333 0.2534259259259259
0 0.5854166666666667 0.20953703703703702 0.029583333333333333 0.1622222222222222
0 0.24078125 0.35935185185185187 0.03958333333333333 0.20574074074074072
0 0.734609375 0.6381481481481482 0.05484375 0.2262962962962963
0 0.378671875 0.24273148148148146 0.040364583333333336 0.10564814814814814
0 0.6437760416666668 0.23962962962962964 0.02411458333333333 0.15185185185185185
0 0.7101302083333333 0.25171296296296297 0.028489583333333336 0.16712962962962963
0 0.488515625 0.2838425925925926 0.039322916666666666 0.17824074074074073
0 0.127265625 0.19490740740740742 0.026197916666666664 0.1527777777777778
0 0.2940364583333333 0.1375 0.026093750000000002 0.1524074074074074
0 0.29148437499999996 0.32430555555555557 0.03671875 0.19175925925925924
0 0.26419270833333336 0.2360648148148148 0.030052083333333333 0.1587962962962963
0 0.07507812500000001 0.700324074074074 0.031510416666666666 0.19990740740740742
0 0.4228385416666666 0.29300925925925925 0.03338541666666666 0.17694444444444443
0 0.20924479166666668 0.06648148148148147 0.02453125 0.13092592592592592
0 0.26401041666666664 0.11490740740740742 0.029166666666666667 0.1488888888888889
0 0.246640625 0.06777777777777778 0.02713541666666667 0.1337037037037037
0 0.44533854166666664 0.29726851851851854 0.029322916666666664 0.16157407407407406
0 0.5867708333333332 0.929074074074074 0.043333333333333335 0.1437037037037037
0 0.313046875 0.3169444444444444 0.02140625 0.15574074074074074
