0 0.109296875 0.36921296296296297 0.03401041666666667 0.14305555555555555
0 0.05182291666666667 0.37569444444444444 0.04958333333333333 0.1612037037037037
0 0.21729166666666666 0.42379629629629634 0.10958333333333334 0.40074074074074073
0 0.5742447916666666 0.3361574074074074 0.016614583333333332 0.0675
0 0.453359375 0.3621759259259259 0.030989583333333334 0.1550925925925926
0 0.5026302083333333 0.3616666666666667 0.028281249999999997 0.1385185185185185
0 0.3367708333333333 0.3486574074074074 0.022187500000000002 0.09638888888888889
0 0.6440364583333333 0.37324074074074076 0.03546875 0.21296296296296297
0 0.370234375 0.3381018518518518 0.016614583333333332 0.06898148148148148
0 0.525390625 0.3315740740740741 0.01359375 0.05277777777777778
0 0.4741666666666667 0.35217592592592595 0.017812500000000002 0.09398148148148149
