0 0.6525520833333334 0.08263888888888889 0.0321875 0.10898148148148148
0 0.3815104166666667 0.07560185185185185 0.029166666666666667 0.14935185185185187
0 0.6337500000000001 0.22314814814814815 0.04416666666666667 0.16055555555555556
0 0.23182291666666668 0.8869907407407407 0.051145833333333335 0.22787037037037036
0 0.7891927083333333 0.13333333333333333 0.028697916666666667 0.13777777777777778
0 0.20013020833333334 0.1813888888888889 0.028802083333333332 0.1648148148148148
0 0.24158854166666666 0.3897222222222222 0.039739583333333335 0.21555555555555556
0 0.0703125 0.4134259259259259 0.025833333333333333 0.1762962962962963
0 0.9168489583333332 0.5205092592592593 0.04015625 0.1963888888888889
0 0.7350260416666666 0.6382407407407407 0.05463541666666667 0.22777777777777777
0 0.5152864583333333 0.27226851851851847 0.03901041666666667 0.17564814814814814
0 0.075625 0.6236111111111111 0.0453125 0.23444444444444443
0 0.28098958333333335 0.2988888888888889 0.036875 0.18296296296296297
0 0.166875 0.19587962962962965 0.028333333333333332 0.15953703703703706
0 0.6771874999999999 0.2588888888888889 0.025104166666666667 0.15574074074074074
0 0.12239583333333333 0.19662037037037036 0.025625000000000002 0.15416666666666667
0 0.032890625 0.7466666666666667 0.03338541666666666 0.21259259259259258
0 0.3861458333333333 0.25037037037037035 0.02802083333333333 0.15166666666666667
0 0.7680208333333334 0.2581481481481482 0.030104166666666664 0.16703703703703704
0 0.440703125 0.2655555555555555 0.030885416666666665 0.1724074074074074
0 0.24171875 0.08018518518518519 0.0265625 0.14666666666666667
0 0.29291666666666666 0.13842592592592592 0.024374999999999997 0.15518518518518518
0 0.20927083333333335 0.08537037037037036 0.026354166666666668 0.15018518518518517
0 0.744375 0.26583333333333337 0.030000000000000002 0.17833333333333332
0 0.4621875 0.27259259259259255 0.028645833333333332 0.1524074074074074
0 0.2669270833333333 0.20273148148148148 0.029583333333333333 0.15175925925925926
0 0.14953125 0.16912037037037037 0.03333333333333333 0.1687962962962963
0 0.266796875 0.10787037037037037 0.03307291666666667 0.14777777777777779
