0 0.36919270833333334 0.5278703703703704 0.06276041666666667 0.2538888888888889
0 0.45369791666666665 0.5419444444444445 0.06541666666666666 0.2627777777777778
0 0.7897395833333333 0.6822222222222222 0.14552083333333332 0.6374074074074074
0 0.30471354166666664 0.459537037037037 0.017760416666666667 0.07462962962962963
0 0.676953125 0.6709722222222222 0.10348958333333333 0.5489814814814815
0 0.5072656249999999 0.514537037037037 0.05484375 0.2237037037037037
0 0.54828125 0.4597685185185185 0.021666666666666667 0.10601851851851851
0 0.8731510416666667 0.5787962962962964 0.08151041666666667 0.3946296296296296
0 0.6253125 0.4584722222222222 0.017604166666666664 0.08361111111111111
0 0.5896354166666667 0.4742592592592593 0.02020833333333333 0.1388888888888889
0 0.57578125 0.4875 0.021666666666666667 0.13185185185185186
0 0.28515625 0.45819444444444446 0.014479166666666666 0.06898148148148148
0 0.247109375 0.46171296296296294 0.013697916666666667 0.07435185185185185
0 0.3349739583333333 0.4593055555555555 0.014322916666666666 0.06509259259259259
0 0.236875 0.46944444444444444 0.015729166666666666 0.08037037037037037
