0 0.40651041666666665 0.6514814814814816 0.08541666666666667 0.5148148148148148
0 0.32117187500000005 0.49824074074074076 0.030677083333333334 0.15425925925925926
0 0.5702864583333334 0.5610185185185185 0.08411458333333334 0.3035185185185185
0 0.27625 0.4724074074074074 0.017708333333333333 0.10092592592592593
0 0.6322395833333334 0.4634722222222222 0.019479166666666665 0.09009259259259259
0 0.4805729166666666 0.5816203703703704 0.07645833333333334 0.36064814814814816
0 0.2046875 0.46217592592592593 0.0234375 0.09731481481481481
0 0.22507812500000002 0.48254629629629625 0.025885416666666668 0.09898148148148149
0 0.24276041666666667 0.48259259259259263 0.021666666666666667 0.09796296296296296
0 0.34877604166666665 0.46305555555555555 0.01359375 0.06907407407407407
0 0.29877604166666666 0.4522222222222222 0.012343749999999999 0.05648148148148148
0 0.3150520833333334 0.4082407407407408 0.010624999999999999 0.0362962962962963
0 0.3409375 0.46328703703703705 0.015625 0.08027777777777778
0 0.30726562500000004 0.4171759259259259 0.010260416666666666 0.03453703703703703
