0 0.3785416666666667 0.24356481481481482 0.04083333333333334 0.1050925925925926
0 0.7886979166666667 0.13328703703703704 0.029270833333333336 0.13731481481481483
0 0.5634895833333332 0.2738425925925926 0.043333333333333335 0.16305555555555554
0 0.28890625000000003 0.22745370370370369 0.054375 0.17675925925925925
0 0.7366406249999999 0.6382870370370369 0.05473958333333333 0.2260185185185185
0 0.3815104166666667 0.07462962962962964 0.029270833333333336 0.1461111111111111
0 0.21963541666666667 0.47379629629629627 0.043437500000000004 0.2175925925925926
0 0.6455468750000001 0.08699074074074074 0.038072916666666665 0.10972222222222222
0 0.9184114583333334 0.5206944444444445 0.039531250000000004 0.1950925925925926
0 0.4303385416666667 0.21861111111111114 0.03171875 0.16148148148148148
0 0.07528645833333333 0.6226851851851852 0.04432291666666666 0.23148148148148148
0 0.19953125 0.1789351851851852 0.02802083333333333 0.16398148148148148
0 0.9573697916666667 0.2897222222222222 0.03380208333333334 0.1648148148148148
0 0.125859375 0.19384259259259262 0.024947916666666667 0.1549074074074074
0 0.16291666666666668 0.19337962962962962 0.028333333333333332 0.16064814814814815
0 0.8602604166666666 0.3188888888888889 0.03197916666666666 0.1675925925925926
0 0.2537760416666667 0.14615740740740743 0.027760416666666666 0.1600925925925926
0 0.12601562500000002 0.44481481481481483 0.032864583333333336 0.17925925925925926
0 0.47250000000000003 0.20439814814814813 0.030416666666666665 0.16564814814814816
0 0.23065104166666667 0.15689814814814815 0.02744791666666667 0.15138888888888888
0 0.7415885416666667 0.2561574074074074 0.02734375 0.16546296296296295
0 0.7609375 0.3039351851851852 0.0253125 0.15935185185185186
0 0.5543229166666667 0.03375 0.025729166666666668 0.06564814814814815
0 0.1421875 0.4309259259259259 0.02666666666666667 0.185
0 0.011484375 0.8960185185185184 0.021927083333333333 0.20981481481481482
0 0.48888020833333334 0.20523148148148146 0.025885416666666668 0.15175925925925926
