0 0.6521614583333334 0.0836574074074074 0.032239583333333335 0.1112037037037037
0 0.3784895833333334 0.2437037037037037 0.04114583333333333 0.10555555555555556
0 0.78953125 0.07111111111111111 0.0309375 0.1361111111111111
0 0.8871875 0.34523148148148153 0.04010416666666667 0.1862037037037037
0 0.2960677083333333 0.18708333333333335 0.030885416666666665 0.16083333333333333
0 0.83859375 0.0686574074074074 0.028541666666666667 0.13027777777777777
0 0.42796875 0.2176851851851852 0.0334375 0.16240740740740742
0 0.21281250000000002 0.29824074074074075 0.033854166666666664 0.17944444444444446
0 0.9175260416666667 0.5183333333333333 0.04234375 0.19814814814814816
0 0.4683333333333333 0.05138888888888889 0.027916666666666666 0.10092592592592593
0 0.12018229166666666 0.3588888888888889 0.03505208333333333 0.17685185185185184
0 0.8776302083333333 0.0687037037037037 0.02744791666666667 0.13444444444444442
0 0.526484375 0.047268518518518515 0.02734375 0.08638888888888889
0 0.9634635416666666 0.3025 0.03619791666666667 0.17074074074074075
0 0.08796874999999998 0.3396296296296296 0.028333333333333332 0.19481481481481483
0 0.12911458333333334 0.20069444444444445 0.030208333333333334 0.15231481481481482
0 0.16398437500000002 0.19222222222222224 0.02734375 0.16092592592592594
0 0.40533854166666666 0.145462962962963 0.024739583333333332 0.1448148148148148
0 0.23572916666666668 0.2062037037037037 0.027395833333333335 0.14629629629629629
0 0.4107291666666667 0.6655555555555556 0.0428125 0.23685185185185187
0 0.8500781249999999 0.6565740740740741 0.03734375 0.22148148148148147
0 0.25854166666666667 0.16458333333333333 0.03333333333333333 0.16453703703703704
0 0.20052083333333334 0.17981481481481482 0.027395833333333335 0.15888888888888889
0 0.14856770833333333 0.9174537037037037 0.04203125 0.16694444444444445
0 0.5598697916666667 0.8468518518518517 0.06171875 0.24296296296296294
0 0.22979166666666667 0.12703703703703703 0.02625 0.1662962962962963
0 0.5943489583333333 0.853287037037037 0.04765625 0.2260185185185185
0 0.5526822916666666 0.9406018518518519 0.03734375 0.12064814814814816
0 0.496484375 0.04675925925925926 0.02328125 0.08518518518518518
