0 0.6520052083333333 0.08282407407407408 0.031822916666666666 0.10972222222222222
0 0.3780989583333333 0.24337962962962958 0.04182291666666667 0.10490740740740741
0 0.4330989583333334 0.20907407407407408 0.038385416666666665 0.16092592592592594
0 0.6467968749999999 0.2124537037037037 0.032864583333333336 0.16083333333333333
0 0.22453125000000002 0.3531018518518519 0.03677083333333333 0.17824074074074073
0 0.27875 0.34300925925925924 0.034375 0.1786111111111111
0 0.16476562499999997 0.19523148148148148 0.02703125 0.1562037037037037
0 0.9613802083333334 0.27342592592592596 0.03557291666666666 0.16944444444444445
0 0.7841666666666668 0.24282407407407408 0.033229166666666664 0.14527777777777778
0 0.134609375 0.20435185185185184 0.028802083333333332 0.15462962962962962
0 0.9172135416666667 0.5205092592592593 0.04192708333333333 0.20287037037037037
0 0.8472395833333334 0.655787037037037 0.0534375 0.2187962962962963
0 0.500859375 0.35537037037037034 0.03546875 0.19333333333333336
0 0.17848958333333334 0.3542592592592593 0.034166666666666665 0.18611111111111112
0 0.8912760416666666 0.23435185185185184 0.03078125 0.16111111111111112
0 0.40546875 0.1427314814814815 0.028854166666666667 0.1489814814814815
0 0.45591145833333335 0.36574074074074076 0.03401041666666667 0.18888888888888888
0 0.17869791666666668 0.5350925925925926 0.045625 0.1875925925925926
0 0.29744791666666665 0.19125 0.03104166666666667 0.15805555555555553
0 0.21619791666666668 0.531712962962963 0.03625 0.20842592592592593
0 0.6320572916666667 0.7031018518518519 0.046302083333333334 0.24194444444444446
0 0.33656250000000004 0.6244907407407407 0.05364583333333333 0.22657407407407407
0 0.20309895833333333 0.9088888888888889 0.046614583333333334 0.18407407407407408
0 0.93140625 0.740787037037037 0.04791666666666667 0.23083333333333333
0 0.17434895833333333 0.06138888888888889 0.02203125 0.11907407407407407
0 0.278125 0.15208333333333332 0.027395833333333335 0.14453703703703702
0 0.24375 0.1410648148148148 0.03208333333333333 0.1587962962962963
0 0.23200520833333332 0.24425925925925926 0.03411458333333333 0.18203703703703702
0 0.209453125 0.23958333333333334 0.02578125 0.1613888888888889
0 0.2140625 0.07310185185185185 0.028125 0.14435185185185187
