0 0.6522395833333333 0.08375 0.03239583333333333 0.11083333333333334
0 0.3785416666666667 0.24333333333333335 0.04125 0.10537037037037036
0 0.787734375 0.0712962962962963 0.030989583333333334 0.13648148148148148
0 0.29838541666666674 0.18675925925925924 0.028854166666666667 0.15518518518518518
0 0.9674479166666666 0.3096759259259259 0.035416666666666666 0.16824074074074072
0 0.21356770833333333 0.30569444444444444 0.03390625 0.18064814814814814
0 0.4297916666666666 0.21689814814814815 0.034687499999999996 0.15916666666666668
0 0.9168229166666667 0.5188425925925926 0.043125 0.1963888888888889
0 0.8860156250000001 0.34208333333333335 0.037760416666666664 0.1887962962962963
0 0.8357552083333334 0.06518518518518518 0.029635416666666668 0.12833333333333333
0 0.8764322916666667 0.06759259259259259 0.027864583333333335 0.13296296296296295
0 0.4685416666666667 0.05078703703703704 0.0271875 0.09972222222222223
0 0.16442708333333333 0.19222222222222224 0.027083333333333334 0.16055555555555556
0 0.121796875 0.35643518518518524 0.033177083333333336 0.17657407407407405
0 0.12825520833333334 0.20180555555555554 0.02984375 0.15194444444444444
0 0.240390625 0.2 0.026927083333333334 0.14092592592592593
0 0.8494010416666666 0.6546759259259259 0.039427083333333335 0.21435185185185185
0 0.40518229166666664 0.1462037037037037 0.023072916666666665 0.1425925925925926
0 0.09091145833333332 0.3368055555555556 0.03015625 0.1975
0 0.2594791666666667 0.1577777777777778 0.03291666666666667 0.16333333333333333
0 0.40395833333333336 0.6612500000000001 0.042395833333333334 0.2350925925925926
0 0.200390625 0.18166666666666664 0.026302083333333334 0.16148148148148148
0 0.5270052083333333 0.04495370370370371 0.026406250000000003 0.08324074074074074
0 0.5630208333333333 0.8625925925925926 0.06208333333333334 0.2537037037037037
0 0.14942708333333335 0.92375 0.04177083333333333 0.15435185185185185
0 0.5983854166666667 0.8632870370370369 0.046875 0.21768518518518518
0 0.230546875 0.12606481481481482 0.02453125 0.1613888888888889
0 0.5489583333333333 0.9338888888888889 0.03947916666666666 0.1340740740740741
