0 0.7771354166666666 0.6290740740740741 0.11802083333333332 0.6505555555555556
0 0.016536458333333334 0.4080092592592593 0.03203125 0.17694444444444443
0 0.35153645833333336 0.3884722222222222 0.046614583333333334 0.1825
0 0.5566927083333333 0.40662037037037035 0.03630208333333333 0.15046296296296297
0 0.9208333333333333 0.6350925925925925 0.13614583333333333 0.6327777777777778
0 0.14158854166666668 0.3705555555555555 0.021614583333333333 0.10518518518518517
0 0.5984635416666666 0.38162037037037033 0.018281250000000002 0.10305555555555555
0 0.49588541666666663 0.39023148148148146 0.027916666666666666 0.1313888888888889
0 0.473984375 0.38930555555555557 0.026927083333333334 0.13583333333333333
0 0.39710937500000004 0.35712962962962963 0.013489583333333333 0.06277777777777778
0 0.24919270833333332 0.3732870370370371 0.025989583333333333 0.11861111111111111
0 0.27265625 0.3772222222222222 0.023125 0.12222222222222222
0 0.125546875 0.34800925925925924 0.014635416666666668 0.06972222222222221
0 0.45244791666666667 0.36722222222222217 0.015625 0.044814814814814814
0 0.11822916666666666 0.3385648148148148 0.0134375 0.0637962962962963
0 0.5186197916666667 0.37324074074074076 0.016510416666666666 0.0811111111111111
