0 0.6111458333333334 0.571388888888889 0.0603125 0.3201851851851852
0 0.45984375 0.656574074074074 0.1415625 0.5411111111111111
0 0.20500000000000002 0.46421296296296294 0.022187500000000002 0.09898148148148149
0 0.3323697916666667 0.5018518518518519 0.02703125 0.16685185185185183
0 0.233984375 0.48300925925925925 0.024010416666666666 0.10287037037037036
0 0.27653645833333335 0.47171296296296295 0.018072916666666668 0.10138888888888889
0 0.557421875 0.5000925925925926 0.021510416666666664 0.09814814814814815
0 0.5760677083333334 0.5016203703703703 0.020989583333333332 0.1063888888888889
0 0.2935416666666667 0.4526851851851852 0.012916666666666667 0.05962962962962964
0 0.3509895833333333 0.4675 0.016041666666666666 0.07462962962962963
0 0.2852083333333333 0.45949074074074076 0.013854166666666667 0.06916666666666667
0 0.24632812500000004 0.47476851851851853 0.01963541666666667 0.10083333333333334
0 0.2587760416666667 0.4685648148148148 0.015885416666666666 0.09898148148148149
