0 0.36080729166666664 0.6237962962962963 0.09640625 0.4583333333333333
0 0.22541666666666668 0.48300925925925925 0.027083333333333334 0.09657407407407408
0 0.43859375 0.5697222222222221 0.057916666666666665 0.33629629629629626
0 0.2740885416666667 0.47199074074074077 0.018802083333333334 0.1000925925925926
0 0.20489583333333333 0.46199074074074076 0.02364583333333333 0.09898148148148149
0 0.576640625 0.5022222222222222 0.020572916666666666 0.10722222222222222
0 0.6108333333333333 0.4632407407407407 0.0203125 0.09148148148148148
0 0.5055468750000001 0.5528240740740741 0.04838541666666667 0.29416666666666663
0 0.24989583333333334 0.484537037037037 0.019791666666666666 0.1
0 0.5381250000000001 0.5306944444444446 0.051041666666666666 0.2575
0 0.31111979166666665 0.49138888888888893 0.02713541666666667 0.13648148148148148
0 0.31145833333333334 0.4123611111111111 0.011458333333333333 0.03657407407407407
0 0.30098958333333337 0.4340277777777778 0.018958333333333334 0.07898148148148147
