0 0.44958333333333333 0.47291666666666665 0.027083333333333334 0.07064814814814814
0 0.38567708333333334 0.4620833333333333 0.021041666666666667 0.09472222222222222
0 0.6231510416666667 0.5368055555555555 0.05286458333333333 0.26046296296296295
0 0.4295572916666667 0.46930555555555553 0.028489583333333336 0.05731481481481481
0 0.5612760416666667 0.5187037037037038 0.06765625 0.2637037037037037
0 0.9184375 0.6892129629629629 0.12916666666666668 0.6234259259259259
0 0.21192708333333332 0.48310185185185184 0.025416666666666664 0.10453703703703704
0 0.22859375 0.48111111111111116 0.023020833333333334 0.0961111111111111
0 0.34393229166666667 0.4706018518518518 0.02015625 0.10305555555555555
0 0.2953385416666667 0.4636574074074074 0.01546875 0.07675925925925926
0 0.5118489583333333 0.51125 0.038177083333333334 0.2225
0 0.3132552083333333 0.46319444444444446 0.021927083333333333 0.07712962962962963
0 0.35601562500000006 0.4649537037037037 0.018697916666666665 0.09490740740740741
0 0.2749739583333333 0.4491666666666667 0.010989583333333334 0.04962962962962963
0 0.26570312500000004 0.4530092592592593 0.011822916666666666 0.05064814814814815
