0 0.2355989583333333 0.5146296296296295 0.05901041666666666 0.23444444444444443
0 0.743671875 0.46958333333333335 0.02265625 0.10527777777777778
0 0.6889583333333335 0.5141666666666667 0.048854166666666664 0.2677777777777778
0 0.5370833333333334 0.46087962962962964 0.024270833333333335 0.11157407407407408
0 0.061875 0.4546759259259259 0.017708333333333333 0.07527777777777778
0 0.5105989583333334 0.4628703703703704 0.02265625 0.1012962962962963
0 0.6534375 0.49041666666666667 0.03729166666666666 0.1673148148148148
0 0.12651041666666665 0.5033796296296296 0.0440625 0.1865740740740741
0 0.16880208333333335 0.507962962962963 0.03333333333333333 0.1638888888888889
0 0.4878124999999999 0.4491666666666667 0.016979166666666667 0.07962962962962963
0 0.342109375 0.45745370370370364 0.011927083333333333 0.06972222222222221
0 0.19856770833333334 0.49907407407407406 0.037031249999999995 0.17537037037037037
0 0.29294270833333336 0.4485648148148148 0.011197916666666667 0.05675925925925926
0 0.30320312499999996 0.44990740740740737 0.010572916666666666 0.058333333333333334
0 0.28375 0.44907407407407407 0.011875 0.05388888888888889
0 0.08057291666666667 0.4425 0.012291666666666668 0.05185185185185185
