0 0.6525260416666666 0.08388888888888889 0.032552083333333336 0.10925925925925926
0 0.5029947916666667 0.07236111111111111 0.030260416666666668 0.14287037037037037
0 0.37838541666666664 0.24356481481481482 0.04135416666666667 0.10564814814814814
0 0.25052083333333336 0.28078703703703706 0.03770833333333334 0.1813888888888889
0 0.2012239583333333 0.1813888888888889 0.029114583333333333 0.1701851851851852
0 0.539140625 0.08009259259259259 0.027760416666666666 0.1448148148148148
0 0.913828125 0.5196296296296297 0.047343750000000004 0.19574074074074074
0 0.9219010416666668 0.22287037037037039 0.03244791666666667 0.16
0 0.07359375 0.41148148148148145 0.02875 0.17722222222222223
0 0.15377604166666667 0.7367592592592592 0.05015625 0.2311111111111111
0 0.7648697916666667 0.6064351851851852 0.04526041666666667 0.1986111111111111
0 0.15075520833333336 0.2890277777777778 0.028489583333333336 0.16157407407407406
0 0.28703125 0.1497222222222222 0.029166666666666667 0.1585185185185185
0 0.466171875 0.06532407407407408 0.029114583333333333 0.12787037037037036
0 0.8265885416666666 0.6793981481481481 0.03911458333333333 0.2260185185185185
0 0.492421875 0.6677314814814814 0.05776041666666667 0.22194444444444444
0 0.42986979166666667 0.21902777777777777 0.02411458333333333 0.15805555555555553
0 0.16320312499999998 0.1963425925925926 0.028281249999999997 0.15546296296296297
0 0.9748697916666667 0.45578703703703705 0.04380208333333333 0.19083333333333333
0 0.8818229166666666 0.42370370370370375 0.033854166666666664 0.18222222222222223
0 0.19786458333333334 0.7539351851851852 0.038125 0.23194444444444445
0 0.12997395833333333 0.20175925925925925 0.03057291666666667 0.14777777777777779
0 0.438515625 0.6512962962962964 0.04578125 0.23185185185185186
0 0.4061979166666667 0.1574074074074074 0.0278125 0.13999999999999999
0 0.8000260416666667 0.05097222222222222 0.028385416666666666 0.1000925925925926
0 0.5301302083333334 0.6775 0.04473958333333334 0.21074074074074073
0 0.22971354166666663 0.07300925925925926 0.023072916666666665 0.14416666666666667
0 0.2507552083333333 0.1262962962962963 0.037031249999999995 0.1827777777777778
0 0.5564583333333333 0.9273611111111112 0.043541666666666666 0.14712962962962964
0 0.3851822916666667 0.16351851851851854 0.026510416666666665 0.15444444444444447
0 0.23619791666666667 0.1986574074074074 0.025 0.14601851851851852
0 0.90578125 0.1462037037037037 0.03104166666666667 0.18481481481481482
0 0.202734375 0.07138888888888888 0.028177083333333335 0.12462962962962962
