0 0.6524479166666667 0.08226851851851852 0.03229166666666667 0.11027777777777777
0 0.3784635416666667 0.24314814814814817 0.04088541666666667 0.10555555555555556
0 0.3005989583333334 0.18782407407407406 0.03432291666666667 0.16342592592592592
0 0.4240364583333333 0.20666666666666667 0.032864583333333336 0.16296296296296298
0 0.9168489583333332 0.5177777777777778 0.04119791666666666 0.19814814814814816
0 0.8462239583333333 0.654537037037037 0.05182291666666667 0.2174074074074074
0 0.177578125 0.5400925925925926 0.04026041666666667 0.20981481481481482
0 0.7727083333333333 0.15449074074074073 0.027916666666666666 0.15601851851851853
0 0.15625 0.25601851851851853 0.029166666666666667 0.18129629629629632
0 0.2516145833333333 0.2664814814814815 0.028333333333333332 0.17537037037037037
0 0.18643229166666667 0.26212962962962966 0.029322916666666664 0.16555555555555557
0 0.225078125 0.27569444444444446 0.03463541666666667 0.1637962962962963
0 0.8383333333333334 0.15976851851851853 0.033749999999999995 0.1650925925925926
0 0.79375 0.08412037037037036 0.03114583333333333 0.1350925925925926
0 0.2543229166666667 0.13833333333333334 0.030312500000000003 0.1577777777777778
0 0.4047916666666667 0.14495370370370372 0.026041666666666668 0.1439814814814815
0 0.14690104166666668 0.05782407407407407 0.026510416666666665 0.11305555555555555
0 0.58421875 0.7475925925925927 0.042395833333333334 0.2383333333333333
0 0.29104166666666664 0.6407870370370371 0.042604166666666665 0.23416666666666666
0 0.13536458333333334 0.2013888888888889 0.025625000000000002 0.15148148148148147
0 0.6217708333333333 0.7334722222222223 0.049791666666666665 0.24527777777777776
0 0.2248177083333333 0.13930555555555554 0.029322916666666664 0.1539814814814815
0 0.201015625 0.18175925925925926 0.02713541666666667 0.15814814814814815
