0 0.386796875 0.37972222222222224 0.023072916666666665 0.12407407407407407
0 0.48317708333333337 0.40166666666666667 0.036458333333333336 0.1598148148148148
0 0.8730208333333334 0.5675925925925925 0.10020833333333333 0.5859259259259259
0 0.2954947916666667 0.3910648148148148 0.039322916666666666 0.1526851851851852
0 0.562890625 0.3871759259259259 0.03401041666666667 0.18472222222222223
0 0.4317447916666667 0.37907407407407406 0.026510416666666665 0.12537037037037038
0 0.35049479166666664 0.3716203703703704 0.020364583333333335 0.04675925925925926
0 0.79546875 0.39435185185185184 0.03135416666666667 0.14555555555555555
0 0.13447916666666665 0.4068981481481481 0.027083333333333334 0.11953703703703702
0 0.23088541666666668 0.3900462962962963 0.021354166666666667 0.10972222222222222
0 0.06799479166666668 0.3978703703703704 0.02015625 0.10333333333333333
0 0.9595052083333333 0.5524074074074075 0.08203125 0.595925925925926
0 0.21236979166666667 0.3872685185185185 0.015572916666666665 0.08324074074074074
0 0.5063020833333334 0.37328703703703703 0.019791666666666666 0.0925
0 0.038072916666666665 0.3815277777777778 0.013125 0.07027777777777779
0 0.44809895833333335 0.3686574074074074 0.017864583333333333 0.10453703703703704
0 0.40182291666666664 0.3607407407407407 0.016041666666666666 0.0812962962962963
0 0.04497395833333333 0.384212962962963 0.012864583333333334 0.07435185185185185
