0 0.6522395833333333 0.08125 0.03177083333333333 0.1075
0 0.37828125 0.24388888888888893 0.04177083333333333 0.10481481481481482
0 0.7890104166666666 0.13550925925925925 0.02875 0.1423148148148148
0 0.27627604166666664 0.2596296296296296 0.04432291666666666 0.18185185185185185
0 0.23065104166666664 0.4287037037037037 0.04286458333333333 0.2159259259259259
0 0.7364843750000001 0.6379166666666667 0.054322916666666665 0.2273148148148148
0 0.381640625 0.07425925925925926 0.028697916666666667 0.14666666666666667
0 0.91671875 0.5200925925925927 0.0403125 0.19481481481481483
0 0.5410416666666666 0.2480092592592593 0.03760416666666667 0.1649074074074074
0 0.24622395833333333 0.1713425925925926 0.028489583333333336 0.14157407407407407
0 0.19934895833333333 0.18532407407407409 0.02796875 0.15916666666666668
0 0.07549479166666666 0.6231944444444444 0.04401041666666667 0.23453703703703704
0 0.12361979166666666 0.19611111111111112 0.02578125 0.1525925925925926
0 0.43052083333333335 0.2209722222222222 0.03302083333333333 0.17212962962962963
0 0.022890624999999998 0.816574074074074 0.03494791666666666 0.21407407407407406
0 0.16239583333333335 0.19541666666666668 0.02822916666666667 0.15694444444444444
0 0.09513020833333334 0.42333333333333334 0.030885416666666665 0.17777777777777778
0 0.6967708333333335 0.24212962962962964 0.03114583333333333 0.15537037037037038
0 0.46197916666666666 0.2629166666666667 0.04145833333333333 0.16324074074074074
0 0.215 0.11689814814814815 0.028854166666666667 0.15694444444444444
0 0.7231249999999999 0.27435185185185185 0.021666666666666667 0.1587037037037037
0 0.2930729166666667 0.1350462962962963 0.022916666666666665 0.15435185185185185
0 0.7826562499999999 0.2886574074074074 0.03135416666666667 0.1786111111111111
0 0.26729166666666665 0.11467592592592592 0.030000000000000002 0.14953703703703702
0 0.9871614583333334 0.3547685185185185 0.02671875 0.18694444444444444
0 0.47919270833333333 0.2536574074074074 0.026093750000000002 0.16064814814814815
0 0.13838541666666665 0.16939814814814813 0.024791666666666667 0.16527777777777777
