0 0.652421875 0.08407407407407406 0.031927083333333335 0.11092592592592593
0 0.3784114583333333 0.24356481481481482 0.04078125 0.10416666666666667
0 0.8590625 0.07013888888888889 0.035520833333333335 0.13842592592592592
0 0.7639322916666667 0.053703703703703705 0.026614583333333334 0.10277777777777777
0 0.9256510416666667 0.14824074074074073 0.03057291666666667 0.14222222222222222
0 0.5442447916666667 0.4790277777777778 0.03630208333333333 0.18324074074074076
0 0.551953125 0.13476851851851854 0.028281249999999997 0.15824074074074074
0 0.24432291666666667 0.4078703703703704 0.041666666666666664 0.1974074074074074
0 0.2794010416666667 0.6482407407407408 0.05036458333333334 0.22444444444444445
0 0.16429687500000004 0.20148148148148148 0.029010416666666667 0.1590740740740741
0 0.9678645833333334 0.5387037037037037 0.0359375 0.1922222222222222
0 0.9161979166666667 0.5216203703703703 0.04052083333333333 0.19898148148148148
0 0.07080729166666667 0.4126388888888889 0.02765625 0.17527777777777778
0 0.12294270833333334 0.20333333333333334 0.030885416666666665 0.15092592592592594
0 0.2504427083333333 0.17509259259259258 0.03661458333333333 0.18981481481481483
0 0.5194791666666666 0.1313425925925926 0.03291666666666667 0.16342592592592592
0 0.203984375 0.18185185185185185 0.028593749999999998 0.16611111111111113
0 0.8340625 0.6873611111111111 0.04833333333333333 0.22564814814814813
0 0.1313541666666667 0.3925925925925926 0.030000000000000002 0.1725925925925926
0 0.43083333333333335 0.22027777777777777 0.030729166666666665 0.15888888888888889
0 0.22414062499999998 0.5719907407407407 0.04421875 0.21453703703703703
0 0.49716145833333336 0.08537037037037037 0.032656250000000005 0.14944444444444446
0 0.27953125 0.16300925925925927 0.021979166666666668 0.15527777777777776
0 0.9826562499999999 0.13060185185185186 0.029270833333333336 0.15231481481481482
0 0.49000000000000005 0.5376851851851853 0.03927083333333334 0.19277777777777777
0 0.45171875 0.04666666666666667 0.0259375 0.09092592592592592
0 0.46127604166666664 0.5319907407407408 0.04432291666666666 0.21194444444444446
0 0.40947916666666667 0.1574537037037037 0.022604166666666665 0.14435185185185187
0 0.517109375 0.9305092592592592 0.04192708333333333 0.14083333333333334
0 0.3831770833333333 0.16365740740740742 0.029062499999999998 0.1600925925925926
