0 0.6524739583333333 0.0836574074074074 0.032135416666666666 0.11064814814814815
0 0.3784374999999999 0.2437037037037037 0.040937499999999995 0.10481481481481482
0 0.9223437499999999 0.14606481481481481 0.030520833333333334 0.1399074074074074
0 0.8552604166666667 0.06592592592592593 0.03354166666666667 0.13
0 0.7655729166666667 0.053425925925925925 0.026770833333333334 0.10500000000000001
0 0.16411458333333334 0.20074074074074072 0.0284375 0.1612962962962963
0 0.25059895833333334 0.17675925925925925 0.037031249999999995 0.18796296296296297
0 0.5524739583333333 0.13518518518518519 0.028593749999999998 0.15574074074074074
0 0.24518229166666666 0.4156944444444444 0.038177083333333334 0.19768518518518519
0 0.12330729166666667 0.20375 0.030260416666666668 0.15157407407407406
0 0.07041666666666666 0.4112962962962963 0.027291666666666665 0.17518518518518517
0 0.5404947916666667 0.4741203703703703 0.03328125 0.18064814814814814
0 0.20411458333333332 0.18208333333333335 0.028541666666666667 0.16657407407407407
0 0.9159635416666667 0.521712962962963 0.041093750000000005 0.19712962962962963
0 0.5198958333333333 0.1337962962962963 0.03302083333333333 0.16518518518518518
0 0.8339322916666667 0.6853703703703704 0.04921875 0.22796296296296295
0 0.13265625 0.3970833333333333 0.029791666666666668 0.17583333333333334
0 0.4303645833333334 0.22078703703703703 0.030833333333333334 0.15712962962962962
0 0.9694791666666667 0.5431944444444444 0.0359375 0.19712962962962963
0 0.272734375 0.6479166666666667 0.04671875 0.22749999999999998
0 0.45234375 0.04537037037037037 0.025833333333333333 0.08888888888888889
0 0.28049479166666663 0.16634259259259257 0.020052083333333335 0.15564814814814815
0 0.22614583333333332 0.5666203703703704 0.04458333333333333 0.21435185185185185
0 0.489453125 0.5326851851851853 0.038697916666666665 0.19111111111111112
0 0.4607291666666667 0.5269907407407407 0.043229166666666666 0.2112037037037037
0 0.4974739583333333 0.09078703703703704 0.032135416666666666 0.14953703703703702
0 0.4099739583333334 0.15921296296296295 0.021302083333333333 0.14027777777777778
0 0.385078125 0.16583333333333336 0.03109375 0.16148148148148148
0 0.9865104166666667 0.13546296296296298 0.02802083333333333 0.15203703703703703
0 0.5169270833333334 0.9308333333333334 0.0403125 0.1401851851851852
