0 0.6526302083333333 0.08236111111111111 0.032656250000000005 0.1100925925925926
0 0.3782552083333333 0.24333333333333335 0.04151041666666667 0.10666666666666667
0 0.8862500000000001 0.14675925925925926 0.0384375 0.16592592592592592
0 0.5076041666666666 0.09032407407407407 0.030520833333333334 0.15453703703703706
0 0.20114583333333333 0.1837962962962963 0.028125 0.16240740740740742
0 0.9160416666666666 0.5192129629629629 0.040937499999999995 0.1950925925925926
0 0.256484375 0.32208333333333333 0.04140625 0.18564814814814815
0 0.07119791666666667 0.410462962962963 0.027291666666666665 0.17462962962962963
0 0.3004947916666667 0.1437037037037037 0.029010416666666667 0.1527777777777778
0 0.4494270833333333 0.06189814814814814 0.02666666666666667 0.12194444444444444
0 0.539140625 0.09986111111111111 0.028593749999999998 0.1497222222222222
0 0.9346354166666667 0.2011574074074074 0.02875 0.15157407407407406
0 0.6685416666666666 0.5636111111111112 0.044895833333333336 0.1874074074074074
0 0.849375 0.6836574074074074 0.050625 0.22490740740740742
0 0.16343749999999999 0.1960648148148148 0.028541666666666667 0.1534259259259259
0 0.22450520833333334 0.6893981481481481 0.03890625 0.2199074074074074
0 0.17411458333333335 0.6728240740740741 0.04864583333333334 0.23361111111111113
0 0.12544270833333332 0.3224074074074074 0.027864583333333335 0.1675925925925926
0 0.47544270833333335 0.6162037037037037 0.054114583333333334 0.22685185185185186
0 0.4301302083333333 0.21847222222222223 0.028802083333333332 0.16046296296296297
0 0.13338541666666667 0.20472222222222222 0.0375 0.14722222222222223
0 0.39807291666666667 0.6302314814814816 0.041562499999999995 0.22490740740740742
0 0.20424479166666665 0.05611111111111111 0.03515625 0.11037037037037037
0 0.23591145833333332 0.17657407407407405 0.027760416666666666 0.15425925925925926
0 0.9658333333333332 0.1499074074074074 0.0396875 0.1685185185185185
0 0.38703125 0.05893518518518518 0.02625 0.11601851851851852
0 0.25692708333333336 0.14810185185185185 0.034479166666666665 0.18101851851851852
0 0.50984375 0.6214351851851853 0.041562499999999995 0.20546296296296296
0 0.232578125 0.05731481481481481 0.023177083333333334 0.11277777777777777
0 0.3875 0.16462962962962965 0.03291666666666667 0.1635185185185185
0 0.40393229166666667 0.1556944444444444 0.02421875 0.14916666666666667
0 0.4891666666666667 0.052731481481481476 0.019479166666666665 0.08712962962962963
0 0.534375 0.9310648148148148 0.04135416666666667 0.13972222222222222
