0 0.6525 0.08333333333333333 0.03260416666666667 0.10944444444444444
0 0.565859375 0.20671296296296296 0.04473958333333334 0.16268518518518518
0 0.20018229166666668 0.18037037037037038 0.029010416666666667 0.16777777777777778
0 0.789375 0.1335185185185185 0.029062499999999998 0.13925925925925928
0 0.3813541666666667 0.07416666666666666 0.029270833333333336 0.14648148148148146
0 0.22880208333333335 0.8074999999999999 0.052187500000000005 0.2494444444444444
0 0.9168489583333332 0.5206481481481482 0.040364583333333336 0.19481481481481483
0 0.16408854166666667 0.19569444444444448 0.028489583333333336 0.1549074074074074
0 0.23958333333333334 0.3497222222222222 0.039375 0.20777777777777778
0 0.2933854166666666 0.1363888888888889 0.02645833333333333 0.15518518518518518
0 0.3782552083333333 0.24532407407407406 0.04192708333333333 0.10768518518518519
0 0.7349739583333333 0.638611111111111 0.05463541666666667 0.22648148148148148
0 0.06963541666666666 0.4128240740740741 0.025 0.16953703703703704
0 0.47692708333333333 0.28199074074074076 0.0403125 0.17675925925925925
0 0.63265625 0.23296296296296296 0.026875 0.1525925925925926
0 0.127734375 0.19444444444444445 0.026822916666666665 0.15074074074074076
0 0.6972916666666668 0.24592592592592594 0.0275 0.16240740740740742
0 0.265078125 0.2513425925925926 0.031927083333333335 0.16324074074074074
0 0.43794270833333326 0.3102777777777778 0.02921875 0.16407407407407407
0 0.21138020833333335 0.06310185185185184 0.02432291666666667 0.12379629629629628
0 0.29192708333333334 0.33828703703703705 0.029791666666666668 0.1837962962962963
0 0.10041666666666667 0.6850462962962963 0.04416666666666667 0.19935185185185186
0 0.25971354166666666 0.11291666666666667 0.02765625 0.1539814814814815
0 0.31674479166666664 0.3199074074074074 0.030052083333333333 0.17666666666666667
0 0.07302083333333333 0.6213888888888889 0.04479166666666667 0.23703703703703705
0 0.4164322916666666 0.30185185185185187 0.03078125 0.16944444444444445
0 0.5752083333333332 0.9281481481481482 0.040937499999999995 0.14555555555555555
