0 0.253984375 0.4727314814814815 0.17098958333333333 0.7775000000000001
0 0.6152864583333334 0.46125 0.10380208333333334 0.5491666666666667
0 0.4908854166666667 0.4305555555555556 0.09677083333333333 0.5301851851851852
0 0.7139583333333334 0.46189814814814817 0.10802083333333333 0.6080555555555556
0 0.397578125 0.36393518518518514 0.026510416666666665 0.13361111111111112
0 0.07575520833333332 0.49180555555555555 0.15046874999999998 0.8700925925925926
0 0.43130208333333336 0.387037037037037 0.05229166666666667 0.25166666666666665
0 0.96078125 0.888287037037037 0.0196875 0.08027777777777778
0 0.9502343750000001 0.8821296296296297 0.01640625 0.06759259259259259
0 0.941171875 0.8829166666666666 0.015677083333333335 0.06675925925925925
0 0.9741666666666667 0.8926388888888889 0.018125 0.08268518518518518
