0 0.65234375 0.08212962962962962 0.03229166666666667 0.10981481481481481
0 0.37861979166666665 0.24337962962962958 0.04119791666666666 0.10490740740740741
0 0.434140625 0.20939814814814814 0.04140625 0.16212962962962962
0 0.30591145833333333 0.19055555555555556 0.03140625 0.16555555555555557
0 0.9169010416666665 0.517962962962963 0.040989583333333336 0.19796296296296298
0 0.847421875 0.6579166666666666 0.05098958333333334 0.21416666666666667
0 0.8752083333333334 0.09152777777777778 0.0296875 0.1497222222222222
0 0.16033854166666664 0.6573611111111111 0.04369791666666667 0.22694444444444445
0 0.7812760416666666 0.12800925925925927 0.031614583333333335 0.14342592592592593
0 0.4063802083333333 0.1410648148148148 0.028697916666666667 0.15101851851851852
0 0.5721093749999999 0.05078703703703704 0.030052083333333333 0.09898148148148149
0 0.13877604166666666 0.19875 0.026927083333333334 0.1549074074074074
0 0.17283854166666665 0.24023148148148152 0.03744791666666667 0.18175925925925926
0 0.7509374999999999 0.10078703703703704 0.028125 0.14638888888888887
0 0.5066666666666667 0.6062037037037038 0.037083333333333336 0.22055555555555553
0 0.20453125 0.3478703703703704 0.040625 0.16777777777777778
0 0.24184895833333334 0.3446296296296296 0.02890625 0.19037037037037036
0 0.26263020833333334 0.2111574074074074 0.031510416666666666 0.1687962962962963
0 0.23174479166666667 0.2059259259259259 0.031510416666666666 0.1598148148148148
0 0.5522395833333333 0.5883796296296296 0.03791666666666667 0.22305555555555556
0 0.14630208333333333 0.057962962962962966 0.028333333333333332 0.11388888888888889
