0 0.4393489583333333 0.370462962962963 0.031927083333333335 0.15351851851851853
0 0.22388020833333336 0.4441666666666667 0.11640625 0.435
0 0.5764843749999999 0.34300925925925924 0.018072916666666668 0.07731481481481481
0 0.3305208333333333 0.3594907407407407 0.022604166666666665 0.09546296296296296
0 0.028802083333333332 0.38333333333333336 0.039375 0.15037037037037038
0 0.4938541666666667 0.37425925925925924 0.029166666666666667 0.1388888888888889
0 0.6107291666666668 0.36847222222222226 0.0309375 0.13675925925925925
0 0.649765625 0.3849074074074074 0.04088541666666667 0.2324074074074074
0 0.47117187499999996 0.36435185185185187 0.02432291666666667 0.07111111111111111
0 0.5197916666666667 0.34009259259259256 0.013541666666666667 0.05444444444444444
0 0.371796875 0.3475925925925926 0.01328125 0.06351851851851852
0 0.35809895833333333 0.34777777777777774 0.01421875 0.06333333333333334
0 0.3466927083333334 0.34925925925925927 0.03380208333333334 0.07592592592592592
0 0.5571614583333333 0.3353703703703704 0.012343749999999999 0.046296296296296294
