0 0.6525 0.08347222222222223 0.03260416666666667 0.11027777777777777
0 0.3783333333333333 0.24328703703703702 0.04114583333333333 0.1062037037037037
0 0.20127604166666666 0.1827777777777778 0.028385416666666666 0.16611111111111113
0 0.5067447916666666 0.08523148148148148 0.03296875 0.15361111111111111
0 0.886953125 0.15074074074074076 0.032864583333333336 0.16296296296296298
0 0.25502604166666665 0.31625000000000003 0.041093750000000005 0.18601851851851853
0 0.9161718750000001 0.5197685185185186 0.04182291666666667 0.19305555555555556
0 0.07117187500000001 0.4113888888888889 0.027864583333333335 0.17722222222222223
0 0.539609375 0.0964351851851852 0.028593749999999998 0.1489814814814815
0 0.45091145833333335 0.06287037037037038 0.02723958333333333 0.1238888888888889
0 0.9323697916666666 0.20541666666666666 0.029010416666666667 0.1487962962962963
0 0.8455729166666667 0.6835185185185185 0.050104166666666665 0.22592592592592592
0 0.2971614583333333 0.14300925925925925 0.028177083333333335 0.15064814814814814
0 0.680859375 0.5671759259259259 0.04307291666666667 0.19546296296296295
0 0.163046875 0.19662037037037036 0.028489583333333336 0.1534259259259259
0 0.4069010416666667 0.6303240740740741 0.040989583333333336 0.22564814814814813
0 0.47726562499999997 0.6218981481481481 0.054218749999999996 0.21916666666666665
0 0.4298697916666666 0.21861111111111112 0.028697916666666667 0.15944444444444444
0 0.17294270833333333 0.6865277777777778 0.048906250000000005 0.2313888888888889
0 0.126484375 0.3188888888888889 0.028177083333333335 0.16555555555555557
0 0.204453125 0.05865740740740741 0.03651041666666666 0.11416666666666667
0 0.13434895833333332 0.2045833333333333 0.03828125 0.1489814814814815
0 0.22096354166666668 0.7025462962962963 0.038697916666666665 0.22490740740740742
0 0.3876822916666667 0.16513888888888892 0.03276041666666667 0.16194444444444445
0 0.238671875 0.17671296296296296 0.027864583333333335 0.15435185185185185
0 0.5140104166666667 0.6288425925925926 0.04479166666666667 0.20657407407407408
0 0.23263020833333334 0.05925925925925926 0.022447916666666668 0.11481481481481481
0 0.3876822916666667 0.05597222222222222 0.026510416666666665 0.1100925925925926
0 0.9569010416666667 0.14791666666666667 0.03984375 0.16898148148148148
0 0.2548697916666666 0.1463425925925926 0.038697916666666665 0.1776851851851852
0 0.985 0.4839814814814815 0.03104166666666667 0.18055555555555555
0 0.5361718750000001 0.9312037037037036 0.04223958333333333 0.13944444444444443
0 0.4024479166666666 0.1547222222222222 0.020625 0.14222222222222222
0 0.487265625 0.05291666666666667 0.020468749999999997 0.08527777777777777
