0 0.26971354166666667 0.47291666666666665 0.02453125 0.10175925925925926
0 0.5924739583333334 0.6590277777777778 0.11265625 0.5741666666666667
0 0.6878125 0.5181944444444445 0.052812500000000005 0.2500925925925926
0 0.9413281250000001 0.6264814814814814 0.11838541666666667 0.47907407407407404
0 0.22625 0.48250000000000004 0.024270833333333335 0.09777777777777777
0 0.7481249999999999 0.4589351851851852 0.02822916666666667 0.1062037037037037
0 0.5033854166666667 0.6371296296296296 0.0715625 0.4842592592592593
0 0.0490625 0.5802314814814815 0.08770833333333333 0.43046296296296294
0 0.4376302083333333 0.5101851851851852 0.03546875 0.20055555555555554
0 0.34984374999999995 0.4625 0.0134375 0.06796296296296298
0 0.21062499999999998 0.4831481481481481 0.023125 0.10277777777777777
0 0.6331770833333333 0.4606018518518518 0.02 0.08990740740740741
0 0.307890625 0.4530092592592593 0.012135416666666668 0.05305555555555555
0 0.293984375 0.4539814814814815 0.011822916666666666 0.053703703703703705
0 0.33132812500000003 0.45310185185185187 0.012447916666666666 0.05472222222222222
