0 0.6522395833333333 0.08370370370370371 0.03208333333333333 0.11055555555555556
0 0.3784635416666667 0.24337962962962964 0.04088541666666667 0.1050925925925926
0 0.7873177083333334 0.07092592592592593 0.031510416666666666 0.1337037037037037
0 0.434296875 0.2136111111111111 0.03401041666666667 0.1625925925925926
0 0.8697395833333333 0.05736111111111111 0.028854166666666667 0.11287037037037037
0 0.8805989583333333 0.31745370370370374 0.04088541666666667 0.18731481481481482
0 0.133515625 0.34273148148148147 0.03307291666666667 0.17342592592592593
0 0.3053385416666667 0.18569444444444447 0.026197916666666664 0.1628703703703704
0 0.20044270833333336 0.18370370370370367 0.027864583333333335 0.1622222222222222
0 0.21088541666666666 0.3304166666666667 0.033854166666666664 0.1821296296296296
0 0.9170052083333334 0.5196296296296297 0.04265625 0.19537037037037036
0 0.16359375 0.19569444444444445 0.0271875 0.15657407407407406
0 0.8448697916666668 0.6552777777777778 0.04869791666666667 0.21888888888888888
0 0.09968749999999998 0.3292592592592593 0.03145833333333333 0.1914814814814815
0 0.2576822916666667 0.17847222222222223 0.026510416666666665 0.15064814814814814
0 0.12546875 0.20046296296296295 0.028125 0.15185185185185185
0 0.40408854166666663 0.14680555555555558 0.022447916666666668 0.14157407407407407
0 0.23486979166666666 0.14078703703703704 0.023697916666666666 0.16083333333333333
0 0.46781249999999996 0.04819444444444444 0.02645833333333333 0.09101851851851851
0 0.5858072916666667 0.8922685185185185 0.06401041666666667 0.2173148148148148
0 0.9835416666666666 0.3290740740740741 0.03395833333333333 0.16518518518518518
0 0.6251302083333333 0.8961574074074075 0.045468749999999995 0.20953703703703705
0 0.18033854166666666 0.9130555555555556 0.05755208333333333 0.17574074074074075
