0 0.17848958333333334 0.5465277777777777 0.012812500000000001 0.060833333333333336
0 0.7498177083333334 0.5596296296296296 0.02265625 0.115
0 0.65453125 0.5163425925925925 0.014895833333333334 0.06731481481481481
0 0.47138020833333333 0.4906018518518519 0.010572916666666666 0.04805555555555555
0 0.566484375 0.5093518518518518 0.013489583333333333 0.058333333333333334
0 0.12611979166666668 0.5420833333333334 0.01328125 0.06824074074074074
0 0.511875 0.5079166666666667 0.011770833333333335 0.05731481481481481
0 0.14513020833333334 0.5343055555555556 0.013385416666666667 0.06638888888888889
0 0.6029166666666667 0.5030092592592592 0.0109375 0.05898148148148148
0 0.13565104166666667 0.5378703703703704 0.012239583333333333 0.0651851851851852
0 0.2890625 0.49458333333333343 0.0069791666666666665 0.03324074074074074
0 0.49164062499999994 0.4997685185185185 0.010572916666666666 0.048796296296296296
0 0.5776041666666667 0.5075000000000001 0.013229166666666665 0.056296296296296296
0 0.5377864583333333 0.5056944444444446 0.011093750000000001 0.051759259259259255
0 0.15901041666666668 0.5377314814814815 0.026770833333333334 0.06101851851851852
0 0.6413802083333332 0.5167592592592593 0.011302083333333332 0.062037037037037036
0 0.28468750000000004 0.49879629629629635 0.007395833333333333 0.032777777777777774
