0 0.6261197916666666 0.37180555555555556 0.032656250000000005 0.14453703703703702
0 0.45364583333333336 0.35527777777777775 0.030104166666666664 0.14129629629629628
0 0.29934895833333336 0.42625 0.07984375 0.36953703703703705
0 0.5392708333333334 0.3323611111111111 0.014479166666666666 0.05842592592592593
0 0.6880989583333333 0.3575925925925926 0.020468749999999997 0.11333333333333334
0 0.49497395833333335 0.36148148148148146 0.03036458333333333 0.1335185185185185
0 0.5849739583333332 0.3642592592592592 0.028697916666666667 0.16314814814814813
0 0.387890625 0.33449074074074076 0.014114583333333335 0.06657407407407408
0 0.362109375 0.3360648148148148 0.014010416666666666 0.06675925925925925
0 0.37440104166666666 0.33629629629629626 0.014322916666666666 0.06851851851851852
0 0.35304687500000004 0.3364814814814815 0.012864583333333334 0.065
0 0.21916666666666668 0.4008333333333333 0.07739583333333333 0.29648148148148146
