0 0.17619791666666668 0.45208333333333334 0.12583333333333332 0.4934259259259259
0 0.5022395833333333 0.3540740740740741 0.028958333333333332 0.1348148148148148
0 0.5549218749999999 0.32722222222222225 0.01598958333333333 0.06407407407407407
0 0.463828125 0.3500925925925926 0.03203125 0.15185185185185185
0 0.6046875 0.3590277777777778 0.0328125 0.16953703703703704
0 0.6339583333333334 0.36060185185185184 0.03260416666666667 0.1436111111111111
0 0.30645833333333333 0.35560185185185184 0.023958333333333335 0.1363888888888889
0 0.39390624999999996 0.32652777777777775 0.017083333333333332 0.07083333333333333
0 0.37377604166666667 0.32587962962962963 0.017552083333333336 0.07453703703703704
0 0.32838541666666665 0.3368055555555556 0.021666666666666667 0.10305555555555555
