0 0.4683333333333334 0.7735185185185185 0.06479166666666666 0.27944444444444444
0 0.588125 0.5777314814814815 0.02333333333333333 0.11027777777777777
0 0.9788020833333333 0.6346759259259259 0.035625000000000004 0.1784259259259259
0 0.8830208333333333 0.6464814814814814 0.03239583333333333 0.15722222222222224
0 0.6219791666666666 0.5750462962962962 0.027291666666666665 0.11805555555555555
0 0.6003124999999999 0.8801851851851852 0.06937499999999999 0.2414814814814815
0 0.6645052083333334 0.5723148148148148 0.02390625 0.11296296296296296
0 0.7005208333333334 0.5705555555555556 0.0234375 0.12148148148148147
0 0.5745312499999999 0.5187962962962962 0.015416666666666667 0.06722222222222221
0 0.564609375 0.5121759259259259 0.014010416666666666 0.06398148148148147
0 0.5485416666666667 0.5091666666666668 0.012812500000000001 0.06611111111111112
0 0.6805729166666666 0.5702314814814814 0.016458333333333335 0.1112037037037037
0 0.5918229166666666 0.5237962962962963 0.012708333333333332 0.05648148148148148
0 0.8493229166666667 0.6528240740740741 0.03145833333333333 0.1547222222222222
