0 0.5012760416666667 0.49939814814814815 0.05078125 0.10194444444444443
0 0.20604166666666668 0.46273148148148147 0.022500000000000003 0.09916666666666667
0 0.24106770833333335 0.48064814814814816 0.022447916666666668 0.09592592592592591
0 0.6573697916666666 0.45921296296296293 0.020885416666666667 0.09453703703703703
0 0.5765104166666667 0.5026851851851851 0.019166666666666665 0.10962962962962963
0 0.326171875 0.5803703703703703 0.06786458333333334 0.34500000000000003
0 0.4233854166666667 0.5349074074074075 0.0440625 0.2222222222222222
0 0.269453125 0.48125 0.018281250000000002 0.0987962962962963
0 0.3767708333333334 0.5523148148148148 0.052812500000000005 0.2924074074074074
0 0.558203125 0.4981018518518518 0.02109375 0.10194444444444443
0 0.5341927083333334 0.45912037037037035 0.01984375 0.0925
0 0.44729166666666664 0.4731944444444445 0.029583333333333333 0.07842592592592593
