0 0.6185156250000001 0.3651388888888889 0.03453125 0.14731481481481482
0 0.45619791666666665 0.3509722222222222 0.030520833333333334 0.14194444444444446
0 0.3731510416666666 0.3911111111111111 0.061614583333333334 0.26425925925925925
0 0.6524479166666667 0.34444444444444444 0.0203125 0.11296296296296296
0 0.5705468749999999 0.35217592592592595 0.026927083333333334 0.15046296296296297
0 0.49453125 0.35597222222222225 0.02875 0.12712962962962965
0 0.5284895833333334 0.32564814814814813 0.014270833333333333 0.053518518518518514
0 0.9538802083333333 0.6149074074074075 0.09328125 0.7620370370370371
0 0.34434895833333334 0.3285648148148148 0.01203125 0.06324074074074074
0 0.025885416666666664 0.39467592592592593 0.035729166666666666 0.2587962962962963
0 0.305703125 0.35837962962962966 0.024947916666666667 0.11527777777777778
