0 0.7633854166666667 0.4590740740740741 0.026979166666666665 0.1061111111111111
0 0.26765625 0.47171296296296295 0.023958333333333335 0.10268518518518518
0 0.08950520833333334 0.58375 0.14942708333333332 0.41657407407407404
0 0.5040104166666667 0.6330555555555556 0.07489583333333334 0.5042592592592593
0 0.5971614583333335 0.6618518518518518 0.10067708333333333 0.5603703703703704
0 0.22578125 0.48356481481481484 0.024270833333333335 0.09527777777777778
0 0.9439322916666667 0.5797685185185185 0.08296875000000001 0.41435185185185186
0 0.20997395833333335 0.4826388888888889 0.023802083333333335 0.10398148148148148
0 0.34966145833333334 0.4627777777777778 0.013697916666666667 0.06814814814814814
0 0.45260416666666664 0.5103240740740741 0.043333333333333335 0.20083333333333334
0 0.6623958333333333 0.5218981481481482 0.0640625 0.22916666666666666
0 0.3099739583333333 0.45185185185185184 0.011822916666666666 0.05333333333333334
0 0.33091145833333335 0.45189814814814816 0.012864583333333334 0.055092592592592596
0 0.29578125 0.4533796296296297 0.0115625 0.05435185185185185
0 0.42778645833333334 0.46824074074074074 0.02255208333333333 0.061481481481481484
