0 0.8056770833333334 0.5586111111111111 0.11864583333333334 0.692037037037037
0 0.468359375 0.34050925925925923 0.037031249999999995 0.17250000000000001
0 0.5895312500000001 0.3418518518518519 0.033854166666666664 0.14981481481481482
0 0.31492187499999996 0.3545370370370371 0.05390625 0.20425925925925925
0 0.6172916666666667 0.321574074074074 0.0184375 0.10722222222222222
0 0.556953125 0.3282407407407407 0.02411458333333333 0.12685185185185185
0 0.4356510416666666 0.32995370370370375 0.026614583333333334 0.10527777777777778
0 0.9322395833333332 0.5606018518518519 0.1365625 0.7299074074074073
0 0.102734375 0.33773148148148147 0.024739583333333332 0.11768518518518518
0 0.40015625 0.3095833333333334 0.011979166666666667 0.057129629629629634
0 0.08000000000000002 0.3115277777777778 0.016458333333333335 0.07268518518518519
0 0.2046875 0.3515277777777778 0.02822916666666667 0.1502777777777778
0 0.2754947916666667 0.3229629629629629 0.025885416666666668 0.10722222222222222
0 0.4984635416666666 0.3337962962962963 0.023072916666666665 0.12074074074074075
0 0.3586979166666666 0.31305555555555553 0.011875 0.053518518518518514
0 0.36791666666666667 0.3120833333333333 0.011250000000000001 0.055092592592592596
0 0.5161979166666667 0.3113425925925926 0.01375 0.05861111111111111
0 0.08979166666666667 0.32314814814814813 0.016770833333333336 0.09444444444444444
0 0.5072916666666667 0.3227314814814815 0.01625 0.0850925925925926
0 0.3398958333333333 0.31638888888888894 0.014895833333333334 0.07518518518518519
