0 0.9381770833333333 0.8630555555555556 0.0925 0.27574074074074073
0 0.495234375 0.7026851851851852 0.046197916666666665 0.20185185185185187
0 0.41627604166666665 0.7724537037037037 0.04994791666666667 0.26379629629629625
0 0.13046875 0.5873611111111111 0.030520833333333334 0.12250000000000001
0 0.2908072916666667 0.5841203703703703 0.03557291666666666 0.14342592592592593
0 0.4609375 0.6830092592592593 0.051041666666666666 0.2112037037037037
0 0.23528645833333334 0.6036111111111111 0.031302083333333335 0.1562962962962963
0 0.25609375 0.5975925925925926 0.029166666666666667 0.13907407407407407
0 0.1284114583333333 0.5027314814814815 0.01765625 0.06787037037037037
0 0.22057291666666667 0.5997685185185185 0.025104166666666667 0.1310185185185185
