0 0.65203125 0.08287037037037037 0.03239583333333333 0.11074074074074074
0 0.78703125 0.15435185185185185 0.030729166666666665 0.1448148148148148
0 0.3784895833333333 0.24333333333333335 0.041562499999999995 0.10481481481481482
0 0.5859635416666666 0.07523148148148148 0.03057291666666667 0.14805555555555555
0 0.4331510416666667 0.20870370370370367 0.038697916666666665 0.16055555555555556
0 0.194140625 0.39458333333333334 0.04223958333333333 0.1686111111111111
0 0.84765625 0.6587500000000001 0.05333333333333334 0.21898148148148147
0 0.26533854166666665 0.2439814814814815 0.03276041666666667 0.17185185185185184
0 0.175390625 0.24041666666666664 0.03609375 0.1836111111111111
0 0.9171875 0.5190277777777778 0.04041666666666666 0.1986111111111111
0 0.9006510416666667 0.13120370370370368 0.02796875 0.1577777777777778
0 0.30591145833333333 0.18967592592592591 0.030677083333333334 0.16157407407407406
0 0.23658854166666668 0.3882407407407407 0.029947916666666668 0.1872222222222222
0 0.40640625 0.1420833333333333 0.028333333333333332 0.15157407407407406
0 0.17341145833333332 0.7207870370370371 0.04432291666666666 0.23398148148148148
0 0.5265625 0.5202314814814815 0.03760416666666667 0.20935185185185184
0 0.48208333333333336 0.535324074074074 0.03666666666666667 0.2073148148148148
0 0.7551822916666667 0.07486111111111111 0.02723958333333333 0.14194444444444446
0 0.2585677083333333 0.0649074074074074 0.024739583333333332 0.12796296296296295
0 0.14635416666666667 0.05745370370370371 0.0278125 0.11194444444444444
0 0.8383854166666665 0.10268518518518518 0.02875 0.1425925925925926
0 0.138515625 0.20069444444444445 0.02765625 0.15453703703703706
0 0.22606770833333334 0.24152777777777779 0.029427083333333333 0.16805555555555557
0 0.9359895833333333 0.7404166666666667 0.04697916666666667 0.21657407407407409
0 0.7944531250000001 0.06805555555555555 0.03171875 0.13425925925925927
0 0.7318489583333333 0.9350462962962963 0.05109375 0.13175925925925927
0 0.17531249999999998 0.05912037037037037 0.022083333333333333 0.11453703703703703
