0 0.652265625 0.08314814814814817 0.03234375 0.11148148148148149
0 0.37854166666666667 0.24444444444444444 0.04114583333333333 0.10629629629629629
0 0.4320572916666667 0.21074074074074073 0.03692708333333334 0.16037037037037036
0 0.1640625 0.1974074074074074 0.0275 0.1590740740740741
0 0.2691145833333334 0.38851851851851854 0.04125 0.18222222222222223
0 0.16877604166666668 0.5892592592592593 0.05130208333333333 0.18814814814814815
0 0.9170833333333334 0.52125 0.04177083333333333 0.20027777777777778
0 0.6082812499999999 0.635787037037037 0.045625 0.23398148148148148
0 0.6896614583333334 0.25550925925925927 0.03432291666666667 0.15324074074074073
0 0.13453125000000002 0.20449074074074072 0.028854166666666667 0.1534259259259259
0 0.5053125 0.31310185185185185 0.033854166666666664 0.18953703703703703
0 0.8872916666666666 0.7376388888888888 0.049479166666666664 0.21583333333333332
0 0.40533854166666666 0.14439814814814814 0.027864583333333335 0.1497222222222222
0 0.20822916666666666 0.39472222222222225 0.0378125 0.1875925925925926
0 0.21260416666666665 0.5831018518518518 0.035416666666666666 0.21861111111111112
0 0.4602083333333333 0.31722222222222224 0.033125 0.1764814814814815
0 0.17085937499999998 0.39490740740740743 0.037135416666666664 0.195
0 0.20932291666666666 0.17782407407407408 0.029895833333333333 0.16342592592592592
0 0.9098958333333333 0.27907407407407403 0.030000000000000002 0.16314814814814813
0 0.7847395833333334 0.2755092592592593 0.0378125 0.1550925925925926
0 0.17005208333333333 0.0612037037037037 0.019375 0.11666666666666667
0 0.8463020833333333 0.6574537037037037 0.05385416666666667 0.22342592592592594
0 0.9841666666666667 0.32115740740740745 0.03270833333333333 0.1836111111111111
0 0.3201041666666667 0.6142592592592594 0.033749999999999995 0.23555555555555557
0 0.2809375 0.24592592592592594 0.03822916666666667 0.1811111111111111
0 0.253046875 0.23925925925925923 0.031197916666666665 0.15222222222222223
0 0.241796875 0.14277777777777775 0.03244791666666667 0.1637037037037037
0 0.29755208333333333 0.1861574074074074 0.028541666666666667 0.1600925925925926
