0 0.5044531250000001 0.6652777777777777 0.09057291666666667 0.5851851851851851
0 0.3501041666666667 0.502824074074074 0.03854166666666667 0.17527777777777778
0 0.6620312500000001 0.57625 0.06322916666666667 0.33342592592592596
0 0.22755208333333332 0.48194444444444445 0.0196875 0.10185185185185185
0 0.20447916666666668 0.4624074074074074 0.0234375 0.09759259259259259
0 0.27611979166666667 0.4708333333333333 0.01703125 0.10425925925925926
0 0.5759114583333333 0.49851851851851847 0.022864583333333334 0.10925925925925926
0 0.3127083333333333 0.4556944444444444 0.011250000000000001 0.059537037037037034
0 0.44591145833333334 0.6102314814814814 0.07973958333333334 0.4065740740740741
0 0.2554166666666667 0.47282407407407406 0.017708333333333333 0.10046296296296296
0 0.5904947916666666 0.4601851851851852 0.020364583333333335 0.09888888888888889
0 0.2915104166666667 0.4546296296296296 0.013125 0.06
