0 0.5103125 0.3424074074074074 0.030104166666666664 0.14055555555555557
0 0.4620833333333333 0.33689814814814817 0.03114583333333333 0.15194444444444444
0 0.567578125 0.3123148148148148 0.01546875 0.0612962962962963
0 0.07143229166666668 0.4636111111111111 0.14182291666666666 0.596111111111111
0 0.3059375 0.3394444444444445 0.023854166666666666 0.13666666666666666
0 0.33471354166666667 0.3262962962962963 0.02265625 0.10388888888888889
0 0.372265625 0.3137037037037037 0.01671875 0.0787037037037037
0 0.621015625 0.3475462962962963 0.029739583333333333 0.17731481481481481
0 0.6448958333333332 0.34824074074074074 0.031875 0.1446296296296296
0 0.20794270833333334 0.38425925925925924 0.08171875 0.3472222222222222
0 0.39325520833333333 0.31101851851851847 0.016302083333333335 0.07018518518518518
0 0.4905208333333333 0.33222222222222225 0.020729166666666667 0.08462962962962964
