0 0.5163541666666667 0.4808333333333333 0.036562500000000005 0.15814814814814815
0 0.4468489583333333 0.4471759259259259 0.022447916666666668 0.10324074074074074
0 0.42221354166666664 0.4489351851851852 0.021927083333333333 0.1126851851851852
0 0.067109375 0.504537037037037 0.04067708333333333 0.18962962962962965
0 0.3391927083333333 0.43722222222222223 0.014114583333333335 0.06462962962962962
0 0.6858072916666667 0.549074074074074 0.06744791666666666 0.397037037037037
0 0.39536458333333335 0.4537037037037037 0.023125 0.10500000000000001
0 0.028802083333333336 0.506898148148148 0.03770833333333334 0.1936111111111111
0 0.3790364583333333 0.44078703703703703 0.01671875 0.08305555555555556
0 0.19015624999999997 0.4478240740740741 0.011666666666666665 0.06305555555555555
0 0.17703125 0.44805555555555554 0.0109375 0.05814814814814814
0 0.19929687499999998 0.4489814814814815 0.011927083333333333 0.06018518518518518
0 0.18351562500000002 0.44884259259259257 0.01078125 0.06546296296296296
0 0.16760416666666667 0.44935185185185184 0.011041666666666667 0.054259259259259264
0 0.2105989583333333 0.4522685185185185 0.011927083333333333 0.0537962962962963
0 0.6517447916666667 0.4605555555555556 0.020677083333333336 0.10851851851851853
0 0.16166666666666665 0.45032407407407404 0.010104166666666666 0.055462962962962964
