0 0.6521614583333333 0.08305555555555556 0.031822916666666666 0.11092592592592593
0 0.3785416666666667 0.24421296296296297 0.04135416666666667 0.10601851851851851
0 0.43179687499999997 0.2111111111111111 0.03651041666666666 0.15925925925925927
0 0.27078125 0.3843518518518519 0.03916666666666667 0.18314814814814817
0 0.9168749999999999 0.5216666666666666 0.04177083333333333 0.19925925925925925
0 0.16447916666666668 0.19652777777777777 0.0271875 0.15675925925925926
0 0.13528645833333333 0.2045833333333333 0.02890625 0.15175925925925926
0 0.505546875 0.3151851851851852 0.03442708333333333 0.19
0 0.6109635416666667 0.6385185185185185 0.047135416666666666 0.23703703703703705
0 0.6861458333333333 0.25078703703703703 0.03333333333333333 0.15324074074074073
0 0.20859375 0.38925925925925925 0.03875 0.18185185185185185
0 0.170390625 0.5891203703703703 0.04942708333333334 0.1887962962962963
0 0.4055989583333333 0.1440740740740741 0.028177083333333335 0.14944444444444446
0 0.45932291666666664 0.3239351851851852 0.033229166666666664 0.1836111111111111
0 0.170859375 0.38939814814814816 0.03651041666666666 0.19064814814814815
0 0.9073958333333333 0.27439814814814817 0.030833333333333334 0.16712962962962963
0 0.24885416666666668 0.23685185185185184 0.03354166666666667 0.1575925925925926
0 0.21226562499999999 0.5772685185185185 0.03453125 0.21675925925925926
0 0.208203125 0.17787037037037037 0.03046875 0.1622222222222222
0 0.98328125 0.315 0.033854166666666664 0.1837037037037037
0 0.7841927083333334 0.27259259259259255 0.038802083333333334 0.1562962962962963
0 0.89 0.7343518518518519 0.0465625 0.21925925925925926
0 0.8466666666666668 0.6572685185185185 0.0540625 0.2237962962962963
0 0.16994791666666667 0.061342592592592594 0.019479166666666665 0.11787037037037036
0 0.32052083333333337 0.6158796296296297 0.036145833333333335 0.23416666666666666
0 0.2785416666666667 0.24435185185185182 0.03770833333333334 0.17574074074074075
0 0.2961979166666666 0.19050925925925927 0.030520833333333334 0.16416666666666668
0 0.24203125 0.15046296296296297 0.034375 0.17666666666666667
