0 0.5746354166666666 0.50125 0.0925 0.4260185185185185
0 0.42880208333333336 0.539537037037037 0.12406249999999999 0.6394444444444445
0 0.23578125000000003 0.4964814814814815 0.05322916666666667 0.29703703703703704
0 0.095703125 0.5432407407407408 0.19036458333333334 0.9153703703703704
0 0.34812499999999996 0.46328703703703705 0.03166666666666666 0.14842592592592593
0 0.9299479166666667 0.4264814814814815 0.020104166666666666 0.10148148148148148
0 0.49890625 0.46921296296296294 0.0490625 0.29768518518518516
0 0.6653645833333334 0.43967592592592597 0.019583333333333335 0.10324074074074074
0 0.7889322916666667 0.42310185185185184 0.02546875 0.12953703703703703
0 0.655078125 0.43800925925925926 0.01765625 0.09972222222222223
