0 0.6007552083333333 0.33675925925925926 0.031614583333333335 0.13203703703703704
0 0.6366145833333333 0.324537037037037 0.03302083333333333 0.11870370370370369
0 0.406640625 0.3416666666666667 0.032656250000000005 0.16314814814814813
0 0.4541927083333333 0.3419444444444444 0.028385416666666666 0.1437037037037037
0 0.059973958333333334 0.3335185185185185 0.039322916666666666 0.12074074074074075
0 0.09776041666666667 0.3278240740740741 0.022187500000000002 0.09046296296296297
0 0.5047916666666666 0.34847222222222224 0.026979166666666665 0.08712962962962963
0 0.5354166666666667 0.31296296296296294 0.0175 0.06944444444444445
0 0.4834114583333333 0.3427777777777778 0.02765625 0.0937037037037037
0 0.37861979166666665 0.3272685185185185 0.02453125 0.10361111111111111
0 0.8042447916666667 0.41162037037037036 0.07109375 0.47453703703703703
0 0.31734375000000004 0.3135648148148148 0.013645833333333333 0.047129629629629625
0 0.5616927083333334 0.307962962962963 0.012552083333333333 0.05296296296296297
0 0.3377604166666667 0.3113888888888889 0.0125 0.044814814814814814
0 0.5725520833333333 0.30865740740740744 0.012812500000000001 0.05064814814814815
0 0.35520833333333335 0.30819444444444444 0.011666666666666665 0.045648148148148146
