0 0.8085677083333334 0.6022685185185186 0.12213541666666666 0.6902777777777778
0 0.04330729166666667 0.3710185185185186 0.03921875 0.18407407407407408
0 0.6138802083333332 0.36541666666666667 0.03526041666666667 0.15046296296296297
0 0.5176822916666667 0.3521296296296296 0.03109375 0.15592592592592594
0 0.3786979166666667 0.3599537037037037 0.05 0.1899074074074074
0 0.6548177083333333 0.34208333333333335 0.020468749999999997 0.11083333333333334
0 0.5908854166666667 0.34180555555555553 0.02645833333333333 0.12305555555555556
0 0.4471614583333333 0.32222222222222224 0.012135416666666668 0.05907407407407407
0 0.17046874999999997 0.3351851851851852 0.021770833333333333 0.10981481481481481
0 0.94890625 0.5825 0.10322916666666666 0.7616666666666667
0 0.2840625 0.35439814814814813 0.021979166666666668 0.13268518518518518
0 0.303671875 0.3438425925925926 0.02723958333333333 0.14472222222222222
0 0.41705729166666666 0.31930555555555556 0.011614583333333334 0.05564814814814815
0 0.558515625 0.31583333333333335 0.011302083333333332 0.04685185185185185
0 0.5419791666666666 0.35180555555555554 0.02364583333333333 0.12046296296296295
0 0.49330729166666665 0.3386574074074074 0.01963541666666667 0.06694444444444445
