0 0.3232552083333333 0.6109722222222222 0.08401041666666667 0.42509259259259263
0 0.6295052083333333 0.4590740740740741 0.020781249999999998 0.0938888888888889
0 0.2240625 0.48300925925925925 0.03208333333333333 0.09712962962962964
0 0.4129947916666667 0.5611574074074074 0.06244791666666667 0.3182407407407407
0 0.5768489583333333 0.5019907407407407 0.020364583333333335 0.10694444444444444
0 0.53078125 0.4588888888888889 0.019791666666666666 0.09555555555555556
0 0.20510416666666667 0.4618981481481481 0.023125 0.09657407407407408
0 0.46119791666666665 0.5474537037037037 0.043541666666666666 0.26601851851851854
0 0.255 0.4832407407407407 0.018229166666666668 0.10277777777777777
0 0.5583854166666666 0.4987037037037037 0.02041666666666667 0.1024074074074074
0 0.49468750000000006 0.5193981481481482 0.041875 0.2262037037037037
0 0.5978385416666667 0.4625 0.018177083333333333 0.08425925925925926
