0 0.2772135416666667 0.5177314814814815 0.05744791666666667 0.2247222222222222
0 0.711328125 0.5104166666666666 0.04984375 0.2632407407407408
0 0.7737760416666667 0.46861111111111114 0.02265625 0.10148148148148148
0 0.5684635416666667 0.4601851851851852 0.024739583333333332 0.10925925925925926
0 0.16322916666666665 0.5046759259259259 0.04135416666666667 0.17509259259259258
0 0.10518229166666668 0.4535648148148148 0.016822916666666667 0.06694444444444445
0 0.21052083333333332 0.5057870370370371 0.034687499999999996 0.16712962962962963
0 0.5373177083333334 0.4626388888888889 0.02203125 0.09657407407407408
0 0.37177083333333333 0.4593055555555555 0.011458333333333333 0.06787037037037037
0 0.23580729166666667 0.5030555555555555 0.027864583333333335 0.1687037037037037
0 0.5253645833333334 0.4548148148148148 0.018333333333333333 0.08092592592592593
0 0.3297135416666667 0.44930555555555557 0.011927083333333333 0.05453703703703704
0 0.34315104166666666 0.4505092592592593 0.012135416666666668 0.056388888888888884
0 0.548984375 0.46166666666666667 0.016927083333333332 0.09962962962962962
0 0.3201822916666667 0.4511111111111111 0.011510416666666667 0.055
