0 0.44906250000000003 0.47324074074074074 0.027604166666666666 0.07185185185185185
0 0.61875 0.6589351851851852 0.10697916666666667 0.5802777777777778
0 0.31875 0.5417129629629629 0.07354166666666666 0.3447222222222222
0 0.05356770833333333 0.578425925925926 0.10473958333333333 0.3527777777777778
0 0.15041666666666667 0.5786111111111111 0.0915625 0.3509259259259259
0 0.429375 0.46958333333333335 0.028645833333333332 0.056574074074074075
0 0.54015625 0.630925925925926 0.07114583333333332 0.47833333333333333
0 0.2548958333333333 0.4698148148148148 0.020520833333333332 0.10166666666666667
0 0.21158854166666666 0.5498611111111111 0.055364583333333335 0.27805555555555556
0 0.2754166666666667 0.45740740740740743 0.014166666666666666 0.06425925925925927
