0 0.6519791666666667 0.08407407407407406 0.03177083333333333 0.11
0 0.23200520833333332 0.676111111111111 0.04796875 0.22574074074074074
0 0.378359375 0.24388888888888888 0.040364583333333336 0.10407407407407408
0 0.7906510416666667 0.13282407407407407 0.028385416666666666 0.13824074074074075
0 0.12466145833333334 0.19564814814814815 0.029531250000000002 0.15555555555555556
0 0.06958333333333333 0.41074074074074074 0.026041666666666668 0.1737037037037037
0 0.38169270833333335 0.07449074074074075 0.028802083333333332 0.14675925925925926
0 0.06270833333333334 0.7122222222222223 0.061875 0.23907407407407405
0 0.28828125 0.20069444444444445 0.03302083333333333 0.1539814814814815
0 0.9165364583333333 0.520462962962963 0.04015625 0.19407407407407407
0 0.7345052083333333 0.6395370370370371 0.054947916666666666 0.22592592592592592
0 0.24020833333333336 0.29439814814814813 0.03916666666666667 0.19990740740740742
0 0.2860416666666667 0.3905555555555555 0.04135416666666667 0.20388888888888887
0 0.48208333333333336 0.23203703703703704 0.03822916666666667 0.17296296296296299
0 0.43046875 0.2198611111111111 0.030520833333333334 0.1600925925925926
0 0.16479166666666664 0.19787037037037036 0.028645833333333332 0.16018518518518518
0 0.19958333333333333 0.1821296296296296 0.0284375 0.1635185185185185
0 0.6172916666666667 0.2176388888888889 0.03177083333333333 0.17212962962962963
0 0.55515625 0.20236111111111113 0.026979166666666665 0.14657407407407408
0 0.64421875 0.2114814814814815 0.029270833333333336 0.15722222222222224
0 0.135625 0.6000925925925925 0.03197916666666666 0.20148148148148148
0 0.21958333333333332 0.11374999999999999 0.03302083333333333 0.15731481481481482
0 0.4365364583333333 0.3715277777777778 0.038802083333333334 0.17101851851851851
0 0.41010416666666666 0.3672685185185185 0.035833333333333335 0.1923148148148148
0 0.5225260416666667 0.9249537037037037 0.038593749999999996 0.15194444444444444
