0 0.5012239583333333 0.49851851851851847 0.04942708333333334 0.10351851851851851
0 0.44953125 0.47291666666666665 0.0278125 0.07101851851851852
0 0.2637760416666667 0.545 0.06692708333333333 0.26185185185185184
0 0.3280989583333333 0.5358796296296297 0.045989583333333334 0.24861111111111112
0 0.20677083333333332 0.4623611111111111 0.022500000000000003 0.09694444444444444
0 0.663671875 0.46143518518518517 0.018072916666666668 0.09472222222222222
0 0.5384375 0.45592592592592596 0.021875 0.10574074074074075
0 0.5768489583333334 0.5026388888888889 0.017864583333333333 0.10805555555555556
0 0.7902864583333334 0.5566203703703704 0.07723958333333333 0.37861111111111106
0 0.42934895833333336 0.4689814814814815 0.029010416666666667 0.057962962962962966
0 0.5833854166666667 0.457037037037037 0.0209375 0.1012962962962963
0 0.5595833333333334 0.5001388888888889 0.019791666666666666 0.10138888888888889
0 0.7407291666666667 0.46467592592592594 0.0321875 0.12083333333333333
0 0.8437760416666666 0.5568518518518519 0.07734375 0.35055555555555556
0 0.22760416666666666 0.46416666666666667 0.020833333333333332 0.08
