0 0.652265625 0.08314814814814815 0.032135416666666666 0.11037037037037037
0 0.37835937499999994 0.24351851851851852 0.04171875 0.10500000000000001
0 0.43328125 0.20990740740740743 0.03947916666666666 0.16092592592592594
0 0.5961718749999999 0.10708333333333334 0.033177083333333336 0.1526851851851852
0 0.26033854166666665 0.2751388888888889 0.03640625 0.17546296296296296
0 0.7587499999999999 0.065 0.025 0.1262962962962963
0 0.30523437500000006 0.18810185185185183 0.03015625 0.16027777777777777
0 0.8471875000000001 0.6553703703703704 0.05458333333333333 0.21851851851851853
0 0.9172135416666667 0.5181944444444444 0.04088541666666667 0.19898148148148148
0 0.785390625 0.17046296296296298 0.032864583333333336 0.14574074074074075
0 0.18346354166666667 0.7717592592592593 0.04671875 0.2485185185185185
0 0.19299479166666667 0.42726851851851855 0.04328125 0.17805555555555558
0 0.8500260416666666 0.13518518518518519 0.027864583333333335 0.15037037037037038
0 0.7005729166666667 0.8972685185185186 0.049791666666666665 0.2073148148148148
0 0.4690364583333333 0.49560185185185185 0.03244791666666667 0.20490740740740743
0 0.517578125 0.4793518518518518 0.03432291666666667 0.2051851851851852
0 0.4061197916666667 0.1437037037037037 0.028802083333333332 0.1448148148148148
0 0.23015624999999998 0.41976851851851854 0.030416666666666665 0.1928703703703704
0 0.21130208333333333 0.26796296296296296 0.030625 0.16499999999999998
0 0.17513020833333334 0.24277777777777776 0.03588541666666667 0.18462962962962964
0 0.910703125 0.1661574074074074 0.028697916666666667 0.1597222222222222
0 0.14005208333333335 0.19990740740740742 0.029270833333333336 0.1525925925925926
0 0.23526041666666667 0.1426851851851852 0.03197916666666666 0.1638888888888889
0 0.257734375 0.08388888888888889 0.026614583333333334 0.13666666666666666
0 0.9353125 0.745 0.04708333333333334 0.21944444444444444
0 0.7957552083333332 0.06365740740740741 0.030260416666666668 0.12398148148148148
0 0.146015625 0.05763888888888889 0.028489583333333336 0.11157407407407408
0 0.17562500000000003 0.06287037037037038 0.024583333333333336 0.1238888888888889
