0 0.5010416666666667 0.4994907407407407 0.051354166666666666 0.10379629629629629
0 0.4494010416666666 0.4736111111111111 0.028177083333333335 0.07333333333333333
0 0.9073177083333334 0.5831944444444443 0.12088541666666666 0.4434259259259259
0 0.20645833333333335 0.46231481481481485 0.022187500000000002 0.09777777777777777
0 0.77265625 0.4586111111111111 0.03291666666666667 0.12296296296296297
0 0.6640885416666666 0.4621759259259259 0.018593750000000003 0.09472222222222222
0 0.3390364583333333 0.5396759259259258 0.04692708333333333 0.25361111111111106
0 0.22903645833333333 0.4643055555555556 0.021718750000000002 0.08120370370370371
0 0.27861979166666667 0.5481018518518519 0.06036458333333334 0.2708333333333333
0 0.5764843749999999 0.5025925925925926 0.017760416666666667 0.10814814814814815
0 0.5366666666666667 0.46305555555555555 0.022187500000000002 0.10981481481481481
0 0.428828125 0.46944444444444444 0.029322916666666664 0.05685185185185185
0 0.559375 0.49962962962962965 0.020729166666666667 0.10222222222222223
0 0.581953125 0.4573611111111111 0.020572916666666666 0.10231481481481482
0 0.36343749999999997 0.5349999999999999 0.0284375 0.17666666666666667
