0 0.8348437499999999 0.5181018518518518 0.11677083333333332 0.6791666666666667
0 0.46036458333333335 0.3183796296296296 0.03770833333333334 0.18046296296296296
0 0.4137239583333333 0.30689814814814814 0.026093750000000002 0.10601851851851851
0 0.5947916666666667 0.31745370370370374 0.035625000000000004 0.14416666666666667
0 0.6214062499999999 0.29416666666666663 0.0190625 0.10592592592592594
0 0.4973958333333333 0.30782407407407414 0.0265625 0.1252777777777778
0 0.5590625 0.30115740740740743 0.020833333333333332 0.1252777777777778
0 0.09122395833333334 0.31592592592592594 0.026822916666666665 0.12574074074074076
0 0.941640625 0.5331944444444444 0.11776041666666666 0.7465740740740741
0 0.1746875 0.33546296296296296 0.0296875 0.15
0 0.0678125 0.2900462962962963 0.019375 0.08712962962962963
0 0.19869791666666667 0.3248148148148148 0.037187500000000005 0.17888888888888888
0 0.36239583333333336 0.28828703703703706 0.012187499999999999 0.05620370370370371
0 0.37033854166666663 0.28597222222222224 0.011614583333333334 0.056018518518518516
0 0.38999999999999996 0.2902777777777778 0.023958333333333335 0.065
0 0.5170833333333333 0.2849074074074074 0.0165625 0.06648148148148147
0 0.5381770833333334 0.2783333333333334 0.012083333333333333 0.05
