0 0.6524218749999999 0.08305555555555556 0.032135416666666666 0.10907407407407407
0 0.37856770833333336 0.24287037037037038 0.04140625 0.10481481481481482
0 0.786953125 0.07240740740740739 0.031302083333333335 0.1325925925925926
0 0.4340104166666666 0.21416666666666667 0.034791666666666665 0.15796296296296294
0 0.9165104166666667 0.517037037037037 0.04916666666666667 0.19481481481481483
0 0.19580729166666666 0.37453703703703706 0.03546875 0.19240740740740742
0 0.30124999999999996 0.1852314814814815 0.0321875 0.1612037037037037
0 0.2900260416666667 0.6116203703703704 0.05796875 0.22490740740740742
0 0.8453385416666667 0.6548148148148147 0.05036458333333334 0.21907407407407406
0 0.20049479166666667 0.1836574074074074 0.02703125 0.16083333333333333
0 0.8658854166666666 0.2685648148148148 0.03770833333333334 0.17509259259259258
0 0.12065104166666667 0.3060185185185185 0.03567708333333333 0.19203703703703703
0 0.16322916666666665 0.19291666666666665 0.0275 0.1575
0 0.14861979166666664 0.31407407407407406 0.030885416666666665 0.17425925925925925
0 0.23091145833333332 0.17055555555555554 0.02723958333333333 0.1474074074074074
0 0.197890625 0.05949074074074074 0.02890625 0.11712962962962963
0 0.4034375 0.1476851851851852 0.023020833333333334 0.13962962962962963
0 0.272421875 0.13912037037037037 0.024635416666666667 0.14046296296296296
0 0.23427083333333332 0.06277777777777778 0.030104166666666664 0.1237037037037037
0 0.25125 0.16212962962962965 0.025 0.1627777777777778
0 0.13513020833333333 0.19828703703703704 0.02453125 0.1502777777777778
0 0.8380729166666667 0.040046296296296295 0.02625 0.07564814814814814
0 0.607890625 0.9308333333333334 0.055989583333333336 0.1401851851851852
0 0.5085677083333333 0.9294444444444445 0.03203125 0.14296296296296296
