0 0.65234375 0.08291666666666668 0.0321875 0.1100925925925926
0 0.37835937499999994 0.24361111111111108 0.04182291666666667 0.10444444444444444
0 0.788359375 0.05407407407407407 0.030260416666666668 0.10629629629629629
0 0.43307291666666664 0.2099537037037037 0.03854166666666667 0.16157407407407406
0 0.7844270833333333 0.19782407407407407 0.0315625 0.15138888888888888
0 0.19296875 0.8280555555555557 0.04895833333333333 0.2538888888888889
0 0.608203125 0.1412037037037037 0.032239583333333335 0.15611111111111112
0 0.8471354166666667 0.6549537037037038 0.05416666666666667 0.2210185185185185
0 0.40539062499999995 0.14046296296296296 0.029739583333333333 0.1511111111111111
0 0.9166927083333333 0.5188888888888888 0.04067708333333333 0.19703703703703704
0 0.19770833333333335 0.29500000000000004 0.03135416666666667 0.1687037037037037
0 0.6747135416666666 0.8462037037037037 0.04942708333333334 0.26296296296296295
0 0.7503385416666667 0.05597222222222222 0.024947916666666667 0.1100925925925926
0 0.5053125 0.43583333333333335 0.035 0.20222222222222222
0 0.864765625 0.1661574074074074 0.029427083333333333 0.15583333333333335
0 0.30291666666666667 0.18685185185185185 0.028333333333333332 0.15796296296296294
0 0.243984375 0.29935185185185187 0.03442708333333333 0.1748148148148148
0 0.13838541666666665 0.20217592592592593 0.03125 0.16268518518518518
0 0.46341145833333336 0.44782407407407404 0.03401041666666667 0.19583333333333333
0 0.22268229166666667 0.4570833333333333 0.03432291666666667 0.20324074074074075
0 0.19059895833333335 0.4622685185185185 0.04151041666666667 0.1826851851851852
0 0.14549479166666668 0.056296296296296296 0.027864583333333335 0.11074074074074074
0 0.93171875 0.7395833333333334 0.048125 0.2300925925925926
0 0.241796875 0.1534259259259259 0.029531250000000002 0.16537037037037036
0 0.262890625 0.10425925925925926 0.027864583333333335 0.1385185185185185
0 0.9276302083333333 0.205 0.03078125 0.1635185185185185
0 0.177734375 0.2422685185185185 0.032135416666666666 0.1784259259259259
0 0.26489583333333333 0.2850462962962963 0.03302083333333333 0.17064814814814816
