0 0.2202083333333333 0.4320833333333333 0.11208333333333333 0.40435185185185185
0 0.021666666666666667 0.3854629629629629 0.04135416666666667 0.16555555555555557
0 0.5698958333333334 0.34500000000000003 0.0171875 0.06907407407407407
0 0.44565104166666664 0.3671759259259259 0.031510416666666666 0.1534259259259259
0 0.08445312499999999 0.37777777777777777 0.038072916666666665 0.1461111111111111
0 0.49354166666666666 0.37305555555555553 0.029166666666666667 0.13648148148148148
0 0.6426302083333333 0.3821759259259259 0.027864583333333335 0.21564814814814814
0 0.3295833333333334 0.3521296296296296 0.023020833333333334 0.09722222222222222
0 0.36763020833333326 0.34444444444444444 0.014635416666666668 0.06444444444444444
0 0.5283072916666666 0.3381018518518518 0.011510416666666667 0.04657407407407407
0 0.5153125 0.34097222222222223 0.014479166666666666 0.054907407407407405
0 0.47239583333333335 0.3622222222222222 0.023854166666666666 0.07111111111111111
0 0.35882812499999994 0.34458333333333335 0.014739583333333334 0.06638888888888889
0 0.37625 0.34046296296296297 0.013541666666666667 0.05648148148148148
0 0.5082552083333334 0.34888888888888886 0.015572916666666665 0.07851851851851852
