0 0.65234375 0.08259259259259258 0.03239583333333333 0.10981481481481481
0 0.378515625 0.24379629629629632 0.04119791666666666 0.10500000000000001
0 0.787109375 0.0725462962962963 0.030677083333333334 0.13324074074074074
0 0.8551822916666666 0.21412037037037038 0.03682291666666667 0.1687962962962963
0 0.7846093749999999 0.20750000000000002 0.02744791666666667 0.16444444444444445
0 0.30648437500000003 0.18537037037037035 0.028072916666666666 0.16444444444444445
0 0.9162239583333334 0.5191203703703704 0.05046875 0.19398148148148148
0 0.8453385416666667 0.654537037037037 0.05130208333333333 0.2187037037037037
0 0.2186979166666667 0.6118981481481481 0.0396875 0.2312037037037037
0 0.236328125 0.21495370370370367 0.03411458333333333 0.15361111111111111
0 0.17544270833333334 0.4491203703703704 0.03734375 0.19824074074074075
0 0.26619791666666665 0.21078703703703702 0.024166666666666666 0.17212962962962963
0 0.5545312499999999 0.04476851851851852 0.034479166666666665 0.0850925925925926
0 0.7127083333333334 0.8777777777777778 0.051041666666666666 0.2462962962962963
0 0.43145833333333333 0.2136574074074074 0.026875 0.16435185185185186
0 0.4036458333333333 0.1463888888888889 0.025625000000000002 0.14333333333333334
0 0.22781250000000003 0.09375 0.029479166666666667 0.14731481481481482
0 0.2616927083333333 0.08902777777777779 0.02421875 0.1289814814814815
0 0.14736979166666667 0.27555555555555555 0.032552083333333336 0.1837037037037037
0 0.20052083333333334 0.1839351851851852 0.025625000000000002 0.1597222222222222
0 0.17361979166666666 0.2803703703703704 0.03036458333333333 0.16814814814814813
0 0.6682812499999999 0.8873611111111112 0.044375000000000005 0.22712962962962965
0 0.13192708333333333 0.2001851851851852 0.027708333333333335 0.15148148148148147
0 0.452578125 0.930601851851852 0.04244791666666667 0.14064814814814816
