0 0.38059895833333335 0.6364814814814814 0.08651041666666666 0.492037037037037
0 0.22513020833333333 0.48277777777777775 0.02703125 0.0987037037037037
0 0.31257812500000004 0.4965740740740741 0.03276041666666667 0.1587037037037037
0 0.20473958333333334 0.46152777777777776 0.023020833333333334 0.09824074074074074
0 0.45986979166666664 0.5746296296296296 0.07515625000000001 0.3496296296296296
0 0.5257552083333333 0.562037037037037 0.05786458333333333 0.2998148148148148
0 0.2747395833333333 0.4726388888888889 0.017708333333333333 0.10194444444444443
0 0.6035937499999999 0.46259259259259256 0.0209375 0.09203703703703704
0 0.622890625 0.4613888888888889 0.01921875 0.09018518518518519
0 0.24875 0.482824074074074 0.019791666666666666 0.1000925925925926
0 0.5611197916666666 0.5329166666666666 0.04348958333333333 0.2497222222222222
0 0.3134895833333334 0.4096296296296296 0.012187499999999999 0.04148148148148148
0 0.30799479166666666 0.4171759259259259 0.012135416666666668 0.037314814814814815
0 0.29033854166666667 0.42550925925925925 0.010260416666666666 0.04231481481481482
0 0.3198177083333334 0.4034259259259259 0.011822916666666666 0.04518518518518518
0 0.298125 0.43810185185185185 0.0196875 0.08787037037037038
