0 0.6156770833333333 0.38027777777777777 0.0334375 0.14407407407407408
0 0.348671875 0.4064814814814815 0.06546875 0.2975925925925926
0 0.48614583333333333 0.3705092592592593 0.028541666666666667 0.1287962962962963
0 0.5673437499999999 0.37041666666666667 0.027291666666666665 0.1499074074074074
0 0.5234635416666668 0.3433796296296296 0.01390625 0.05675925925925926
0 0.44940104166666667 0.3659722222222222 0.029427083333333333 0.14305555555555555
0 0.011093750000000001 0.3686574074074074 0.021145833333333332 0.14694444444444443
0 0.65609375 0.36143518518518514 0.022604166666666665 0.11194444444444444
0 0.2784114583333333 0.35888888888888887 0.02453125 0.11703703703703704
0 0.3000260416666667 0.36416666666666664 0.02432291666666667 0.12851851851851853
0 0.3864322916666667 0.34032407407407406 0.012447916666666666 0.05768518518518518
0 0.9485416666666667 0.6110648148148149 0.10395833333333333 0.7089814814814815
