0 0.8113541666666666 0.5531018518518518 0.10989583333333333 0.5943518518518518
0 0.4715625 0.3801851851851852 0.036041666666666666 0.15425925925925926
0 0.38015625 0.3635185185185185 0.025104166666666667 0.12777777777777777
0 0.9305468749999999 0.5514814814814815 0.12765625 0.6166666666666667
0 0.12786458333333334 0.3750462962962963 0.027916666666666666 0.12046296296296295
0 0.2842708333333333 0.36495370370370367 0.04010416666666667 0.15898148148148147
0 0.5667708333333333 0.37342592592592594 0.03791666666666667 0.20425925925925925
0 0.04888020833333333 0.36833333333333335 0.02276041666666667 0.10314814814814816
0 0.4146354166666667 0.36212962962962963 0.029166666666666667 0.13018518518518518
0 0.21791666666666668 0.36430555555555555 0.022187500000000002 0.11305555555555555
0 0.44015625 0.3543055555555556 0.021354166666666667 0.1149074074074074
0 0.34997395833333333 0.35412037037037036 0.018489583333333334 0.046203703703703705
0 0.4917708333333334 0.3522222222222222 0.019895833333333335 0.10722222222222222
0 0.02723958333333333 0.34935185185185186 0.0134375 0.06666666666666667
0 0.196484375 0.3635648148148148 0.014947916666666667 0.08361111111111111
