0 0.6523958333333334 0.0837962962962963 0.0321875 0.11203703703703703
0 0.37861979166666665 0.24388888888888893 0.04182291666666667 0.10481481481481482
0 0.7869531249999999 0.0725462962962963 0.031614583333333335 0.1360185185185185
0 0.2188020833333333 0.6075462962962964 0.058229166666666665 0.2323148148148148
0 0.7894791666666666 0.22314814814814815 0.027604166666666666 0.1574074074074074
0 0.26510416666666664 0.20300925925925925 0.02364583333333333 0.16416666666666668
0 0.91609375 0.5197685185185186 0.052812500000000005 0.19342592592592592
0 0.8617968749999999 0.22851851851851854 0.038072916666666665 0.17666666666666667
0 0.18122395833333332 0.43041666666666667 0.03651041666666666 0.19879629629629628
0 0.4339322916666667 0.21486111111111109 0.03015625 0.16083333333333333
0 0.306328125 0.18675925925925924 0.026302083333333334 0.16444444444444445
0 0.5783072916666667 0.047268518518518515 0.04161458333333334 0.09268518518518518
0 0.8451822916666667 0.6547685185185185 0.05036458333333334 0.21694444444444447
0 0.20098958333333333 0.18486111111111111 0.0259375 0.15861111111111112
0 0.234921875 0.20625 0.03526041666666667 0.15101851851851852
0 0.40375 0.14657407407407408 0.025625000000000002 0.14629629629629629
0 0.6870572916666666 0.9025925925925926 0.047239583333333335 0.19666666666666668
0 0.7341666666666667 0.893287037037037 0.0496875 0.2152777777777778
0 0.22541666666666668 0.08768518518518519 0.029375 0.1487037037037037
0 0.14078125 0.2821296296296296 0.03333333333333333 0.18444444444444444
0 0.168125 0.28564814814814815 0.030416666666666665 0.16314814814814813
0 0.2632291666666667 0.10162037037037037 0.024895833333333332 0.1337962962962963
0 0.4537760416666667 0.9285185185185186 0.03901041666666667 0.1448148148148148
0 0.12992187500000002 0.1991666666666667 0.025156249999999998 0.1512962962962963
