0 0.9146354166666666 0.5737962962962964 0.02822916666666667 0.10111111111111111
0 0.953046875 0.7240740740740741 0.05869791666666667 0.2474074074074074
0 0.13791666666666666 0.5866666666666667 0.022604166666666665 0.11240740740740741
0 0.09869791666666666 0.6208796296296297 0.02802083333333333 0.14435185185185187
0 0.06434895833333333 0.6262962962962962 0.02755208333333333 0.12462962962962962
0 0.036041666666666666 0.6293518518518519 0.027083333333333334 0.12074074074074075
0 0.6759375 0.5281018518518519 0.014791666666666667 0.07083333333333333
0 0.25799479166666667 0.5162962962962964 0.011302083333333332 0.060925925925925925
0 0.3023177083333333 0.5244907407407406 0.01203125 0.062129629629629625
0 0.5553385416666666 0.48787037037037034 0.00953125 0.041296296296296296
0 0.7623697916666666 0.511712962962963 0.013385416666666667 0.05898148148148148
0 0.5915885416666666 0.5063888888888889 0.012239583333333333 0.05148148148148148
0 0.735625 0.5207870370370371 0.013125 0.051759259259259255
0 0.41216145833333334 0.4863888888888889 0.00828125 0.02907407407407407
0 0.6565885416666667 0.5101388888888889 0.01171875 0.050833333333333335
0 0.28390625 0.5137962962962963 0.010833333333333334 0.055185185185185184
0 0.5793489583333333 0.5013888888888889 0.009947916666666667 0.046296296296296294
0 0.7269010416666667 0.5198148148148148 0.011614583333333334 0.04925925925925926
0 0.569140625 0.4947222222222222 0.00984375 0.041666666666666664
0 0.608203125 0.5038425925925926 0.010677083333333334 0.04675925925925926
0 0.012552083333333333 0.6216666666666667 0.0165625 0.09407407407407407
0 0.40718750000000004 0.4868518518518519 0.007500000000000001 0.03185185185185185
