0 0.44903645833333333 0.4724074074074074 0.02744791666666667 0.07111111111111111
0 0.608203125 0.6569907407407407 0.10161458333333333 0.5682407407407408
0 0.5127604166666667 0.6284259259259259 0.07437500000000001 0.47981481481481486
0 0.21687499999999998 0.5619907407407407 0.0634375 0.37657407407407406
0 0.42971354166666664 0.46907407407407403 0.029739583333333333 0.0587037037037037
0 0.26096354166666663 0.4724537037037037 0.017343749999999998 0.10546296296296297
0 0.088515625 0.5627314814814814 0.09463541666666667 0.31175925925925924
0 0.7992708333333333 0.45634259259259263 0.021145833333333332 0.10194444444444443
0 0.350703125 0.4628703703703704 0.014427083333333333 0.06888888888888889
0 0.33783854166666666 0.4575462962962963 0.013385416666666667 0.06101851851851852
0 0.29604166666666665 0.4527777777777778 0.010729166666666668 0.05462962962962963
0 0.30723958333333334 0.45287037037037037 0.011979166666666667 0.054259259259259264
0 0.32625 0.45296296296296296 0.022916666666666665 0.05907407407407407
0 0.27164062499999997 0.45949074074074076 0.014427083333333333 0.07527777777777778
0 0.4673697916666667 0.4549074074074074 0.01421875 0.06222222222222223
0 0.4594270833333333 0.45722222222222225 0.015625 0.06722222222222221
