0 0.37830729166666666 0.24328703703703702 0.04140625 0.10416666666666667
0 0.6524479166666667 0.08347222222222223 0.0325 0.1112037037037037
0 0.4322916666666667 0.20949074074074073 0.03697916666666667 0.1587962962962963
0 0.6283072916666667 0.18180555555555558 0.030052083333333333 0.15305555555555556
0 0.274609375 0.3173148148148148 0.03494791666666666 0.17277777777777778
0 0.19888020833333334 0.8811574074074073 0.04973958333333333 0.23953703703703702
0 0.23161458333333335 0.33412037037037035 0.036041666666666666 0.17675925925925925
0 0.9482812500000001 0.23740740740740737 0.035625000000000004 0.16907407407407407
0 0.8470052083333334 0.6556018518518519 0.054114583333333334 0.2173148148148148
0 0.8805989583333333 0.20296296296296296 0.02921875 0.15796296296296294
0 0.7835156249999999 0.22532407407407407 0.03651041666666666 0.15527777777777776
0 0.134375 0.20314814814814816 0.028541666666666667 0.15092592592592594
0 0.4568229166666667 0.3953240740740741 0.036041666666666666 0.1863888888888889
0 0.18419270833333334 0.329537037037037 0.032864583333333336 0.18333333333333332
0 0.91625 0.5187037037037038 0.041562499999999995 0.2
0 0.4061197916666667 0.1426388888888889 0.029322916666666664 0.15138888888888888
0 0.18130208333333334 0.5043981481481481 0.0453125 0.1937962962962963
0 0.2990364583333333 0.1887962962962963 0.028281249999999997 0.1562962962962963
0 0.49919270833333335 0.389212962962963 0.03473958333333334 0.1975
0 0.7713802083333333 0.04638888888888889 0.03015625 0.09092592592592592
0 0.22171875 0.5008333333333334 0.03333333333333333 0.2001851851851852
0 0.16505208333333335 0.19819444444444445 0.027708333333333335 0.16268518518518518
0 0.6468489583333333 0.7616203703703703 0.045468749999999995 0.25046296296296294
0 0.24705729166666668 0.14185185185185184 0.028385416666666666 0.17222222222222222
0 0.9308854166666667 0.7396296296296296 0.05 0.23203703703703704
0 0.17567708333333334 0.06092592592592594 0.024687499999999998 0.11925925925925927
0 0.20565104166666667 0.24111111111111108 0.03411458333333333 0.1698148148148148
0 0.212734375 0.06222222222222223 0.028593749999999998 0.1225925925925926
0 0.7360677083333333 0.04597222222222223 0.024427083333333332 0.0887962962962963
0 0.26919270833333336 0.13041666666666665 0.026927083333333334 0.1462037037037037
