0 0.26330729166666667 0.4664351851851852 0.16296875 0.7556481481481482
0 0.489921875 0.42902777777777773 0.09546875 0.5178703703703703
0 0.6104427083333334 0.4558333333333333 0.10255208333333334 0.5466666666666666
0 0.710390625 0.45949074074074076 0.11067708333333333 0.6067592592592592
0 0.0840625 0.4975462962962963 0.163125 0.8136111111111112
0 0.3958072916666666 0.3627777777777778 0.02671875 0.13518518518518519
0 0.428671875 0.3876851851851852 0.05234375 0.2559259259259259
0 0.9558333333333333 0.8789351851851852 0.019583333333333335 0.07268518518518519
0 0.921640625 0.8793518518518519 0.01609375 0.06481481481481481
0 0.9364322916666666 0.877175925925926 0.015260416666666667 0.06416666666666666
