0 0.652421875 0.08300925925925927 0.03244791666666667 0.10990740740740741
0 0.378515625 0.2434722222222222 0.04140625 0.10490740740740741
0 0.7863020833333333 0.07333333333333333 0.029791666666666668 0.13425925925925927
0 0.851796875 0.2010648148148148 0.03588541666666667 0.17046296296296296
0 0.30494791666666665 0.18518518518518517 0.030312500000000003 0.1648148148148148
0 0.26375000000000004 0.22310185185185186 0.026145833333333333 0.16601851851851854
0 0.8458854166666667 0.6542592592592593 0.05302083333333333 0.21981481481481482
0 0.7820572916666667 0.19398148148148148 0.027760416666666666 0.16666666666666666
0 0.6479427083333333 0.8610185185185185 0.048281250000000005 0.2461111111111111
0 0.9166666666666666 0.5182407407407407 0.049895833333333334 0.19314814814814815
0 0.23408854166666665 0.2299537037037037 0.03984375 0.15416666666666667
0 0.17346354166666667 0.4685648148148148 0.039947916666666666 0.2026851851851852
0 0.20075520833333335 0.1827777777777778 0.026406250000000003 0.16111111111111112
0 0.15020833333333336 0.272037037037037 0.029270833333333336 0.18333333333333332
0 0.40341145833333336 0.14662037037037037 0.025885416666666668 0.14453703703703702
0 0.22268229166666667 0.6168981481481481 0.037760416666666664 0.2223148148148148
0 0.6938020833333333 0.8449537037037037 0.04666666666666666 0.2586111111111111
0 0.42908854166666666 0.20805555555555555 0.024635416666666667 0.15944444444444444
0 0.257265625 0.08763888888888889 0.02359375 0.13472222222222222
0 0.23078125 0.10324074074074074 0.0321875 0.15
0 0.17526041666666667 0.27379629629629626 0.030729166666666665 0.16314814814814813
0 0.13388020833333333 0.2011111111111111 0.026510416666666665 0.15462962962962962
0 0.532265625 0.04162037037037037 0.04171875 0.07842592592592593
