0 0.6523177083333334 0.08314814814814815 0.032239583333333335 0.11037037037037037
0 0.3786979166666667 0.24430555555555558 0.041562499999999995 0.10601851851851851
0 0.43234374999999997 0.2111111111111111 0.03729166666666666 0.16018518518518518
0 0.26783854166666665 0.39333333333333337 0.039635416666666666 0.18518518518518517
0 0.91671875 0.5214814814814815 0.041562499999999995 0.19981481481481483
0 0.1640625 0.1974074074074074 0.02822916666666667 0.16055555555555556
0 0.20505208333333333 0.40796296296296297 0.039375 0.18907407407407406
0 0.6997916666666667 0.2629166666666667 0.029583333333333333 0.1512037037037037
0 0.167578125 0.6058796296296296 0.04682291666666667 0.1975
0 0.13341145833333332 0.20453703703703702 0.028177083333333335 0.14944444444444446
0 0.504140625 0.3013888888888889 0.03432291666666667 0.18129629629629632
0 0.21283854166666666 0.5937037037037037 0.03557291666666666 0.21851851851851853
0 0.4614322916666667 0.3074074074074074 0.03515625 0.17888888888888888
0 0.40533854166666666 0.14421296296296296 0.028593749999999998 0.15101851851851852
0 0.601796875 0.6159722222222223 0.04390625 0.2237962962962963
0 0.8818489583333332 0.7347685185185184 0.04692708333333333 0.2149074074074074
0 0.21125 0.17550925925925928 0.03197916666666666 0.1673148148148148
0 0.913515625 0.28662037037037036 0.029427083333333333 0.16194444444444445
0 0.1684375 0.40685185185185185 0.0384375 0.19166666666666668
0 0.17091145833333332 0.06180555555555556 0.020781249999999998 0.12009259259259258
0 0.7868489583333333 0.2823611111111111 0.03755208333333333 0.1575
0 0.84515625 0.6572222222222223 0.05291666666666666 0.22444444444444445
0 0.2880989583333333 0.24861111111111112 0.039739583333333335 0.1787037037037037
0 0.26140625 0.2389351851851852 0.029791666666666668 0.16620370370370371
0 0.32065104166666664 0.6140740740740741 0.03234375 0.23629629629629628
0 0.24226562499999998 0.14384259259259258 0.032552083333333336 0.16268518518518518
0 0.9865625 0.3370833333333333 0.027916666666666666 0.18768518518518518
0 0.47421875 0.9297685185185185 0.036875 0.1423148148148148
