0 0.7348177083333334 0.31675925925925924 0.020781249999999998 0.10722222222222222
0 0.3216145833333333 0.5014351851851853 0.22270833333333334 0.9989814814814816
0 0.11252604166666667 0.5009259259259259 0.22401041666666668 1.0
0 0.5487239583333333 0.3491666666666667 0.08609375000000001 0.4938888888888889
0 0.632421875 0.34736111111111106 0.05234375 0.31324074074074076
0 0.9206770833333333 0.5321296296296296 0.1596875 0.9375925925925926
0 0.46283854166666666 0.34953703703703703 0.09640625 0.4285185185185185
0 0.7645052083333334 0.30990740740740746 0.015052083333333332 0.065
0 0.707890625 0.3135185185185185 0.01296875 0.0762962962962963
0 0.6921354166666666 0.3101851851851852 0.011250000000000001 0.06944444444444445
0 0.7182552083333333 0.3130092592592592 0.013489583333333333 0.08361111111111111
0 0.8467708333333334 0.3111574074074074 0.0184375 0.09472222222222222
