0 0.6525520833333333 0.08300925925925927 0.031875 0.1100925925925926
0 0.378203125 0.24356481481481482 0.04130208333333333 0.10490740740740741
0 0.8702864583333334 0.11453703703703702 0.03296875 0.16074074074074074
0 0.2555208333333333 0.3509259259259259 0.04083333333333334 0.1922222222222222
0 0.20127604166666666 0.18106481481481482 0.028802083333333332 0.16620370370370371
0 0.9409114583333333 0.18226851851851852 0.03536458333333334 0.1525
0 0.5107552083333333 0.1037037037037037 0.03401041666666667 0.16037037037037036
0 0.6177864583333333 0.5315277777777777 0.03744791666666667 0.18712962962962962
0 0.4296354166666667 0.22000000000000003 0.03145833333333333 0.15796296296296294
0 0.4457291666666666 0.05717592592592593 0.028958333333333332 0.11064814814814815
0 0.188203125 0.6359722222222222 0.047447916666666666 0.22972222222222222
0 0.161953125 0.19564814814814815 0.028802083333333332 0.15407407407407409
0 0.070234375 0.4115740740740741 0.02734375 0.1761111111111111
0 0.13080729166666666 0.2037037037037037 0.032239583333333335 0.1438888888888889
0 0.9157291666666666 0.5225 0.0428125 0.19537037037037036
0 0.20617187499999998 0.048796296296296296 0.03276041666666667 0.09259259259259259
0 0.244140625 0.6527777777777778 0.03755208333333333 0.2212962962962963
0 0.121015625 0.3472222222222222 0.028385416666666666 0.1687037037037037
0 0.5405208333333333 0.11166666666666666 0.028645833333333332 0.14851851851851852
0 0.8533854166666667 0.6936111111111112 0.04677083333333333 0.23555555555555557
0 0.25921875 0.1540277777777778 0.0359375 0.17527777777777778
0 0.5010677083333334 0.5881481481481482 0.04151041666666667 0.2012962962962963
0 0.2994010416666667 0.14092592592592593 0.029114583333333333 0.1585185185185185
0 0.4675520833333333 0.5860185185185185 0.04770833333333333 0.21685185185185185
0 0.3846614583333333 0.06560185185185184 0.026822916666666665 0.1287962962962963
0 0.23630208333333336 0.15699074074074076 0.024583333333333336 0.15898148148148147
0 0.5331510416666666 0.9202777777777778 0.045572916666666664 0.1612962962962963
0 0.38591145833333335 0.1702314814814815 0.03057291666666667 0.15361111111111111
0 0.9384635416666666 0.4924537037037037 0.03567708333333333 0.19712962962962963
