0 0.6526562499999999 0.08277777777777778 0.03260416666666667 0.10925925925925926
0 0.3782552083333333 0.24305555555555555 0.041093750000000005 0.10444444444444444
0 0.5371875 0.07166666666666667 0.029062499999999998 0.14148148148148149
0 0.5017708333333333 0.06842592592592593 0.030104166666666664 0.135
0 0.161953125 0.27319444444444446 0.028281249999999997 0.16101851851851853
0 0.25463541666666667 0.2616203703703704 0.037083333333333336 0.17972222222222223
0 0.9567447916666667 0.43486111111111114 0.047343750000000004 0.1973148148148148
0 0.7997916666666666 0.05449074074074074 0.030520833333333334 0.10712962962962963
0 0.9109114583333333 0.521712962962963 0.05213541666666666 0.19435185185185186
0 0.20122395833333334 0.18458333333333332 0.027864583333333335 0.16157407407407406
0 0.8215104166666667 0.6688888888888889 0.03989583333333333 0.22574074074074074
0 0.4704166666666667 0.06226851851851852 0.026770833333333334 0.12268518518518519
0 0.431640625 0.21407407407407406 0.025156249999999998 0.1625925925925926
0 0.8720572916666668 0.40796296296296297 0.03328125 0.18296296296296297
0 0.07828125000000001 0.4053703703703703 0.030520833333333334 0.17666666666666667
0 0.44731770833333334 0.664212962962963 0.05182291666666667 0.2412037037037037
0 0.1906770833333333 0.7827314814814815 0.03895833333333333 0.2313888888888889
0 0.14617187499999998 0.7631944444444444 0.04796875 0.24990740740740738
0 0.915234375 0.23402777777777778 0.03328125 0.1549074074074074
0 0.13013020833333333 0.20097222222222225 0.03359375 0.14805555555555555
0 0.2836979166666667 0.15638888888888888 0.0309375 0.15925925925925927
0 0.5006510416666666 0.6924537037037037 0.061093749999999995 0.22398148148148148
0 0.25104166666666666 0.11509259259259261 0.03833333333333333 0.16925925925925928
0 0.8814583333333333 0.125 0.030416666666666665 0.16203703703703703
0 0.94140625 0.21796296296296297 0.04520833333333333 0.16833333333333333
0 0.3854166666666667 0.16231481481481483 0.028541666666666667 0.1512962962962963
0 0.406484375 0.15546296296296294 0.029010416666666667 0.1298148148148148
0 0.9062760416666666 0.1324537037037037 0.026927083333333334 0.15805555555555553
0 0.22789062499999999 0.07472222222222223 0.02411458333333333 0.13962962962962963
0 0.5355729166666666 0.7065740740740741 0.04125 0.21000000000000002
0 0.5559895833333334 0.9276851851851852 0.0440625 0.14648148148148146
0 0.23588541666666665 0.21162037037037038 0.025520833333333333 0.15953703703703706
