0 0.7317447916666667 0.5639814814814815 0.026510416666666665 0.10944444444444444
0 0.1582552083333333 0.549074074074074 0.01296875 0.06388888888888888
0 0.46114583333333337 0.49212962962962964 0.010624999999999999 0.04555555555555556
0 0.10153645833333333 0.5436574074074074 0.01296875 0.06601851851851852
0 0.5872656250000001 0.5091203703703704 0.015260416666666667 0.06453703703703705
0 0.5028385416666666 0.5094444444444445 0.01359375 0.057777777777777775
0 0.5529166666666666 0.509537037037037 0.013541666666666667 0.05925925925925926
0 0.126328125 0.5346296296296296 0.01359375 0.06814814814814814
0 0.639296875 0.5239814814814815 0.01796875 0.0712962962962963
0 0.11536458333333334 0.5376851851851852 0.013125 0.06462962962962962
0 0.5691927083333332 0.5080555555555555 0.013385416666666667 0.055185185185185184
0 0.6195052083333333 0.5337500000000001 0.015885416666666666 0.07861111111111112
0 0.48919270833333334 0.5015277777777778 0.011093750000000001 0.04546296296296296
0 0.6120052083333333 0.5206944444444445 0.012552083333333333 0.06138888888888889
