0 0.6257552083333333 0.35236111111111107 0.031197916666666665 0.1349074074074074
0 0.7397395833333333 0.39444444444444443 0.05291666666666666 0.3388888888888889
0 0.4876041666666666 0.35333333333333333 0.026979166666666665 0.14685185185185184
0 0.44973958333333336 0.3501388888888889 0.03270833333333333 0.1675
0 0.380078125 0.34041666666666665 0.01942708333333333 0.0975
0 0.5497135416666665 0.3263425925925926 0.014947916666666667 0.06509259259259259
0 0.33205729166666664 0.33032407407407405 0.018281250000000002 0.06787037037037037
0 0.07471354166666666 0.5498611111111111 0.14619791666666665 0.6800925925925926
0 0.5167447916666666 0.35476851851851854 0.025260416666666667 0.0723148148148148
0 0.17942708333333332 0.4033333333333333 0.0471875 0.2753703703703704
0 0.5736197916666667 0.32370370370370366 0.011510416666666667 0.049444444444444444
0 0.40291666666666665 0.3310648148148148 0.013333333333333334 0.06287037037037038
0 0.5622135416666667 0.32166666666666666 0.012552083333333333 0.053148148148148146
