0 0.44093750000000004 0.3931944444444444 0.0328125 0.16972222222222225
0 0.03442708333333333 0.39384259259259263 0.027604166666666666 0.1162037037037037
0 0.5309635416666666 0.40120370370370373 0.03453125 0.1087037037037037
0 0.5562760416666667 0.40638888888888886 0.03276041666666667 0.1025925925925926
0 0.47898437499999996 0.39875 0.03057291666666667 0.1562037037037037
0 0.6421354166666667 0.3837962962962963 0.030729166666666665 0.1335185185185185
0 0.7682812499999999 0.39162037037037034 0.04072916666666667 0.18935185185185185
0 0.58828125 0.36300925925925925 0.018125 0.07083333333333333
0 0.3592708333333333 0.36476851851851855 0.015104166666666667 0.05435185185185185
0 0.009817708333333335 0.3940740740740741 0.018593750000000003 0.12314814814814815
0 0.417421875 0.36629629629629634 0.01765625 0.05981481481481481
0 0.379609375 0.3625462962962963 0.012135416666666668 0.04861111111111111
0 0.36822916666666666 0.3642592592592592 0.012708333333333332 0.05092592592592592
0 0.6140364583333333 0.3615277777777778 0.01609375 0.06324074074074074
0 0.6227604166666667 0.36703703703703705 0.017604166666666664 0.08018518518518518
