0 0.8993489583333333 0.5741203703703704 0.032135416666666666 0.10731481481481482
0 0.8273958333333334 0.564537037037037 0.022604166666666665 0.11
0 0.018854166666666665 0.6423611111111112 0.03114583333333333 0.16194444444444445
0 0.07921874999999999 0.5980555555555556 0.0234375 0.1259259259259259
0 0.5291666666666667 0.48884259259259266 0.0096875 0.04027777777777778
0 0.7359635416666667 0.515925925925926 0.012343749999999999 0.06333333333333334
0 0.2677864583333333 0.5292592592592593 0.012760416666666666 0.06314814814814815
0 0.6577083333333333 0.5323148148148148 0.0175 0.07592592592592592
0 0.9781770833333334 0.773287037037037 0.0446875 0.29212962962962963
0 0.22005208333333334 0.5227777777777777 0.012604166666666666 0.06259259259259259
0 0.5666145833333334 0.506712962962963 0.012187499999999999 0.05101851851851852
0 0.7063802083333334 0.519537037037037 0.014739583333333334 0.05740740740740741
0 0.6272135416666667 0.509537037037037 0.012343749999999999 0.055185185185185184
0 0.2554427083333333 0.5222222222222223 0.01171875 0.056296296296296296
0 0.5566145833333334 0.5044444444444444 0.009895833333333333 0.04240740740740741
0 0.7214583333333333 0.5155555555555555 0.023125 0.06
0 0.375 0.487962962962963 0.007291666666666667 0.030185185185185186
