0 0.6522135416666667 0.08249999999999999 0.032552083333333336 0.11055555555555556
0 0.3784895833333334 0.24310185185185187 0.04114583333333333 0.10546296296296297
0 0.16955729166666667 0.5963425925925926 0.04015625 0.22046296296296294
0 0.9173697916666668 0.5180555555555556 0.03901041666666667 0.19925925925925925
0 0.4214322916666667 0.20532407407407408 0.026614583333333334 0.16657407407407407
0 0.30226562500000004 0.18712962962962962 0.03276041666666667 0.16444444444444445
0 0.8463020833333333 0.6551851851851852 0.052812500000000005 0.21796296296296297
0 0.8545833333333334 0.060925925925925925 0.029270833333333336 0.12
0 0.26580729166666667 0.1687962962962963 0.03244791666666667 0.16425925925925927
0 0.160546875 0.24472222222222223 0.031302083333333335 0.18092592592592593
0 0.7865885416666667 0.0974074074074074 0.031614583333333335 0.13999999999999999
0 0.13445312499999998 0.20208333333333334 0.02713541666666667 0.1550925925925926
0 0.2203125 0.305787037037037 0.03666666666666667 0.16231481481481483
0 0.40546875 0.14055555555555557 0.029270833333333336 0.1496296296296296
0 0.14643229166666666 0.057777777777777775 0.02765625 0.11314814814814815
0 0.2444791666666667 0.3049537037037037 0.030000000000000002 0.18101851851851852
0 0.5841927083333334 0.6598611111111111 0.045989583333333334 0.23361111111111113
0 0.19348958333333333 0.2502314814814815 0.025625000000000002 0.1650925925925926
0 0.23484375000000002 0.16652777777777777 0.029479166666666667 0.15564814814814815
0 0.54609375 0.6832407407407407 0.04020833333333333 0.22925925925925925
0 0.763671875 0.1260185185185185 0.02546875 0.14592592592592593
0 0.24234374999999997 0.041249999999999995 0.021770833333333333 0.08064814814814815
0 0.34140625 0.6455555555555555 0.0459375 0.21685185185185185
