0 0.32328125 0.6110185185185185 0.08291666666666667 0.42333333333333334
0 0.6305208333333333 0.4602314814814815 0.021145833333333332 0.09490740740740741
0 0.4116927083333333 0.5610648148148148 0.061510416666666665 0.3175
0 0.22434895833333332 0.48226851851851854 0.03203125 0.0975
0 0.5765885416666666 0.5009259259259259 0.020572916666666666 0.10814814814814815
0 0.5312760416666666 0.4589351851851852 0.020052083333333335 0.09601851851851852
0 0.2050260416666667 0.462037037037037 0.02328125 0.09925925925925926
0 0.46088541666666666 0.5460648148148148 0.043541666666666666 0.26546296296296296
0 0.25494791666666666 0.4825925925925925 0.019270833333333334 0.10425925925925926
0 0.5581510416666666 0.4991203703703703 0.020677083333333336 0.10250000000000001
0 0.4920833333333334 0.520324074074074 0.04072916666666667 0.2287962962962963
0 0.597578125 0.46212962962962967 0.018593750000000003 0.08722222222222223
0 0.269765625 0.4600925925925926 0.01265625 0.08203703703703703
