0 0.6522135416666667 0.08277777777777778 0.032239583333333335 0.1112962962962963
0 0.3784895833333334 0.24351851851851852 0.04135416666666667 0.10592592592592594
0 0.7871874999999999 0.1553240740740741 0.031875 0.14750000000000002
0 0.58765625 0.07703703703703704 0.029270833333333336 0.14722222222222223
0 0.43296875 0.2089351851851852 0.03979166666666667 0.16157407407407406
0 0.19421875000000002 0.3950925925925926 0.042499999999999996 0.1688888888888889
0 0.9010416666666666 0.13291666666666668 0.028854166666666667 0.1587962962962963
0 0.9174479166666667 0.5190277777777778 0.0403125 0.19916666666666666
0 0.265625 0.24726851851851853 0.0328125 0.1739814814814815
0 0.8471614583333335 0.6561111111111111 0.054322916666666665 0.21685185185185185
0 0.1746875 0.23953703703703702 0.036458333333333336 0.1837037037037037
0 0.3061458333333333 0.18930555555555553 0.030520833333333334 0.16083333333333333
0 0.525546875 0.5174074074074073 0.03828125 0.2112962962962963
0 0.173828125 0.7246296296296296 0.04380208333333333 0.23277777777777778
0 0.258671875 0.06625000000000002 0.025052083333333332 0.12990740740740742
0 0.84 0.1063425925925926 0.028125 0.14564814814814817
0 0.406484375 0.14199074074074072 0.02796875 0.15101851851851852
0 0.7553645833333335 0.07527777777777778 0.026979166666666665 0.14203703703703704
0 0.23591145833333335 0.3925462962962963 0.030052083333333333 0.1884259259259259
0 0.481328125 0.5311111111111111 0.03578125 0.20796296296296296
0 0.14692708333333332 0.05731481481481481 0.02802083333333333 0.11185185185185186
0 0.9346093750000001 0.7403240740740742 0.046614583333333334 0.21824074074074074
0 0.13895833333333335 0.20046296296296295 0.0278125 0.15537037037037038
0 0.22640625 0.24208333333333332 0.030208333333333334 0.16805555555555557
0 0.7943229166666667 0.06851851851851852 0.0328125 0.13518518518518519
0 0.22625 0.13462962962962963 0.03104166666666667 0.16074074074074074
0 0.7299479166666667 0.9317129629629629 0.048854166666666664 0.13842592592592592
0 0.174453125 0.05907407407407407 0.02265625 0.11462962962962962
0 0.194921875 0.22990740740740742 0.019010416666666665 0.14666666666666667
