0 0.6523177083333334 0.08416666666666667 0.03171875 0.11018518518518519
0 0.3784635416666667 0.24337962962962964 0.040989583333333336 0.1050925925925926
0 0.7873177083333333 0.07111111111111111 0.031302083333333335 0.1335185185185185
0 0.43390625 0.21481481481481482 0.03395833333333333 0.15944444444444444
0 0.8808854166666666 0.3173148148148148 0.04072916666666667 0.18555555555555556
0 0.869609375 0.0575462962962963 0.028802083333333332 0.11324074074074074
0 0.305078125 0.18643518518518518 0.025885416666666668 0.1636111111111111
0 0.13299479166666667 0.34324074074074074 0.03359375 0.17314814814814813
0 0.21161458333333333 0.33055555555555555 0.03364583333333333 0.1827777777777778
0 0.200390625 0.1850925925925926 0.027760416666666666 0.16092592592592594
0 0.16346354166666666 0.19569444444444448 0.02723958333333333 0.15638888888888888
0 0.12583333333333332 0.19967592592592592 0.028125 0.15305555555555556
0 0.9171875 0.5199537037037038 0.042499999999999996 0.1962037037037037
0 0.8447916666666667 0.6539351851851852 0.04864583333333334 0.21842592592592594
0 0.09937499999999999 0.329537037037037 0.03145833333333333 0.19074074074074074
0 0.40403645833333335 0.14615740740740743 0.022239583333333333 0.14194444444444446
0 0.25765625000000003 0.1789814814814815 0.026145833333333333 0.1512962962962963
0 0.4677604166666667 0.04800925925925926 0.026145833333333333 0.09046296296296297
0 0.235 0.14180555555555557 0.02375 0.15953703703703706
0 0.9832812499999999 0.3298148148148148 0.034479166666666665 0.16574074074074074
0 0.5844531249999999 0.8912500000000001 0.06442708333333333 0.21935185185185185
0 0.6215624999999999 0.8939814814814815 0.0475 0.21388888888888888
