0 0.605234375 0.3568518518518518 0.03171875 0.13629629629629628
0 0.4024739583333333 0.35476851851851854 0.03380208333333334 0.1649074074074074
0 0.035182291666666664 0.3343055555555556 0.020572916666666666 0.09990740740740742
0 0.4889322916666667 0.365 0.02984375 0.09851851851851852
0 0.06036458333333334 0.33449074074074076 0.023854166666666666 0.10472222222222222
0 0.5114583333333333 0.37374999999999997 0.028125 0.0925
0 0.6684635416666667 0.35148148148148145 0.03755208333333333 0.1448148148148148
0 0.910234375 0.47874999999999995 0.10130208333333333 0.6467592592592593
0 0.5440364583333335 0.33138888888888884 0.01578125 0.06425925925925927
0 0.448828125 0.36041666666666666 0.03015625 0.14805555555555555
0 0.31968749999999996 0.3234722222222222 0.0134375 0.0512037037037037
0 0.8536979166666667 0.4546759259259259 0.08895833333333333 0.5058333333333332
0 0.3393489583333333 0.3206481481481482 0.01265625 0.04777777777777778
0 0.38059895833333335 0.3330092592592592 0.017864583333333333 0.06157407407407407
0 0.566015625 0.33249999999999996 0.012135416666666668 0.05685185185185185
0 0.35247395833333334 0.3172222222222222 0.012135416666666668 0.044814814814814814
0 0.5865624999999999 0.34120370370370373 0.017812500000000002 0.07351851851851852
