0 0.7923958333333333 0.5767592592592593 0.11885416666666666 0.595925925925926
0 0.12984375 0.3747685185185185 0.028125 0.12361111111111112
0 0.9175 0.580324074074074 0.131875 0.6025
0 0.38013020833333333 0.37217592592592597 0.025885416666666668 0.12935185185185183
0 0.5707291666666667 0.3881481481481482 0.03947916666666666 0.21037037037037035
0 0.4683333333333333 0.3876388888888889 0.03625 0.15564814814814815
0 0.28713541666666664 0.3727777777777778 0.040937499999999995 0.15888888888888889
0 0.41476562499999997 0.37027777777777776 0.025572916666666667 0.12537037037037038
0 0.047838541666666665 0.3695833333333334 0.02276041666666667 0.10064814814814815
0 0.21403645833333335 0.36546296296296293 0.02276041666666667 0.11648148148148148
0 0.3500520833333333 0.3597222222222222 0.02020833333333333 0.05018518518518519
0 0.4401302083333334 0.36342592592592593 0.023385416666666665 0.11444444444444445
0 0.4900260416666667 0.36060185185185184 0.01796875 0.10731481481481482
0 0.024583333333333336 0.347962962962963 0.012604166666666666 0.06703703703703705
0 0.19825520833333332 0.3647685185185185 0.01484375 0.09175925925925925
0 0.03875 0.3621759259259259 0.012187499999999999 0.0912037037037037
