0 0.6385937500000001 0.370787037037037 0.029895833333333333 0.13657407407407407
0 0.44000000000000006 0.37777777777777777 0.03302083333333333 0.16240740740740742
0 0.562265625 0.398287037037037 0.03578125 0.10675925925925926
0 0.5345052083333334 0.39194444444444443 0.03453125 0.11092592592592593
0 0.7943229166666667 0.38425925925925924 0.059895833333333336 0.20722222222222222
0 0.4800520833333333 0.3813888888888889 0.028958333333333332 0.14833333333333332
0 0.5892708333333333 0.35157407407407404 0.018333333333333333 0.0651851851851852
0 0.35421875 0.3497222222222222 0.013958333333333333 0.05407407407407407
0 0.37130208333333337 0.34708333333333335 0.013229166666666665 0.048796296296296296
0 0.41843749999999996 0.35523148148148154 0.019270833333333334 0.06583333333333333
0 0.008645833333333333 0.3831481481481482 0.01625 0.10185185185185185
0 0.38447916666666665 0.34361111111111114 0.011875 0.04685185185185185
0 0.6190364583333334 0.35328703703703707 0.02411458333333333 0.07361111111111111
