0 0.6134375000000001 0.38407407407407407 0.03270833333333333 0.1475925925925926
0 0.565234375 0.37625000000000003 0.028072916666666666 0.1549074074074074
0 0.5217447916666667 0.3466203703703704 0.014427083333333333 0.05990740740740741
0 0.342109375 0.4101388888888889 0.06817708333333333 0.3112037037037037
0 0.48369791666666667 0.37194444444444447 0.027083333333333334 0.1275925925925926
0 0.6556250000000001 0.36712962962962964 0.020729166666666667 0.11592592592592593
0 0.44817708333333334 0.37027777777777776 0.030208333333333334 0.1488888888888889
0 0.27268229166666663 0.36444444444444446 0.025156249999999998 0.12203703703703704
0 0.9506510416666667 0.6221296296296296 0.09973958333333334 0.7092592592592593
0 0.3816666666666667 0.3426851851851852 0.012187499999999999 0.06037037037037037
0 0.29593749999999996 0.3725 0.025416666666666664 0.13648148148148148
0 0.374296875 0.3440740740740741 0.012760416666666666 0.06685185185185186
0 0.009244791666666667 0.36921296296296297 0.016197916666666666 0.16527777777777777
