0 0.6522135416666667 0.08333333333333333 0.032135416666666666 0.10981481481481481
0 0.3784895833333334 0.24273148148148146 0.040625 0.10305555555555555
0 0.16552083333333334 0.19893518518518521 0.029479166666666667 0.15916666666666668
0 0.7836979166666667 0.11212962962962962 0.026770833333333334 0.13574074074074075
0 0.8667447916666666 0.08712962962962963 0.033177083333333336 0.1361111111111111
0 0.5997135416666667 0.16921296296296295 0.029635416666666668 0.15583333333333335
0 0.25611979166666665 0.2426388888888889 0.03901041666666667 0.19527777777777777
0 0.22088541666666664 0.5530092592592593 0.049895833333333334 0.21842592592592594
0 0.9167447916666667 0.5209259259259259 0.041093750000000005 0.19685185185185183
0 0.1990625 0.1804166666666667 0.026770833333333334 0.16601851851851854
0 0.21179687500000002 0.08199074074074074 0.031822916666666666 0.14787037037037035
0 0.06986979166666667 0.4129166666666667 0.026197916666666664 0.17287037037037037
0 0.43041666666666667 0.2210185185185185 0.03125 0.16037037037037036
0 0.38138020833333336 0.0737962962962963 0.028072916666666666 0.14574074074074075
0 0.5068229166666667 0.16907407407407407 0.036145833333333335 0.1675925925925926
0 0.1278125 0.19370370370370368 0.02875 0.15425925925925926
0 0.5619270833333333 0.18314814814814817 0.0315625 0.17037037037037037
0 0.15388020833333332 0.8340740740740741 0.046406249999999996 0.2574074074074074
0 0.759140625 0.638611111111111 0.05036458333333334 0.22851851851851854
0 0.381953125 0.39 0.03557291666666666 0.1764814814814815
0 0.13690104166666667 0.497037037037037 0.031197916666666665 0.18296296296296297
0 0.47421875 0.4375 0.04114583333333333 0.1887037037037037
0 0.2690364583333334 0.4609722222222222 0.038489583333333334 0.2071296296296296
0 0.46617187499999996 0.1704166666666667 0.023072916666666665 0.1423148148148148
0 0.10986979166666666 0.6448148148148148 0.04578125 0.2388888888888889
0 0.44164062499999995 0.4318981481481482 0.045989583333333334 0.19972222222222222
0 0.28125 0.1894907407407407 0.028958333333333332 0.16027777777777777
0 0.3128385416666667 0.4664814814814815 0.03380208333333334 0.1864814814814815
0 0.40591145833333336 0.17347222222222222 0.02546875 0.15935185185185186
0 0.5110416666666667 0.9245833333333334 0.044375000000000005 0.1526851851851852
