0 0.8036718749999999 0.5690277777777777 0.12328125 0.6741666666666667
0 0.34343750000000006 0.35194444444444445 0.041875 0.19814814814814816
0 0.939609375 0.5644907407407408 0.12182291666666667 0.716388888888889
0 0.4873177083333333 0.34736111111111106 0.03442708333333333 0.16805555555555557
0 0.5976041666666667 0.3527314814814815 0.034583333333333334 0.1489814814814815
0 0.6299479166666667 0.3315277777777778 0.018333333333333333 0.11212962962962962
0 0.13078125 0.3366203703703704 0.023958333333333335 0.11342592592592593
0 0.5702864583333334 0.33337962962962964 0.02390625 0.12175925925925926
0 0.2908333333333334 0.3287037037037037 0.025729166666666668 0.10648148148148148
0 0.4549739583333333 0.33268518518518514 0.023489583333333335 0.10074074074074074
0 0.11091145833333332 0.31375000000000003 0.016614583333333332 0.08212962962962964
0 0.4203125 0.3132407407407407 0.011770833333333335 0.05814814814814814
0 0.2471614583333333 0.3440740740740741 0.03348958333333333 0.15888888888888889
0 0.38651041666666663 0.3158333333333333 0.011770833333333335 0.05592592592592593
0 0.5384375 0.3108796296296296 0.011770833333333335 0.050277777777777775
0 0.37820312500000003 0.3174074074074074 0.012447916666666666 0.05666666666666667
0 0.23184895833333333 0.34467592592592594 0.023385416666666665 0.13361111111111112
0 0.5140885416666666 0.3408333333333334 0.017239583333333332 0.10851851851851853
0 0.522890625 0.32379629629629636 0.013802083333333333 0.06685185185185186
0 0.3681510416666666 0.32287037037037036 0.014114583333333335 0.06814814814814814
