0 0.6522916666666666 0.0814351851851852 0.03208333333333333 0.10953703703703703
0 0.3782291666666666 0.24337962962962964 0.04145833333333333 0.1050925925925926
0 0.23065104166666664 0.43189814814814814 0.044947916666666664 0.2152777777777778
0 0.7890364583333334 0.13439814814814816 0.028385416666666666 0.1387962962962963
0 0.27736979166666664 0.25703703703703706 0.045572916666666664 0.18203703703703702
0 0.7366406249999999 0.6380555555555556 0.05453125 0.2275925925925926
0 0.38122395833333333 0.07412037037037036 0.029010416666666667 0.14638888888888887
0 0.916640625 0.5200925925925927 0.04067708333333333 0.19481481481481483
0 0.12380208333333333 0.19537037037037036 0.026041666666666668 0.15055555555555555
0 0.199609375 0.18333333333333332 0.029010416666666667 0.16314814814814813
0 0.09924479166666668 0.42421296296296296 0.03338541666666666 0.18046296296296296
0 0.4298177083333333 0.22 0.032656250000000005 0.16592592592592592
0 0.46890625 0.26416666666666666 0.03666666666666667 0.17296296296296299
0 0.1623177083333333 0.1960185185185185 0.028385416666666666 0.15666666666666665
0 0.07557291666666667 0.6232407407407408 0.04416666666666667 0.23555555555555557
0 0.543359375 0.24402777777777773 0.037760416666666664 0.1673148148148148
0 0.020859375 0.8281018518518519 0.03671875 0.21694444444444447
0 0.24114583333333334 0.16333333333333333 0.029791666666666668 0.14629629629629629
0 0.6995572916666667 0.24185185185185185 0.029947916666666668 0.15796296296296294
0 0.29322916666666665 0.1363425925925926 0.0234375 0.15564814814814815
0 0.7254947916666666 0.27398148148148144 0.021614583333333333 0.1562962962962963
0 0.7851822916666666 0.2900462962962963 0.03109375 0.18027777777777776
0 0.21627604166666667 0.12356481481481481 0.02744791666666667 0.15824074074074074
0 0.267265625 0.11444444444444445 0.029635416666666668 0.1475925925925926
0 0.9852343749999999 0.34578703703703706 0.03057291666666667 0.19046296296296295
