0 0.6522656250000001 0.08263888888888889 0.03244791666666667 0.11027777777777777
0 0.378515625 0.24337962962962964 0.04119791666666666 0.1050925925925926
0 0.434765625 0.2099537037037037 0.04078125 0.16101851851851853
0 0.9169531250000001 0.5181944444444444 0.04078125 0.19787037037037036
0 0.26828125 0.05361111111111111 0.025520833333333333 0.10537037037037036
0 0.3070572916666666 0.1887962962962963 0.03046875 0.16203703703703703
0 0.8472395833333334 0.6553703703703704 0.0540625 0.21703703703703706
0 0.573828125 0.05541666666666667 0.031614583333333335 0.1086111111111111
0 0.781640625 0.12939814814814815 0.031197916666666665 0.14564814814814817
0 0.19994791666666664 0.35750000000000004 0.04052083333333333 0.16314814814814813
0 0.16005208333333334 0.6709722222222222 0.04291666666666667 0.22546296296296298
0 0.4063541666666667 0.1412962962962963 0.028125 0.14981481481481482
0 0.17388020833333334 0.24050925925925926 0.03828125 0.18416666666666667
0 0.7502604166666667 0.09842592592592592 0.027916666666666666 0.14222222222222222
0 0.881640625 0.10273148148148148 0.026822916666666665 0.14842592592592593
0 0.14619791666666665 0.05736111111111111 0.028645833333333332 0.11287037037037037
0 0.5021093750000001 0.5888425925925926 0.03744791666666667 0.20916666666666667
0 0.1386197916666667 0.19837962962962963 0.028489583333333336 0.15324074074074073
0 0.26179687500000004 0.21638888888888888 0.031614583333333335 0.16999999999999998
0 0.5444531250000001 0.5729166666666666 0.038697916666666665 0.22194444444444444
0 0.24096354166666664 0.3526388888888889 0.028072916666666666 0.1849074074074074
0 0.23244791666666667 0.20888888888888887 0.0315625 0.1575925925925926
