0 0.20205729166666667 0.5210185185185185 0.062031249999999996 0.24833333333333332
0 0.5155208333333333 0.465 0.025104166666666667 0.10944444444444444
0 0.6756510416666667 0.5277314814814815 0.04859375 0.2847222222222222
0 0.027031250000000003 0.4575 0.017916666666666668 0.07277777777777777
0 0.4889322916666667 0.4673148148148148 0.020781249999999998 0.10055555555555555
0 0.14085937499999998 0.5091666666666667 0.03557291666666666 0.17111111111111113
0 0.09585937500000001 0.5080092592592592 0.04265625 0.18787037037037038
0 0.6295833333333333 0.4951851851851851 0.03989583333333333 0.16537037037037036
0 0.7259114583333334 0.47578703703703706 0.022447916666666668 0.10268518518518518
0 0.32203125000000005 0.46162037037037035 0.012708333333333332 0.07157407407407407
0 0.4665885416666667 0.4529166666666667 0.017552083333333336 0.08157407407407406
0 0.268515625 0.45305555555555554 0.011197916666666667 0.05740740740740741
0 0.29773437500000005 0.45416666666666666 0.01140625 0.06018518518518518
0 0.2794010416666667 0.45328703703703704 0.011302083333333332 0.059166666666666666
0 0.2617447916666667 0.4519444444444444 0.010989583333333334 0.05592592592592593
