0 0.6140364583333333 0.3742592592592593 0.031510416666666666 0.13592592592592595
0 0.35911458333333335 0.3625462962962963 0.021041666666666667 0.10175925925925926
0 0.4468489583333333 0.3720833333333334 0.03140625 0.1587962962962963
0 0.14338541666666665 0.5096759259259259 0.15385416666666665 0.5299074074074074
0 0.6995833333333333 0.40351851851851855 0.04604166666666667 0.28574074074074074
0 0.49377604166666667 0.37620370370370365 0.02411458333333333 0.13722222222222222
0 0.534609375 0.34699074074074077 0.01546875 0.060833333333333336
0 0.3331770833333333 0.3495833333333333 0.0175 0.06694444444444445
0 0.5578125 0.3421759259259259 0.011354166666666667 0.04472222222222222
0 0.39085937499999995 0.34935185185185186 0.013072916666666667 0.057777777777777775
0 0.5464322916666667 0.34430555555555553 0.013177083333333334 0.051759259259259255
0 0.37018229166666666 0.3537037037037037 0.01671875 0.0811111111111111
