0 0.5011979166666667 0.4989351851851852 0.050104166666666665 0.10490740740740741
0 0.44958333333333333 0.4731018518518519 0.027604166666666666 0.07101851851851852
0 0.20661458333333332 0.4622685185185185 0.022083333333333333 0.09712962962962964
0 0.26104166666666667 0.5450925925925927 0.06458333333333334 0.26407407407407407
0 0.3276822916666667 0.5357407407407407 0.04536458333333333 0.24870370370370373
0 0.7635416666666667 0.5611111111111111 0.08072916666666667 0.3605555555555555
0 0.5388541666666666 0.4549537037037037 0.0215625 0.10583333333333333
0 0.6635416666666667 0.46166666666666667 0.017916666666666668 0.09351851851851851
0 0.5771875000000001 0.5010185185185185 0.017708333333333333 0.10981481481481481
0 0.5591666666666667 0.4998148148148149 0.02020833333333333 0.10037037037037037
0 0.42940104166666665 0.4689814814814815 0.02921875 0.05814814814814814
0 0.5837239583333333 0.455462962962963 0.021718750000000002 0.0987037037037037
0 0.810546875 0.5559722222222223 0.07578125 0.3389814814814815
0 0.230078125 0.472962962962963 0.02421875 0.08796296296296297
