0 0.8549479166666667 0.5729629629629629 0.033749999999999995 0.12037037037037036
0 0.7115624999999999 0.5647222222222223 0.025625000000000002 0.12074074074074075
0 0.11497395833333333 0.5689351851851853 0.01359375 0.06916666666666667
0 0.47856770833333334 0.5200462962962963 0.01421875 0.05842592592592593
0 0.056588541666666665 0.5639351851851852 0.015156250000000001 0.0762037037037037
0 0.5564322916666666 0.5128703703703703 0.01598958333333333 0.065
0 0.44171875 0.4978703703703703 0.01 0.04777777777777778
0 0.23403645833333334 0.5051388888888889 0.008072916666666667 0.03509259259259259
0 0.07942708333333333 0.554675925925926 0.013125 0.07675925925925926
0 0.528046875 0.5160185185185184 0.01421875 0.05722222222222222
0 0.5203645833333334 0.5166203703703705 0.013645833333333333 0.05731481481481481
0 0.06841145833333333 0.5575925925925926 0.01421875 0.07425925925925926
0 0.5871875 0.5268055555555556 0.013854166666666667 0.06916666666666667
0 0.54015625 0.5099537037037037 0.018020833333333333 0.06157407407407407
0 0.59515625 0.5331018518518519 0.013541666666666667 0.07731481481481481
0 0.4608854166666667 0.5057407407407408 0.011666666666666665 0.046481481481481485
