0 0.6522916666666667 0.0838425925925926 0.03197916666666666 0.10972222222222222
0 0.77296875 0.07962962962962963 0.02822916666666667 0.13629629629629628
0 0.3783333333333333 0.24393518518518517 0.04125 0.10453703703703704
0 0.23036458333333334 0.10685185185185185 0.029479166666666667 0.15203703703703703
0 0.8949739583333334 0.11328703703703703 0.02984375 0.1462037037037037
0 0.9162239583333333 0.5220833333333333 0.04171875 0.19527777777777777
0 0.17046875 0.6497222222222223 0.04510416666666666 0.23074074074074072
0 0.5040625 0.1338425925925926 0.034270833333333334 0.16472222222222221
0 0.19940104166666667 0.18365740740740744 0.029739583333333333 0.16564814814814816
0 0.07007812499999999 0.4127314814814815 0.02703125 0.17379629629629628
0 0.13869791666666667 0.44962962962962966 0.0315625 0.18018518518518517
0 0.42966145833333336 0.2199074074074074 0.032135416666666666 0.16499999999999998
0 0.25549479166666667 0.2114814814814815 0.03723958333333333 0.1864814814814815
0 0.12729166666666666 0.19689814814814816 0.028541666666666667 0.1550925925925926
0 0.3812760416666666 0.07425925925925926 0.027760416666666666 0.14666666666666667
0 0.29536458333333326 0.5160648148148148 0.03520833333333333 0.19916666666666666
0 0.7948697916666666 0.6650925925925927 0.046197916666666665 0.2253703703703704
0 0.538984375 0.1598148148148148 0.03171875 0.17055555555555554
0 0.1602083333333333 0.20055555555555557 0.028333333333333332 0.15962962962962962
0 0.569609375 0.1527777777777778 0.02796875 0.15444444444444447
0 0.4806770833333333 0.4824074074074074 0.03739583333333333 0.1764814814814815
0 0.45234375 0.4812962962962963 0.04520833333333333 0.1987037037037037
0 0.3958072916666666 0.1726851851851852 0.02453125 0.1598148148148148
0 0.19187500000000002 0.8980092592592592 0.051666666666666666 0.20583333333333334
0 0.22408854166666667 0.48125 0.04307291666666667 0.21268518518518517
0 0.278125 0.17634259259259258 0.024895833333333332 0.1636111111111111
0 0.2534375 0.5099537037037037 0.033749999999999995 0.21324074074074076
0 0.5045572916666666 0.9228703703703703 0.03744791666666667 0.15611111111111112
0 0.21328125 0.8471759259259259 0.048854166666666664 0.2463888888888889
