0 0.7238020833333334 0.5612037037037038 0.026770833333333334 0.11685185185185186
0 0.8531510416666668 0.5718981481481481 0.02723958333333333 0.11712962962962963
0 0.14411458333333332 0.554074074074074 0.0134375 0.06777777777777778
0 0.4536979166666667 0.4935185185185185 0.011145833333333332 0.04703703703703704
0 0.08825520833333335 0.5492592592592593 0.014739583333333334 0.06962962962962964
0 0.489609375 0.5112962962962962 0.01296875 0.05907407407407407
0 0.5775260416666667 0.5093055555555556 0.01640625 0.06453703703703705
0 0.6192708333333333 0.544675925925926 0.021770833333333333 0.09083333333333332
0 0.5446093750000001 0.5127777777777778 0.013177083333333334 0.057962962962962966
0 0.259375 0.4979166666666667 0.008333333333333333 0.03638888888888889
0 0.11002604166666667 0.5379166666666667 0.01328125 0.07083333333333333
0 0.5326041666666667 0.5127777777777779 0.012291666666666668 0.05666666666666667
0 0.10070312499999999 0.5394444444444445 0.013802083333333333 0.06796296296296298
0 0.4810416666666667 0.5066203703703703 0.012187499999999999 0.051944444444444446
0 0.5909114583333334 0.5106481481481482 0.013489583333333333 0.0612962962962963
0 0.5984635416666667 0.5141666666666667 0.013697916666666667 0.062037037037037036
0 0.6070833333333334 0.526712962962963 0.015520833333333334 0.07194444444444445
0 0.461015625 0.4954166666666666 0.011614583333333334 0.047870370370370376
