0 0.6523177083333334 0.08356481481481481 0.03234375 0.11046296296296296
0 0.5972395833333334 0.2139814814814815 0.042395833333333334 0.16074074074074074
0 0.200234375 0.18046296296296294 0.029739583333333333 0.16814814814814813
0 0.78953125 0.13254629629629627 0.029166666666666667 0.13898148148148148
0 0.12453125 0.19407407407407407 0.027291666666666665 0.15611111111111112
0 0.38145833333333334 0.07453703703703704 0.029166666666666667 0.14722222222222223
0 0.23270833333333335 0.852638888888889 0.052708333333333336 0.2599074074074074
0 0.06950520833333333 0.4121296296296296 0.025677083333333333 0.17166666666666666
0 0.9166145833333333 0.5206018518518518 0.03979166666666667 0.19472222222222224
0 0.2419791666666667 0.36837962962962967 0.04041666666666666 0.20898148148148146
0 0.16458333333333333 0.19689814814814816 0.02802083333333333 0.1549074074074074
0 0.4964583333333333 0.28305555555555556 0.03677083333333333 0.1762962962962963
0 0.734765625 0.6379166666666667 0.054947916666666666 0.2263888888888889
0 0.6514322916666667 0.24231481481481482 0.023697916666666666 0.15148148148148147
0 0.29184895833333335 0.3194444444444444 0.038177083333333334 0.1872222222222222
0 0.2934375000000001 0.13962962962962963 0.025729166666666668 0.15796296296296294
0 0.7174999999999999 0.25527777777777777 0.03333333333333333 0.175
0 0.2638020833333333 0.22990740740740742 0.030312500000000003 0.14944444444444446
0 0.20888020833333334 0.07023148148148149 0.02453125 0.13787037037037037
0 0.4259635416666666 0.28291666666666665 0.032864583333333336 0.1763888888888889
0 0.075 0.6225462962962962 0.044375000000000005 0.2287962962962963
0 0.448828125 0.29398148148148145 0.02796875 0.1625925925925926
0 0.06283854166666666 0.7104629629629631 0.03473958333333334 0.20685185185185187
0 0.24671875 0.06870370370370371 0.0278125 0.13555555555555557
0 0.26598958333333333 0.11300925925925927 0.03208333333333333 0.1526851851851852
0 0.5971614583333333 0.9294444444444445 0.04536458333333333 0.14296296296296296
