0 0.500859375 0.4986111111111111 0.05098958333333334 0.10351851851851851
0 0.44953124999999994 0.4729629629629629 0.027916666666666666 0.07203703703703704
0 0.20619791666666665 0.4628240740740741 0.0228125 0.09768518518518518
0 0.229296875 0.4627777777777778 0.021510416666666664 0.07925925925925925
0 0.6658854166666667 0.46069444444444446 0.018333333333333333 0.0936111111111111
0 0.29934895833333336 0.5581018518518519 0.06744791666666666 0.3023148148148148
0 0.820234375 0.45694444444444443 0.02796875 0.12166666666666667
0 0.5338541666666666 0.46208333333333335 0.0215625 0.10324074074074074
0 0.5759114583333333 0.5022685185185186 0.018593750000000003 0.10805555555555556
0 0.3455729166666667 0.5425 0.05239583333333333 0.27296296296296296
0 0.5585677083333332 0.4986111111111111 0.021197916666666667 0.10666666666666667
0 0.3848958333333333 0.5246296296296297 0.04 0.20407407407407407
0 0.25643229166666665 0.48222222222222216 0.01765625 0.09888888888888889
0 0.4288541666666667 0.4693981481481481 0.029895833333333333 0.05731481481481481
0 0.5816927083333333 0.4601388888888889 0.01963541666666667 0.10675925925925926
