0 0.6199739583333332 0.3523148148148148 0.03515625 0.14722222222222223
0 0.3971354166666667 0.36259259259259263 0.05395833333333333 0.24277777777777776
0 0.46023437500000003 0.33587962962962964 0.028593749999999998 0.13842592592592592
0 0.5685677083333334 0.34 0.026302083333333334 0.1511111111111111
0 0.04536458333333333 0.37449074074074074 0.059583333333333335 0.26435185185185184
0 0.49796875 0.34120370370370373 0.028645833333333332 0.12814814814814815
0 0.9434114583333334 0.5918981481481481 0.11421875000000001 0.7513888888888889
0 0.6476302083333334 0.3277777777777778 0.01942708333333333 0.11018518518518519
0 0.5280729166666667 0.31277777777777777 0.013020833333333334 0.0512962962962963
0 0.3516666666666667 0.3211111111111111 0.013541666666666667 0.06444444444444444
0 0.29455729166666667 0.33092592592592596 0.022447916666666668 0.10296296296296296
0 0.36401041666666667 0.3224074074074074 0.013854166666666667 0.06796296296296298
0 0.3138020833333333 0.33175925925925925 0.016458333333333335 0.09722222222222222
0 0.34106770833333333 0.3199074074074074 0.01973958333333333 0.06814814814814814
