0 0.055677083333333335 0.5544444444444444 0.08791666666666667 0.32314814814814813
0 0.547109375 0.4889814814814815 0.03630208333333333 0.15962962962962962
0 0.448046875 0.4601851851851852 0.02411458333333333 0.11074074074074074
0 0.6722135416666667 0.5394444444444445 0.05390625 0.3575925925925926
0 0.36028645833333334 0.4454166666666667 0.014531249999999999 0.0675
0 0.10934895833333333 0.5061574074074073 0.039531250000000004 0.1899074074074074
0 0.4215885416666667 0.46125000000000005 0.020260416666666666 0.10101851851851851
0 0.24947916666666667 0.45921296296296293 0.014895833333333334 0.0762037037037037
0 0.40625 0.45023148148148145 0.018229166666666668 0.08638888888888889
0 0.4644010416666667 0.4561574074074074 0.019010416666666665 0.10027777777777777
0 0.21494791666666666 0.45125000000000004 0.011354166666666667 0.06027777777777777
0 0.20755208333333333 0.45092592592592595 0.011041666666666667 0.058333333333333334
0 0.196875 0.45129629629629625 0.011354166666666667 0.05462962962962963
0 0.241796875 0.45726851851851846 0.012343749999999999 0.07027777777777779
