0 0.6520312500000001 0.0826851851851852 0.03229166666666667 0.11055555555555556
0 0.3784114583333333 0.24310185185185187 0.04140625 0.10472222222222222
0 0.78703125 0.07125000000000001 0.0315625 0.1300925925925926
0 0.433984375 0.21305555555555558 0.03338541666666666 0.1587037037037037
0 0.9159375000000001 0.5193518518518518 0.0509375 0.19037037037037036
0 0.20057291666666668 0.1836574074074074 0.025625000000000002 0.1537962962962963
0 0.6037239583333333 0.05148148148148148 0.03526041666666667 0.10111111111111111
0 0.18408854166666666 0.41148148148148145 0.037135416666666664 0.19055555555555556
0 0.845703125 0.6537499999999999 0.05098958333333334 0.21787037037037038
0 0.2628385416666667 0.18689814814814815 0.024010416666666666 0.16212962962962962
0 0.305 0.18365740740740744 0.026770833333333334 0.16416666666666668
0 0.8635416666666667 0.23652777777777775 0.0396875 0.17120370370370372
0 0.4034895833333333 0.1461111111111111 0.024895833333333332 0.14425925925925928
0 0.23619791666666667 0.1886574074074074 0.03791666666666667 0.1497222222222222
0 0.13333333333333333 0.28726851851851853 0.0315625 0.18805555555555556
0 0.22731770833333334 0.07476851851851851 0.028593749999999998 0.14527777777777778
0 0.1590885416666667 0.2931944444444444 0.029010416666666667 0.17305555555555557
0 0.23908854166666668 0.6033796296296297 0.04057291666666667 0.23249999999999998
0 0.7927604166666666 0.23412037037037037 0.029166666666666667 0.1636111111111111
0 0.7594010416666668 0.9099537037037037 0.054322916666666665 0.18194444444444444
0 0.7151302083333333 0.9194444444444444 0.04296875 0.16296296296296298
0 0.19791666666666666 0.07370370370370372 0.027916666666666666 0.13962962962962963
0 0.16380208333333332 0.19337962962962965 0.026354166666666668 0.1576851851851852
0 0.4692447916666667 0.9307407407407406 0.03786458333333333 0.14037037037037037
0 0.16895833333333335 0.06638888888888889 0.019375 0.11777777777777779
