0 0.052578124999999996 0.4337962962962963 0.053802083333333334 0.22518518518518518
0 0.41479166666666667 0.3854166666666667 0.022395833333333334 0.11731481481481482
0 0.5258333333333334 0.41245370370370377 0.036041666666666666 0.1534259259259259
0 0.1705989583333333 0.40532407407407406 0.02984375 0.12861111111111112
0 0.4678645833333333 0.38768518518518524 0.025416666666666664 0.1201851851851852
0 0.57046875 0.3905092592592593 0.030729166666666665 0.15305555555555556
0 0.7929166666666667 0.4001388888888889 0.028645833333333332 0.13194444444444445
0 0.37424479166666663 0.37657407407407406 0.02109375 0.046296296296296294
0 0.11401041666666667 0.39652777777777776 0.01864583333333333 0.09453703703703703
0 0.274140625 0.3888425925925926 0.017135416666666667 0.0936111111111111
0 0.2996354166666667 0.3959722222222222 0.034479166666666665 0.14046296296296296
0 0.08705729166666666 0.3798148148148148 0.013489583333333333 0.06574074074074074
0 0.26283854166666665 0.3861574074074074 0.01484375 0.07935185185185185
0 0.39450520833333336 0.3723611111111111 0.01796875 0.05398148148148148
0 0.10369791666666667 0.38648148148148154 0.013229166666666665 0.07981481481481481
0 0.9732552083333332 0.58 0.05453125 0.5701851851851851
0 0.123125 0.39523148148148146 0.014166666666666666 0.08046296296296297
0 0.5084375 0.38791666666666663 0.020520833333333332 0.11435185185185186
0 0.2861458333333334 0.3903240740740741 0.022083333333333333 0.1126851851851852
0 0.43473958333333335 0.36162037037037037 0.014270833333333333 0.05898148148148148
