0 0.652578125 0.0837962962962963 0.031927083333333335 0.1087037037037037
0 0.37835937499999994 0.24282407407407408 0.04067708333333333 0.10287037037037036
0 0.217421875 0.08680555555555555 0.03203125 0.1497222222222222
0 0.8694270833333333 0.09050925925925926 0.0309375 0.14138888888888887
0 0.1652864583333333 0.1991203703703704 0.028593749999999998 0.15787037037037038
0 0.25674479166666664 0.23791666666666667 0.038802083333333334 0.19268518518518518
0 0.508203125 0.16578703703703704 0.03640625 0.17009259259259257
0 0.5578125 0.1798611111111111 0.0328125 0.17157407407407407
0 0.19875 0.18194444444444444 0.027708333333333335 0.16444444444444445
0 0.594375 0.16712962962962963 0.029895833333333333 0.15574074074074074
0 0.06955729166666667 0.4114351851851852 0.026302083333333334 0.17657407407407405
0 0.12098958333333333 0.6476851851851851 0.0459375 0.23333333333333334
0 0.9166927083333334 0.5211574074074075 0.04026041666666667 0.19694444444444442
0 0.12854166666666667 0.19532407407407407 0.02822916666666667 0.15194444444444444
0 0.43057291666666664 0.21976851851851853 0.0321875 0.15935185185185186
0 0.380859375 0.07412037037037036 0.028072916666666666 0.14546296296296296
0 0.22330729166666666 0.5392592592592592 0.04453125 0.21351851851851852
0 0.7814322916666666 0.10865740740740741 0.028489583333333336 0.14194444444444446
0 0.13690104166666667 0.4930092592592592 0.03203125 0.18527777777777776
0 0.159453125 0.8453240740740741 0.045989583333333334 0.2530555555555556
0 0.3938802083333333 0.398287037037037 0.03609375 0.17194444444444443
0 0.7662760416666666 0.6441666666666666 0.05192708333333333 0.2311111111111111
0 0.4432552083333334 0.43967592592592597 0.046302083333333334 0.19824074074074075
0 0.4766666666666666 0.4424074074074074 0.040937499999999995 0.17833333333333332
0 0.310859375 0.47337962962962965 0.03307291666666667 0.19694444444444442
0 0.40427083333333336 0.17416666666666666 0.024166666666666666 0.15925925925925927
0 0.46026041666666667 0.17337962962962963 0.022395833333333334 0.14472222222222222
0 0.28117187499999996 0.1874537037037037 0.02713541666666667 0.16268518518518518
0 0.26567708333333334 0.46953703703703703 0.03802083333333333 0.2064814814814815
0 0.5136979166666666 0.9259259259259259 0.042708333333333334 0.15
