0 0.6502864583333333 0.08319444444444445 0.03755208333333333 0.1087962962962963
0 0.378125 0.2437037037037037 0.04145833333333333 0.10537037037037036
0 0.22674479166666664 0.4475925925925926 0.04526041666666667 0.21962962962962962
0 0.7890104166666667 0.1337962962962963 0.028854166666666667 0.1385185185185185
0 0.27687500000000004 0.24606481481481482 0.050312499999999996 0.18324074074074076
0 0.7366145833333333 0.6382407407407407 0.05427083333333334 0.2274074074074074
0 0.38132812499999996 0.07435185185185185 0.02921875 0.14685185185185184
0 0.9170052083333332 0.5202314814814815 0.03911458333333333 0.1962037037037037
0 0.496328125 0.26379629629629625 0.04973958333333333 0.1712962962962963
0 0.19778645833333333 0.17981481481481482 0.028385416666666666 0.16444444444444445
0 0.1240625 0.19453703703703704 0.0259375 0.15166666666666667
0 0.5470833333333334 0.23393518518518516 0.041666666666666664 0.1723148148148148
0 0.075546875 0.6234722222222222 0.04453125 0.23194444444444445
0 0.10755208333333334 0.43023148148148144 0.035416666666666666 0.1776851851851852
0 0.16177083333333334 0.19541666666666668 0.027916666666666666 0.15675925925925926
0 0.43023437500000006 0.2184722222222222 0.032135416666666666 0.16157407407407406
0 0.711640625 0.25134259259259256 0.027760416666666666 0.15361111111111111
0 0.464453125 0.22152777777777777 0.031510416666666666 0.1676851851851852
0 0.018177083333333333 0.848287037037037 0.0353125 0.21972222222222224
0 0.223203125 0.15439814814814815 0.028177083333333335 0.14935185185185187
0 0.9806770833333334 0.3331944444444444 0.03927083333333334 0.18324074074074076
0 0.7933854166666666 0.2953703703703704 0.030729166666666665 0.18185185185185185
0 0.246484375 0.1198611111111111 0.028072916666666666 0.15712962962962962
0 0.26739583333333333 0.11009259259259259 0.025416666666666664 0.14092592592592593
0 0.29330729166666664 0.13935185185185187 0.020885416666666667 0.16574074074074074
0 0.7358072916666667 0.2801388888888889 0.021302083333333333 0.1547222222222222
