0 0.65234375 0.08328703703703703 0.03208333333333333 0.10972222222222222
0 0.5029687500000001 0.07291666666666667 0.030312500000000003 0.1439814814814815
0 0.25106770833333336 0.2839351851851852 0.03744791666666667 0.18027777777777776
0 0.378359375 0.24365740740740738 0.04140625 0.1050925925925926
0 0.07312500000000001 0.4111574074074074 0.029270833333333336 0.17731481481481481
0 0.201328125 0.18171296296296297 0.028489583333333336 0.16546296296296295
0 0.5390885416666666 0.08254629629629628 0.027760416666666666 0.14416666666666667
0 0.7571614583333334 0.6093981481481481 0.04859375 0.20212962962962963
0 0.9140625 0.5195833333333333 0.046875 0.19564814814814815
0 0.9229947916666668 0.22342592592592594 0.030677083333333334 0.1537037037037037
0 0.14924479166666668 0.2884259259259259 0.02755208333333333 0.16037037037037036
0 0.8279427083333333 0.6791666666666667 0.03911458333333333 0.225
0 0.16359375 0.1963425925925926 0.02875 0.15712962962962962
0 0.46515625 0.06587962962962962 0.028333333333333332 0.12842592592592592
0 0.2873177083333333 0.14958333333333335 0.02921875 0.15842592592592591
0 0.9764322916666667 0.456574074074074 0.044843749999999995 0.19203703703703703
0 0.19903645833333336 0.7480555555555556 0.03734375 0.23277777777777778
0 0.8830729166666667 0.4233796296296296 0.034166666666666665 0.1826851851851852
0 0.4295572916666667 0.22050925925925924 0.024427083333333332 0.1575
0 0.154765625 0.7286111111111112 0.05057291666666666 0.24296296296296294
0 0.49278645833333334 0.6680555555555555 0.05953125 0.22592592592592592
0 0.43721354166666665 0.6497222222222223 0.044843749999999995 0.23092592592592592
0 0.22989583333333333 0.06953703703703704 0.02364583333333333 0.13722222222222222
0 0.4061458333333333 0.1538425925925926 0.026979166666666665 0.14027777777777778
0 0.12989583333333335 0.2025462962962963 0.030104166666666664 0.14953703703703702
0 0.5288541666666666 0.6743518518518518 0.04302083333333333 0.21166666666666667
0 0.800078125 0.0500462962962963 0.029010416666666667 0.09824074074074074
0 0.5556770833333332 0.9265277777777777 0.044375000000000005 0.1487962962962963
0 0.23661458333333335 0.1941203703703704 0.0271875 0.1400925925925926
0 0.25026041666666665 0.12800925925925927 0.03822916666666667 0.18916666666666668
0 0.38510416666666664 0.16305555555555554 0.02645833333333333 0.1537037037037037
0 0.20348958333333333 0.07097222222222223 0.03260416666666667 0.12916666666666668
0 0.90796875 0.18069444444444444 0.03229166666666667 0.17657407407407405
