0 0.8598958333333333 0.6105555555555555 0.11197916666666667 0.42518518518518517
0 0.4133072916666667 0.5060185185185185 0.03380208333333334 0.19018518518518518
0 0.27395833333333336 0.47208333333333335 0.01864583333333333 0.10101851851851851
0 0.6184635416666667 0.4621296296296296 0.026302083333333334 0.10407407407407408
0 0.5647656249999999 0.6635185185185184 0.08098958333333334 0.5729629629629629
0 0.7590885416666667 0.529537037037037 0.07203125 0.26425925925925925
0 0.4929166666666667 0.6296296296296297 0.09083333333333334 0.46925925925925926
0 0.22700520833333335 0.4828703703703704 0.024739583333333332 0.09722222222222222
0 0.21028645833333334 0.4801851851851852 0.02276041666666667 0.10500000000000001
0 0.3501822916666667 0.46069444444444446 0.013385416666666667 0.06824074074074074
0 0.448046875 0.4743518518518518 0.030052083333333333 0.06166666666666666
0 0.30783854166666663 0.4547222222222222 0.013697916666666667 0.05537037037037037
0 0.2950260416666666 0.45546296296296296 0.013697916666666667 0.05814814814814814
0 0.31565104166666663 0.4521759259259259 0.012552083333333333 0.05324074074074074
