0 0.9630729166666667 0.3062037037037037 0.022604166666666665 0.11648148148148148
0 0.3138020833333333 0.3864351851851852 0.11947916666666666 0.5321296296296296
0 0.45294270833333333 0.3632870370370371 0.09171875 0.43583333333333335
0 0.7379947916666666 0.31324074074074076 0.020677083333333336 0.10851851851851853
0 0.5373958333333333 0.3536574074074074 0.09104166666666667 0.48638888888888887
0 0.8486718749999999 0.3060185185185185 0.017552083333333336 0.09907407407407408
0 0.6445052083333334 0.36064814814814816 0.05692708333333333 0.34574074074074074
0 0.6004166666666666 0.3163425925925926 0.02375 0.11546296296296296
0 0.7618489583333333 0.3069907407407407 0.01390625 0.06324074074074074
0 0.7151041666666667 0.31328703703703703 0.014583333333333334 0.08046296296296297
0 0.70234375 0.31550925925925927 0.0134375 0.08527777777777777
0 0.9471354166666667 0.3058333333333333 0.017395833333333333 0.0961111111111111
0 0.6930729166666666 0.3135648148148148 0.012083333333333333 0.0813888888888889
0 0.7532291666666666 0.3073148148148148 0.0146875 0.08037037037037037
