0 0.6523958333333334 0.08263888888888889 0.0321875 0.10953703703703703
0 0.378515625 0.2437037037037037 0.04130208333333333 0.10500000000000001
0 0.7871354166666666 0.07351851851851852 0.030520833333333334 0.135
0 0.8539322916666666 0.2146759259259259 0.03692708333333334 0.16916666666666666
0 0.783046875 0.20453703703703702 0.02765625 0.16055555555555556
0 0.916484375 0.5188425925925926 0.05046875 0.19305555555555556
0 0.3065625 0.18462962962962964 0.0275 0.16555555555555557
0 0.17515625 0.4511574074074074 0.038125 0.19842592592592595
0 0.7083854166666667 0.8653240740740741 0.04927083333333333 0.24824074074074076
0 0.23541666666666666 0.21509259259259259 0.03885416666666666 0.15203703703703703
0 0.8455989583333333 0.652962962962963 0.05046875 0.21777777777777776
0 0.21833333333333335 0.6141666666666667 0.036562500000000005 0.23277777777777778
0 0.2654947916666667 0.21310185185185185 0.024947916666666667 0.16898148148148148
0 0.4306510416666667 0.21162037037037038 0.025156249999999998 0.16398148148148148
0 0.6636197916666667 0.8807870370370371 0.04578125 0.24027777777777778
0 0.20072916666666665 0.18199074074074076 0.0259375 0.1612037037037037
0 0.26005208333333335 0.08884259259259258 0.024166666666666666 0.13157407407407407
0 0.40369791666666666 0.1463888888888889 0.02625 0.14425925925925928
0 0.17411458333333332 0.2799074074074074 0.030104166666666664 0.16685185185185183
0 0.1484375 0.27518518518518525 0.03166666666666666 0.18129629629629632
0 0.22791666666666666 0.09620370370370371 0.030416666666666665 0.15092592592592594
0 0.5481770833333334 0.043055555555555555 0.03229166666666667 0.08185185185185186
0 0.1321875 0.2 0.0275 0.15296296296296294
0 0.4546875 0.9305555555555556 0.043645833333333335 0.14074074074074075
