0 0.6519270833333334 0.08356481481481481 0.03145833333333333 0.10972222222222222
0 0.05901041666666667 0.7076388888888889 0.0621875 0.23157407407407407
0 0.124609375 0.19550925925925927 0.029427083333333333 0.1550925925925926
0 0.3784114583333333 0.24361111111111108 0.04078125 0.10444444444444444
0 0.23385416666666667 0.6805555555555556 0.04854166666666667 0.22796296296296295
0 0.79015625 0.13296296296296295 0.0284375 0.1388888888888889
0 0.38140625 0.07444444444444445 0.029062499999999998 0.14703703703703705
0 0.06953125 0.40976851851851853 0.02625 0.17675925925925925
0 0.28981770833333337 0.20074074074074072 0.032135416666666666 0.15018518518518517
0 0.9165625 0.5208796296296296 0.04041666666666666 0.1950925925925926
0 0.16505208333333332 0.19703703703703704 0.028541666666666667 0.1575925925925926
0 0.1996875 0.18050925925925926 0.028541666666666667 0.1673148148148148
0 0.7344010416666666 0.639537037037037 0.054114583333333334 0.22851851851851854
0 0.23942708333333332 0.2980555555555555 0.04052083333333333 0.2025925925925926
0 0.2880989583333333 0.3856944444444444 0.038697916666666665 0.20157407407407407
0 0.4301822916666667 0.2196759259259259 0.030989583333333334 0.15787037037037038
0 0.5591145833333333 0.2025925925925926 0.026145833333333333 0.14574074074074075
0 0.480390625 0.23476851851851852 0.038697916666666665 0.17064814814814816
0 0.13606770833333334 0.6025462962962963 0.032552083333333336 0.20046296296296295
0 0.4366145833333333 0.36796296296296294 0.03697916666666667 0.1724074074074074
0 0.6213020833333334 0.2201851851851852 0.033229166666666664 0.1737037037037037
0 0.22080729166666666 0.11458333333333333 0.03328125 0.15657407407407406
0 0.6477343750000001 0.21231481481481482 0.02703125 0.15962962962962962
0 0.4098177083333333 0.3647222222222222 0.037031249999999995 0.1938888888888889
0 0.5244010416666667 0.9247685185185185 0.038385416666666665 0.15231481481481482
