0 0.6524739583333333 0.08347222222222223 0.031822916666666666 0.10990740740740741
0 0.37817708333333333 0.24333333333333335 0.041666666666666664 0.10407407407407408
0 0.8716145833333333 0.10333333333333335 0.03927083333333334 0.16092592592592594
0 0.596015625 0.5190277777777778 0.03796875 0.1912037037037037
0 0.20088541666666665 0.18143518518518517 0.028854166666666667 0.1673148148148148
0 0.20973958333333334 0.04819444444444444 0.03125 0.09453703703703703
0 0.25328125 0.36518518518518517 0.04083333333333334 0.19425925925925927
0 0.07026041666666667 0.4121296296296296 0.027916666666666666 0.17685185185185184
0 0.9408333333333333 0.1700462962962963 0.03364583333333333 0.14935185185185187
0 0.445546875 0.053842592592592595 0.028072916666666666 0.10564814814814814
0 0.19598958333333333 0.6145833333333334 0.0465625 0.2262037037037037
0 0.511796875 0.10791666666666667 0.03348958333333333 0.16564814814814816
0 0.8544010416666666 0.7008333333333333 0.04265625 0.2274074074074074
0 0.161328125 0.19592592592592592 0.029010416666666667 0.15574074074074074
0 0.2506510416666667 0.6351851851851852 0.03651041666666666 0.2172222222222222
0 0.42997395833333335 0.21916666666666665 0.03057291666666667 0.16037037037037036
0 0.12268229166666668 0.35842592592592587 0.028802083333333332 0.1688888888888889
0 0.12955729166666666 0.2023611111111111 0.03046875 0.14694444444444443
0 0.5427083333333333 0.11916666666666666 0.028125 0.15351851851851853
0 0.9152083333333334 0.520462962962963 0.04083333333333334 0.19703703703703704
0 0.7617447916666666 0.04111111111111111 0.02703125 0.07925925925925925
0 0.25330729166666666 0.1574537037037037 0.037760416666666664 0.18287037037037038
0 0.46513020833333335 0.5668518518518519 0.04578125 0.2122222222222222
0 0.4065625 0.16069444444444445 0.025625000000000002 0.1260185185185185
0 0.4963020833333333 0.5736574074074073 0.0396875 0.19194444444444445
0 0.9475260416666667 0.4991666666666667 0.03630208333333333 0.19166666666666668
0 0.27585937499999996 0.1523611111111111 0.026510416666666665 0.15935185185185186
0 0.53203125 0.9200925925925926 0.04541666666666667 0.16166666666666665
0 0.3449479166666667 0.6312962962962962 0.044895833333333336 0.21851851851851853
