0 0.652109375 0.08328703703703703 0.03171875 0.11046296296296296
0 0.791171875 0.06625 0.03078125 0.13046296296296298
0 0.3784895833333334 0.24439814814814814 0.04114583333333333 0.1063888888888889
0 0.532109375 0.05703703703703704 0.028697916666666667 0.11222222222222222
0 0.10213541666666667 0.3897222222222222 0.03510416666666667 0.17814814814814817
0 0.8851822916666667 0.09532407407407407 0.028281249999999997 0.1476851851851852
0 0.21973958333333332 0.25870370370370366 0.03145833333333333 0.1748148148148148
0 0.9168229166666666 0.5212962962962963 0.041979166666666665 0.18814814814814815
0 0.25760416666666663 0.205 0.034791666666666665 0.1688888888888889
0 0.164453125 0.19476851851851854 0.02796875 0.16101851851851853
0 0.4743229166666667 0.056435185185185185 0.0278125 0.11101851851851853
0 0.4252083333333333 0.21638888888888888 0.02875 0.16203703703703703
0 0.9262760416666665 0.6863425925925926 0.03630208333333333 0.20342592592592593
0 0.9832812499999999 0.2874537037037037 0.034479166666666665 0.17379629629629628
0 0.4492708333333333 0.6817592592592592 0.03729166666666666 0.23962962962962964
0 0.8340885416666667 0.6655092592592593 0.03307291666666667 0.22546296296296298
0 0.853671875 0.0910648148148148 0.02921875 0.16157407407407406
0 0.49919270833333335 0.05578703703703704 0.030052083333333333 0.10824074074074075
0 0.40114583333333337 0.16291666666666665 0.034479166666666665 0.15842592592592591
0 0.8498437499999999 0.3671759259259259 0.0334375 0.1836111111111111
0 0.12994791666666666 0.20203703703703701 0.0334375 0.14722222222222223
0 0.9123697916666667 0.3893981481481481 0.046197916666666665 0.1960185185185185
0 0.12565104166666666 0.8497685185185185 0.048802083333333336 0.24935185185185185
0 0.16403645833333333 0.8701851851851852 0.04234375 0.24574074074074073
0 0.25440104166666666 0.08287037037037037 0.039635416666666666 0.16055555555555556
0 0.2831770833333333 0.1750462962962963 0.029062499999999998 0.17009259259259257
0 0.5251041666666667 0.7806018518518518 0.06260416666666667 0.24287037037037038
0 0.9330729166666667 0.27166666666666667 0.030520833333333334 0.1612962962962963
0 0.19606770833333334 0.22939814814814816 0.024010416666666666 0.14824074074074073
0 0.220625 0.09953703703703703 0.024166666666666666 0.14925925925925926
0 0.3115625 0.1360648148148148 0.021354166666666667 0.14175925925925925
0 0.5613541666666666 0.7964814814814816 0.035625000000000004 0.23629629629629628
0 0.5638541666666667 0.9311574074074074 0.0375 0.13953703703703701
