0 0.439296875 0.3781481481481481 0.02140625 0.1175925925925926
0 0.06177083333333333 0.4312037037037037 0.05708333333333333 0.2351851851851852
0 0.5973697916666667 0.3852314814814815 0.03203125 0.1587962962962963
0 0.5445052083333334 0.4018055555555555 0.038072916666666665 0.15731481481481482
0 0.19651041666666666 0.3984722222222222 0.027395833333333335 0.12435185185185187
0 0.48169270833333333 0.3814814814814815 0.02723958333333333 0.1224074074074074
0 0.13505208333333335 0.3923148148148148 0.019375 0.09796296296296296
0 0.39820312500000005 0.3699537037037037 0.017552083333333336 0.04657407407407407
0 0.01963541666666667 0.44060185185185186 0.035520833333333335 0.18398148148148147
0 0.29184895833333335 0.38305555555555554 0.018072916666666668 0.09796296296296296
0 0.8257031250000001 0.39412037037037034 0.03171875 0.1363888888888889
0 0.11 0.37148148148148147 0.011666666666666665 0.062037037037037036
0 0.2776302083333333 0.3829166666666667 0.01484375 0.07768518518518519
0 0.9676041666666666 0.569675925925926 0.06583333333333334 0.5658333333333333
0 0.33450520833333336 0.39472222222222225 0.03307291666666667 0.14296296296296296
