0 0.6022135416666666 0.3351851851851852 0.03171875 0.13277777777777777
0 0.6402083333333334 0.3250462962962963 0.034166666666666665 0.12250000000000001
0 0.4075520833333333 0.34032407407407406 0.033854166666666664 0.1663888888888889
0 0.10109375 0.3295370370370371 0.022395833333333334 0.09037037037037036
0 0.4851822916666667 0.3413425925925926 0.02703125 0.09435185185185185
0 0.5069791666666666 0.3486574074074074 0.026875 0.0875
0 0.4565624999999999 0.34314814814814815 0.030520833333333334 0.14722222222222223
0 0.05919270833333334 0.33351851851851855 0.04359375 0.12296296296296297
0 0.5378125 0.3126388888888889 0.017604166666666664 0.0700925925925926
0 0.81015625 0.41287037037037033 0.06947916666666668 0.46685185185185185
0 0.3809895833333333 0.3286574074074074 0.02333333333333333 0.09842592592592592
0 0.5622916666666666 0.30597222222222226 0.0125 0.05064814814814815
0 0.3207291666666666 0.3136574074074074 0.013333333333333334 0.046203703703703705
0 0.33536458333333335 0.3113888888888889 0.011666666666666665 0.04296296296296296
0 0.5702083333333334 0.30722222222222223 0.012395833333333333 0.0512962962962963
0 0.341796875 0.31189814814814815 0.01171875 0.04231481481481482
0 0.3528125 0.30787037037037035 0.011354166666666667 0.04351851851851852
0 0.312734375 0.3117592592592593 0.013489583333333333 0.046481481481481485
