0 0.7683333333333333 0.5957407407407408 0.10145833333333334 0.37833333333333335
0 0.27544270833333334 0.4725925925925926 0.018177083333333333 0.10296296296296296
0 0.38299479166666667 0.5047685185185184 0.037760416666666664 0.18398148148148147
0 0.21486979166666667 0.48333333333333334 0.021718750000000002 0.10462962962962963
0 0.4669270833333333 0.6252777777777777 0.07479166666666666 0.4542592592592593
0 0.5459635416666667 0.674675925925926 0.08421875 0.6056481481481482
0 0.8613541666666666 0.5409259259259259 0.06583333333333334 0.3118518518518519
0 0.24645833333333333 0.4737037037037037 0.016354166666666666 0.10166666666666667
0 0.34825520833333334 0.4602314814814815 0.014114583333333335 0.06712962962962964
0 0.30911458333333336 0.4546296296296296 0.011979166666666667 0.05611111111111111
0 0.33479166666666665 0.454537037037037 0.0134375 0.05648148148148148
0 0.29583333333333334 0.455 0.0125 0.05703703703703704
0 0.3589583333333334 0.4673148148148148 0.0184375 0.07388888888888889
