0 0.44947916666666665 0.473287037037037 0.027604166666666666 0.06972222222222221
0 0.12580729166666668 0.5716666666666667 0.11151041666666667 0.3335185185185185
0 0.6175260416666667 0.6668981481481482 0.10911458333333333 0.5639814814814815
0 0.365390625 0.5355555555555556 0.07276041666666666 0.3188888888888889
0 0.42963541666666666 0.46981481481481485 0.029583333333333333 0.0575925925925926
0 0.4851822916666667 0.4847222222222222 0.03015625 0.16314814814814813
0 0.21786458333333333 0.5726388888888889 0.071875 0.32490740740740737
0 0.2758333333333333 0.5391203703703704 0.0546875 0.2715740740740741
0 0.5440364583333334 0.6287962962962963 0.06953125 0.4759259259259259
0 0.30835937500000005 0.46194444444444444 0.011927083333333333 0.053703703703703705
