0 0.4877864583333333 0.47314814814814815 0.037656249999999995 0.16
0 0.405234375 0.4447222222222222 0.025052083333333332 0.11462962962962962
0 0.6478645833333334 0.45402777777777775 0.022291666666666664 0.1100925925925926
0 0.32687499999999997 0.43046296296296294 0.014375 0.0651851851851852
0 0.7669010416666667 0.5885648148148149 0.09692708333333333 0.5450925925925927
0 0.4422135416666667 0.44185185185185183 0.021822916666666668 0.10888888888888888
0 0.37872395833333333 0.4491203703703704 0.023072916666666665 0.10657407407407407
0 0.261875 0.45481481481481484 0.0253125 0.11685185185185186
0 0.02338541666666667 0.4971296296296296 0.03822916666666667 0.1962962962962963
0 0.2828125 0.4396296296296296 0.019479166666666665 0.08407407407407406
0 0.04666666666666666 0.48875 0.03729166666666666 0.17453703703703705
0 0.06838541666666667 0.4701851851851852 0.030000000000000002 0.13518518518518519
