0 0.5010416666666667 0.5003240740740741 0.05 0.10305555555555555
0 0.4494270833333333 0.47337962962962965 0.02802083333333333 0.0700925925925926
0 0.7622656250000001 0.4591203703703704 0.03505208333333333 0.12083333333333333
0 0.8585677083333334 0.5708796296296296 0.09734375 0.4052777777777778
0 0.20690104166666667 0.46273148148148147 0.02203125 0.09768518518518518
0 0.33432291666666664 0.5344907407407408 0.0471875 0.25046296296296294
0 0.27585937499999996 0.5484259259259259 0.06296875 0.2733333333333333
0 0.22916666666666666 0.4658333333333334 0.022500000000000003 0.08259259259259259
0 0.4291145833333333 0.46893518518518523 0.029583333333333333 0.05805555555555556
0 0.5382552083333334 0.4599074074074074 0.02276041666666667 0.10962962962962963
0 0.6634114583333334 0.4612037037037037 0.018072916666666668 0.09259259259259259
0 0.576875 0.4997685185185185 0.017604166666666664 0.11194444444444444
0 0.5595312499999999 0.4996759259259259 0.020104166666666666 0.10083333333333334
0 0.5828645833333334 0.4565277777777778 0.021041666666666667 0.09990740740740742
0 0.923046875 0.5752777777777778 0.08765625 0.33111111111111113
