0 0.6525000000000001 0.08370370370370371 0.0321875 0.10981481481481481
0 0.378359375 0.24319444444444444 0.04140625 0.1050925925925926
0 0.5026041666666666 0.06986111111111111 0.030312500000000003 0.13787037037037037
0 0.5387500000000001 0.07476851851851851 0.028125 0.14601851851851852
0 0.251953125 0.26810185185185187 0.03536458333333334 0.18787037037037038
0 0.9166927083333333 0.23060185185185186 0.032656250000000005 0.15101851851851852
0 0.15140625 0.7483796296296297 0.051250000000000004 0.2460185185185185
0 0.46947916666666667 0.06226851851851852 0.028958333333333332 0.12268518518518519
0 0.15557291666666667 0.27555555555555555 0.027395833333333335 0.1627777777777778
0 0.2011197916666667 0.1837962962962963 0.02796875 0.1638888888888889
0 0.967578125 0.4438888888888889 0.04171875 0.1962962962962963
0 0.8763020833333334 0.4192592592592592 0.034375 0.18537037037037035
0 0.9126041666666667 0.5206944444444445 0.04916666666666667 0.1925
0 0.80015625 0.05324074074074074 0.029791666666666668 0.1024074074074074
0 0.8233854166666668 0.6770833333333334 0.0390625 0.2262037037037037
0 0.43109374999999994 0.21810185185185185 0.024895833333333332 0.1612037037037037
0 0.28583333333333333 0.1522685185185185 0.030208333333333334 0.1599074074074074
0 0.07479166666666666 0.40935185185185186 0.028645833333333332 0.17314814814814813
0 0.8908333333333334 0.13060185185185186 0.035625000000000004 0.16305555555555554
0 0.12950520833333332 0.20097222222222225 0.03276041666666667 0.14916666666666667
0 0.194453125 0.7727314814814814 0.03786458333333333 0.23564814814814813
0 0.4443489583333333 0.654537037037037 0.046510416666666665 0.23222222222222225
0 0.49614583333333334 0.6848148148148149 0.05510416666666666 0.22722222222222221
0 0.4058333333333333 0.1548148148148148 0.027395833333333335 0.13537037037037036
0 0.7851822916666666 0.6134259259259259 0.04359375 0.18574074074074073
0 0.5339322916666667 0.6864814814814815 0.04692708333333333 0.2016666666666667
0 0.25018229166666667 0.12467592592592593 0.03640625 0.16805555555555557
0 0.2283072916666667 0.07324074074074073 0.022447916666666668 0.1425925925925926
0 0.162109375 0.19624999999999998 0.02723958333333333 0.16046296296296297
0 0.3847916666666667 0.16296296296296298 0.028333333333333332 0.15518518518518518
0 0.5567708333333333 0.9269444444444445 0.044895833333333336 0.14796296296296296
