0 0.41953125 0.38416666666666666 0.022708333333333334 0.11462962962962962
0 0.053828125 0.44296296296296295 0.054947916666666666 0.23055555555555557
0 0.17653645833333337 0.41055555555555556 0.02744791666666667 0.12925925925925924
0 0.5786197916666667 0.39361111111111113 0.029739583333333333 0.15537037037037038
0 0.5298958333333333 0.4148148148148148 0.036458333333333336 0.15444444444444447
0 0.4723177083333333 0.3915277777777778 0.026614583333333334 0.1252777777777778
0 0.8008854166666666 0.4046759259259259 0.029270833333333336 0.12805555555555556
0 0.37919270833333335 0.3830092592592592 0.018177083333333333 0.04953703703703704
0 0.121015625 0.40125 0.01765625 0.09527777777777778
0 0.2797916666666666 0.3917592592592593 0.0175 0.09740740740740741
0 0.25690104166666666 0.38962962962962966 0.01359375 0.07777777777777778
0 0.086875 0.3840277777777778 0.0115625 0.05564814814814815
0 0.5104166666666666 0.3882407407407408 0.0175 0.10648148148148148
0 0.3029427083333333 0.3934259259259259 0.026302083333333334 0.11481481481481481
