0 0.6526041666666667 0.08310185185185186 0.03260416666666667 0.11027777777777777
0 0.3784895833333334 0.24421296296296297 0.042291666666666665 0.1063888888888889
0 0.7941927083333333 0.06347222222222222 0.03078125 0.1250925925925926
0 0.533984375 0.06027777777777777 0.028593749999999998 0.11870370370370369
0 0.09630208333333333 0.39467592592592593 0.034479166666666665 0.1763888888888889
0 0.22471354166666666 0.25152777777777774 0.03203125 0.17064814814814816
0 0.8883854166666667 0.10245370370370371 0.028958333333333332 0.15583333333333335
0 0.8987239583333333 0.6691666666666667 0.045572916666666664 0.19462962962962962
0 0.50015625 0.05708333333333333 0.028958333333333332 0.11231481481481481
0 0.4730989583333333 0.058379629629629635 0.02671875 0.11453703703703703
0 0.18567708333333333 0.240787037037037 0.026354166666666668 0.15527777777777776
0 0.25833333333333336 0.21754629629629632 0.037187500000000005 0.1789814814814815
0 0.4267708333333333 0.2148611111111111 0.03166666666666666 0.16527777777777777
0 0.829296875 0.6647222222222222 0.038489583333333334 0.22185185185185186
0 0.920703125 0.3978703703703704 0.045989583333333334 0.18462962962962964
0 0.5169010416666666 0.7553703703703704 0.060572916666666664 0.23425925925925925
0 0.8568229166666667 0.09810185185185184 0.028958333333333332 0.16453703703703704
0 0.858046875 0.37138888888888894 0.03296875 0.1787037037037037
0 0.9173697916666668 0.5210185185185185 0.04078125 0.19333333333333336
0 0.44953124999999994 0.6806481481481482 0.03885416666666666 0.23314814814814816
0 0.9782291666666667 0.2667592592592593 0.04114583333333333 0.18407407407407408
0 0.12942708333333333 0.19944444444444445 0.0334375 0.14981481481481482
0 0.13130208333333335 0.8288425925925925 0.04927083333333333 0.26064814814814813
0 0.16458333333333333 0.19333333333333336 0.02822916666666667 0.16018518518518518
0 0.17119791666666667 0.8513888888888889 0.04041666666666666 0.24166666666666667
0 0.2826302083333333 0.16861111111111113 0.030260416666666668 0.16648148148148148
0 0.9240364583333334 0.26435185185185184 0.03307291666666667 0.16611111111111113
0 0.3945052083333333 0.16499999999999998 0.03557291666666666 0.15296296296296294
0 0.25341145833333334 0.08972222222222223 0.038489583333333334 0.1675925925925926
0 0.201484375 0.1846759259259259 0.027760416666666666 0.1775
0 0.22010416666666666 0.09444444444444444 0.024374999999999997 0.15074074074074076
0 0.5551041666666666 0.7724537037037037 0.03833333333333333 0.22916666666666666
0 0.5594791666666666 0.9316666666666666 0.041666666666666664 0.1385185185185185
