0 0.6306510416666666 0.36041666666666666 0.030989583333333334 0.14287037037037037
0 0.5432552083333334 0.32504629629629633 0.014739583333333334 0.059166666666666666
0 0.458359375 0.3481018518518519 0.03015625 0.14694444444444443
0 0.2859375 0.4273148148148148 0.0878125 0.3762962962962963
0 0.6949739583333334 0.3488888888888889 0.021302083333333333 0.11148148148148149
0 0.49963541666666667 0.35421296296296295 0.029166666666666667 0.13435185185185183
0 0.590390625 0.35685185185185186 0.03046875 0.1625925925925926
0 0.39260416666666664 0.32680555555555557 0.015104166666666667 0.06583333333333333
0 0.3685677083333333 0.3281018518518518 0.01421875 0.06324074074074074
0 0.3765104166666667 0.3284259259259259 0.015625 0.06537037037037037
0 0.3560677083333334 0.32750000000000007 0.013489583333333333 0.06314814814814815
