0 0.02950520833333333 0.3825462962962963 0.045468749999999995 0.1849074074074074
0 0.587265625 0.38268518518518513 0.03484375 0.15074074074074076
0 0.77796875 0.6100462962962963 0.12270833333333334 0.6471296296296296
0 0.9324479166666666 0.5877314814814815 0.13614583333333333 0.6939814814814815
0 0.15979166666666664 0.3464351851851852 0.021249999999999998 0.10731481481481482
0 0.36921875 0.36648148148148146 0.04677083333333333 0.18907407407407406
0 0.5011197916666666 0.36495370370370367 0.030989583333333334 0.14953703703703702
0 0.524921875 0.3635648148148148 0.02796875 0.1376851851851852
0 0.6317447916666666 0.35976851851851854 0.01921875 0.10898148148148148
0 0.4278385416666666 0.33416666666666667 0.01265625 0.05814814814814814
0 0.293671875 0.3503240740740741 0.026406250000000003 0.1375
0 0.143125 0.32675925925925925 0.014895833333333334 0.07222222222222222
0 0.4055208333333333 0.33361111111111114 0.011770833333333335 0.05611111111111111
0 0.56484375 0.3549074074074074 0.0190625 0.09462962962962963
