0 0.652265625 0.08347222222222223 0.031822916666666666 0.10953703703703703
0 0.37830729166666666 0.24393518518518517 0.04057291666666667 0.10453703703703704
0 0.5515885416666666 0.48703703703703705 0.03578125 0.18388888888888888
0 0.7610677083333334 0.05199074074074074 0.026197916666666664 0.10046296296296296
0 0.8615104166666667 0.07328703703703704 0.036875 0.14472222222222222
0 0.5506510416666667 0.13412037037037036 0.028385416666666666 0.1562037037037037
0 0.24385416666666665 0.40546296296296297 0.043125 0.19666666666666668
0 0.9276822916666666 0.15347222222222223 0.03234375 0.1476851851851852
0 0.24958333333333332 0.17300925925925928 0.036458333333333336 0.18787037037037038
0 0.916328125 0.5212037037037037 0.04057291666666667 0.19648148148148148
0 0.07010416666666666 0.41226851851851853 0.027604166666666666 0.17546296296296296
0 0.12320312500000001 0.20291666666666666 0.030260416666666668 0.1487962962962963
0 0.16403645833333333 0.20069444444444445 0.02921875 0.15953703703703706
0 0.20427083333333332 0.18305555555555555 0.028333333333333332 0.16333333333333333
0 0.5172916666666666 0.13092592592592592 0.03364583333333333 0.16037037037037036
0 0.9660416666666667 0.5355092592592593 0.035625000000000004 0.18898148148148147
0 0.43062500000000004 0.21944444444444444 0.03145833333333333 0.1622222222222222
0 0.45078125 0.04837962962962963 0.0265625 0.09287037037037037
0 0.9781770833333334 0.1309722222222222 0.02802083333333333 0.15527777777777776
0 0.2840625 0.6463888888888888 0.05458333333333333 0.22462962962962962
0 0.8368749999999999 0.6901851851851851 0.04697916666666667 0.22925925925925925
0 0.12958333333333333 0.3857407407407408 0.02875 0.17203703703703704
0 0.2788020833333333 0.16083333333333333 0.0234375 0.15092592592592594
0 0.22135416666666666 0.5806018518518518 0.04375 0.21972222222222224
0 0.492734375 0.5416666666666666 0.04244791666666667 0.1962962962962963
0 0.46166666666666667 0.5384722222222221 0.043645833333333335 0.2075
0 0.49859375 0.07875 0.0321875 0.14824074074074073
0 0.40882812500000004 0.15643518518518518 0.022239583333333333 0.13972222222222222
0 0.51796875 0.9287962962962963 0.041666666666666664 0.14425925925925928
0 0.210546875 0.04078703703703703 0.021718750000000002 0.07268518518518519
