0 0.6523958333333333 0.0824074074074074 0.0328125 0.1111111111111111
0 0.3784114583333333 0.24324074074074073 0.04119791666666666 0.10518518518518517
0 0.4213020833333333 0.20444444444444446 0.0265625 0.16796296296296298
0 0.301484375 0.18824074074074076 0.03171875 0.1635185185185185
0 0.9171354166666666 0.5181944444444444 0.039375 0.19990740740740742
0 0.17145833333333332 0.5805555555555556 0.040937499999999995 0.21777777777777776
0 0.8462760416666666 0.6553240740740741 0.05234375 0.2175
0 0.7885677083333335 0.09393518518518519 0.030885416666666665 0.13657407407407407
0 0.2646875 0.16921296296296295 0.03145833333333333 0.1599074074074074
0 0.15971354166666665 0.24500000000000002 0.03046875 0.1827777777777778
0 0.40510416666666665 0.14046296296296296 0.029166666666666667 0.14777777777777779
0 0.134765625 0.1999537037037037 0.02703125 0.1562037037037037
0 0.14588541666666668 0.057731481481481474 0.0278125 0.11305555555555555
0 0.190390625 0.2562962962962963 0.026510416666666665 0.1638888888888889
0 0.7635677083333333 0.13592592592592595 0.025260416666666667 0.1487037037037037
0 0.22117187500000002 0.29907407407407405 0.03421875 0.16462962962962965
0 0.8484114583333333 0.05907407407407407 0.02765625 0.11629629629629629
0 0.245390625 0.2961574074074074 0.028802083333333332 0.1749074074074074
0 0.5905729166666666 0.6775462962962963 0.05083333333333333 0.23657407407407408
0 0.5528385416666667 0.6900462962962963 0.04067708333333333 0.23194444444444445
0 0.23486979166666666 0.1616203703703704 0.02890625 0.15046296296296297
0 0.24479166666666666 0.04282407407407408 0.02354166666666667 0.0837962962962963
0 0.33294270833333334 0.6512037037037036 0.03911458333333333 0.22685185185185186
