0 0.7819010416666666 0.5624537037037036 0.025156249999999998 0.11231481481481481
0 0.6898958333333333 0.5167129629629629 0.014583333333333334 0.06787037037037037
0 0.16416666666666666 0.532962962962963 0.013020833333333334 0.06611111111111112
0 0.213671875 0.5416203703703703 0.012864583333333334 0.062129629629629625
0 0.49302083333333335 0.4912037037037037 0.011145833333333332 0.046296296296296294
0 0.590078125 0.510787037037037 0.013177083333333334 0.05842592592592593
0 0.533671875 0.5091203703703703 0.012239583333333333 0.0537962962962963
0 0.58015625 0.5099074074074074 0.011979166666666667 0.05537037037037037
0 0.5410677083333333 0.5087499999999999 0.011510416666666667 0.05212962962962963
0 0.1816927083333333 0.5277314814814815 0.01296875 0.06361111111111112
0 0.6279427083333332 0.5133796296296297 0.011302083333333332 0.05805555555555556
0 0.5226041666666666 0.5060185185185185 0.011041666666666667 0.046481481481481485
0 0.2027864583333333 0.5348148148148149 0.013177083333333334 0.06111111111111111
0 0.19320312500000003 0.5294444444444445 0.01598958333333333 0.06314814814814815
0 0.6763541666666667 0.5110185185185185 0.011145833333333332 0.05611111111111111
