0 0.6521875 0.08388888888888889 0.0321875 0.11148148148148149
0 0.3784114583333333 0.24416666666666664 0.04067708333333333 0.10481481481481482
0 0.233671875 0.6787962962962962 0.04921875 0.22925925925925925
0 0.12476562499999999 0.19569444444444445 0.029114583333333333 0.1550925925925926
0 0.7903385416666667 0.13300925925925927 0.028593749999999998 0.13935185185185187
0 0.060859375 0.7065277777777778 0.06088541666666667 0.22694444444444445
0 0.06979166666666667 0.4098611111111111 0.02645833333333333 0.17601851851851852
0 0.38158854166666667 0.07462962962962963 0.02921875 0.1474074074074074
0 0.289453125 0.20069444444444445 0.032552083333333336 0.15083333333333335
0 0.9163541666666667 0.5210185185185185 0.04114583333333333 0.19444444444444445
0 0.734375 0.6393055555555556 0.05447916666666666 0.22768518518518518
0 0.16494791666666667 0.1973148148148148 0.028645833333333332 0.1598148148148148
0 0.19945312499999998 0.18092592592592593 0.028281249999999997 0.16666666666666666
0 0.23942708333333332 0.2965740740740741 0.03979166666666667 0.19944444444444445
0 0.43020833333333336 0.21972222222222224 0.030729166666666665 0.15925925925925927
0 0.287109375 0.3869444444444444 0.040468750000000005 0.20277777777777778
0 0.47984374999999996 0.2326851851851852 0.0390625 0.1725925925925926
0 0.13609375 0.6017592592592592 0.03270833333333333 0.19981481481481483
0 0.220234375 0.11537037037037036 0.032864583333333336 0.15666666666666665
0 0.5586197916666668 0.2023148148148148 0.025677083333333333 0.14703703703703705
0 0.43609375 0.37083333333333335 0.03802083333333333 0.17222222222222222
0 0.6198697916666667 0.21907407407407406 0.03244791666666667 0.1712962962962963
0 0.6462239583333333 0.21282407407407408 0.029635416666666668 0.16083333333333333
0 0.4098177083333333 0.36666666666666664 0.03651041666666666 0.1925925925925926
0 0.5233072916666667 0.9251851851851851 0.038489583333333334 0.15148148148148147
