0 0.378515625 0.242962962962963 0.04161458333333334 0.10481481481481482
0 0.6522916666666667 0.08231481481481483 0.0325 0.1112962962962963
0 0.7872135416666667 0.07189814814814816 0.031822916666666666 0.1337962962962963
0 0.8665364583333334 0.28337962962962965 0.04213541666666667 0.1799074074074074
0 0.200546875 0.365787037037037 0.03536458333333334 0.18675925925925924
0 0.4341666666666667 0.21416666666666664 0.035 0.1575925925925926
0 0.9153385416666667 0.5198148148148148 0.04703125 0.19333333333333336
0 0.8449479166666667 0.6543981481481481 0.050208333333333334 0.21861111111111112
0 0.20041666666666666 0.1862962962962963 0.027604166666666666 0.16074074074074074
0 0.30302083333333335 0.1849074074074074 0.02822916666666667 0.16166666666666665
0 0.16356770833333334 0.19597222222222221 0.026822916666666665 0.15527777777777776
0 0.27072916666666663 0.15134259259259258 0.024374999999999997 0.1489814814814815
0 0.19734374999999998 0.05717592592592593 0.0278125 0.1125
0 0.111875 0.3139351851851852 0.03947916666666666 0.1875
0 0.3118489583333333 0.61375 0.039739583333333335 0.22453703703703703
0 0.8450260416666667 0.04523148148148148 0.027864583333333335 0.08805555555555555
0 0.14447916666666666 0.31819444444444445 0.03208333333333333 0.17509259259259258
0 0.40359375000000003 0.1463425925925926 0.022604166666666665 0.13972222222222222
0 0.133515625 0.20055555555555554 0.026614583333333334 0.1525925925925926
0 0.22565104166666666 0.16689814814814816 0.02755208333333333 0.14787037037037035
0 0.24481770833333333 0.15435185185185185 0.02421875 0.1548148148148148
0 0.6061979166666666 0.9246296296296297 0.051666666666666666 0.1525925925925926
