0 0.6521875 0.08374999999999999 0.0325 0.11027777777777777
0 0.37828124999999996 0.24356481481481482 0.040625 0.10472222222222222
0 0.7690885416666666 0.06018518518518518 0.029739583333333333 0.11833333333333333
0 0.8438541666666667 0.06 0.029166666666666667 0.11722222222222221
0 0.23778645833333334 0.6507407407407408 0.05463541666666667 0.23074074074074072
0 0.25263020833333333 0.18810185185185183 0.038072916666666665 0.1812037037037037
0 0.914296875 0.13712962962962966 0.02984375 0.14148148148148149
0 0.91671875 0.5221296296296296 0.04052083333333333 0.19703703703703704
0 0.070078125 0.4114814814814815 0.026927083333333334 0.17555555555555555
0 0.16307291666666668 0.20185185185185187 0.0284375 0.16092592592592594
0 0.136015625 0.41236111111111107 0.03046875 0.1776851851851852
0 0.48721354166666664 0.5158796296296296 0.03661458333333333 0.1928703703703704
0 0.20335937499999998 0.18175925925925926 0.02984375 0.16444444444444445
0 0.5170572916666667 0.4565277777777778 0.03369791666666667 0.17916666666666667
0 0.5265104166666666 0.1436111111111111 0.033229166666666664 0.16592592592592592
0 0.4305729166666667 0.22249999999999998 0.030208333333333334 0.15574074074074074
0 0.4997916666666667 0.10250000000000001 0.034479166666666665 0.16333333333333333
0 0.8234635416666667 0.6806944444444444 0.04255208333333334 0.2287962962962963
0 0.9714322916666666 0.5605555555555556 0.03578125 0.19166666666666668
0 0.12468749999999999 0.20500000000000002 0.028854166666666667 0.15018518518518517
0 0.5547135416666666 0.14189814814814813 0.02755208333333333 0.1499074074074074
0 0.28203125 0.17037037037037037 0.0209375 0.15796296296296294
0 0.28065104166666666 0.5602314814814815 0.03515625 0.2073148148148148
0 0.45916666666666667 0.5133333333333333 0.04375 0.20314814814814816
0 0.38843750000000005 0.16689814814814816 0.0278125 0.15638888888888888
0 0.41458333333333336 0.1625462962962963 0.021979166666666668 0.14638888888888887
0 0.23317708333333334 0.12490740740740738 0.030416666666666665 0.1575925925925926
0 0.23846354166666667 0.43430555555555556 0.04088541666666667 0.1925
0 0.5090625 0.9258333333333333 0.035833333333333335 0.15018518518518517
0 0.2519270833333333 0.9062962962962964 0.05708333333333333 0.18925925925925927
0 0.455078125 0.04111111111111111 0.02265625 0.08037037037037037
