0 0.6521354166666667 0.08259259259259259 0.0325 0.11037037037037037
0 0.378359375 0.24342592592592596 0.040989583333333336 0.10574074074074075
0 0.856328125 0.06555555555555555 0.03015625 0.12925925925925924
0 0.165859375 0.600462962962963 0.04182291666666667 0.2222222222222222
0 0.3030989583333333 0.18787037037037038 0.03348958333333333 0.1638888888888889
0 0.42302083333333335 0.20435185185185184 0.0271875 0.1662962962962963
0 0.9170312500000001 0.5183333333333334 0.0390625 0.1975925925925926
0 0.8464322916666667 0.6552777777777778 0.052760416666666664 0.21685185185185185
0 0.16096354166666668 0.24550925925925923 0.031614583333333335 0.18583333333333332
0 0.244140625 0.30694444444444446 0.029531250000000002 0.1827777777777778
0 0.26513020833333334 0.1774074074074074 0.03411458333333333 0.16666666666666666
0 0.21744791666666666 0.3083796296296296 0.0384375 0.1612037037037037
0 0.7842968750000001 0.10291666666666667 0.03171875 0.14305555555555555
0 0.13515625 0.2010185185185185 0.0271875 0.15444444444444447
0 0.5403385416666667 0.6674537037037036 0.03796875 0.21861111111111112
0 0.4057552083333333 0.14175925925925928 0.030260416666666668 0.14944444444444446
0 0.19395833333333332 0.24819444444444447 0.027291666666666665 0.1625
0 0.5791666666666667 0.649074074074074 0.04072916666666667 0.2324074074074074
0 0.761875 0.12287037037037037 0.02625 0.14833333333333332
0 0.23497395833333332 0.1726851851851852 0.03046875 0.15574074074074074
0 0.24130208333333333 0.03935185185185185 0.022708333333333334 0.07685185185185185
0 0.14625000000000002 0.0612962962962963 0.030625 0.11611111111111112
