0 0.9678385416666667 0.5956481481481483 0.04317708333333334 0.18555555555555556
0 0.032526041666666665 0.6252777777777777 0.024947916666666667 0.10740740740740741
0 0.6752083333333334 0.5691203703703704 0.02333333333333333 0.11194444444444444
0 0.11346354166666667 0.6293055555555556 0.016510416666666666 0.1000925925925926
0 0.5629687499999999 0.4949537037037037 0.013125 0.04287037037037037
0 0.7063541666666667 0.5555092592592593 0.020833333333333332 0.10916666666666668
0 0.6375781249999999 0.5268518518518519 0.016510416666666666 0.07351851851851852
0 0.6215885416666667 0.5244907407407408 0.015364583333333333 0.07120370370370371
0 0.12927083333333333 0.6118981481481481 0.0203125 0.10787037037037037
0 0.6960677083333333 0.5580092592592593 0.014010416666666666 0.1012037037037037
0 0.614765625 0.5148148148148148 0.014322916666666666 0.060555555555555564
