0 0.5121614583333333 0.6707407407407407 0.08755208333333334 0.597037037037037
0 0.3512760416666667 0.5025462962962963 0.03640625 0.17675925925925925
0 0.22742187500000002 0.4823148148148148 0.02015625 0.10148148148148148
0 0.20479166666666665 0.4625 0.0234375 0.09666666666666668
0 0.6712760416666667 0.579537037037037 0.07921874999999999 0.3451851851851852
0 0.27591145833333336 0.4706944444444444 0.016927083333333332 0.10583333333333333
0 0.31164062499999995 0.45388888888888895 0.011510416666666667 0.059444444444444446
0 0.2540364583333333 0.4738888888888889 0.018177083333333333 0.10111111111111111
0 0.44674479166666664 0.6130092592592592 0.07682291666666667 0.4176851851851852
0 0.29229166666666667 0.45287037037037037 0.012708333333333332 0.058333333333333334
0 0.5751302083333333 0.4936111111111111 0.024947916666666667 0.11703703703703704
0 0.5879947916666667 0.46240740740740743 0.021822916666666668 0.10796296296296296
0 0.263203125 0.47175925925925927 0.013697916666666667 0.1012962962962963
