0 0.44924479166666664 0.47314814814814815 0.02765625 0.07055555555555555
0 0.6178645833333333 0.6656018518518518 0.1090625 0.5700925925925926
0 0.12138020833333332 0.5700462962962963 0.10817708333333333 0.3423148148148148
0 0.36179687499999996 0.5367129629629629 0.07098958333333334 0.3206481481481482
0 0.21247395833333335 0.5771759259259259 0.07640625 0.310462962962963
0 0.42971354166666664 0.46976851851851853 0.02921875 0.05805555555555556
0 0.4877083333333333 0.484537037037037 0.030520833333333334 0.16203703703703703
0 0.272578125 0.5428240740740741 0.054427083333333334 0.27768518518518515
0 0.545390625 0.6325925925925926 0.07296875 0.47314814814814815
0 0.308203125 0.4522222222222222 0.009947916666666667 0.05185185185185185
0 0.29664062500000005 0.45611111111111113 0.011302083333333332 0.05240740740740741
