0 0.6519270833333334 0.08402777777777778 0.0315625 0.10898148148148148
0 0.3784114583333333 0.24300925925925926 0.04067708333333333 0.10472222222222222
0 0.7865885416666667 0.07143518518518517 0.03109375 0.13342592592592592
0 0.43497395833333335 0.21333333333333335 0.03484375 0.1574074074074074
0 0.20588541666666668 0.35379629629629633 0.035625000000000004 0.18611111111111112
0 0.9149479166666665 0.5202314814814815 0.0490625 0.19527777777777777
0 0.852890625 0.04898148148148148 0.028593749999999998 0.0961111111111111
0 0.10651041666666666 0.31777777777777777 0.03354166666666667 0.18574074074074073
0 0.3291145833333333 0.6197222222222223 0.051458333333333335 0.2124074074074074
0 0.8452864583333334 0.6550462962962963 0.05067708333333333 0.2175
0 0.8715104166666666 0.28953703703703704 0.036562500000000005 0.1811111111111111
0 0.19945312499999998 0.18472222222222223 0.026822916666666665 0.15962962962962962
0 0.30442708333333335 0.18481481481481482 0.0275 0.1687037037037037
0 0.14281249999999998 0.32592592592592595 0.03177083333333333 0.1687037037037037
0 0.16346354166666668 0.19587962962962965 0.026614583333333334 0.1575
0 0.26934895833333333 0.15546296296296297 0.024947916666666667 0.14796296296296296
0 0.13026041666666666 0.20157407407407407 0.028645833333333332 0.1475925925925926
0 0.40390625 0.14652777777777778 0.022395833333333334 0.1423148148148148
0 0.24338541666666666 0.14967592592592593 0.024166666666666666 0.1502777777777778
0 0.6028385416666667 0.9116666666666667 0.061093749999999995 0.17851851851851852
0 0.22161458333333334 0.15939814814814812 0.026770833333333334 0.15009259259259258
