0 0.6522135416666667 0.08356481481481481 0.03244791666666667 0.11046296296296296
0 0.3784114583333333 0.24319444444444444 0.04182291666666667 0.1050925925925926
0 0.786953125 0.07157407407407407 0.03140625 0.1338888888888889
0 0.21419270833333334 0.3159259259259259 0.03526041666666667 0.18481481481481482
0 0.4329427083333333 0.21444444444444444 0.033177083333333336 0.15574074074074074
0 0.8734895833333333 0.06351851851851852 0.028645833333333332 0.12518518518518518
0 0.915703125 0.5186111111111111 0.04463541666666667 0.19611111111111112
0 0.30205729166666667 0.18444444444444444 0.02703125 0.15962962962962962
0 0.8456510416666667 0.653888888888889 0.04765625 0.21851851851851853
0 0.8808333333333334 0.3239814814814815 0.03927083333333334 0.18814814814814815
0 0.16388020833333336 0.1940277777777778 0.026927083333333334 0.1576851851851852
0 0.12729166666666666 0.20027777777777775 0.027291666666666665 0.15018518518518517
0 0.12669270833333332 0.34615740740740736 0.03328125 0.18231481481481482
0 0.24976562500000002 0.1865740740740741 0.025885416666666668 0.15092592592592594
0 0.4041927083333333 0.1448148148148148 0.02296875 0.14444444444444443
0 0.9751822916666666 0.32120370370370366 0.03786458333333333 0.1675925925925926
0 0.46841145833333336 0.04912037037037037 0.02703125 0.09638888888888889
0 0.09533854166666665 0.3317592592592592 0.03171875 0.19370370370370368
0 0.39265625000000004 0.6520833333333333 0.043437500000000004 0.23398148148148148
0 0.20059895833333333 0.1834722222222222 0.028072916666666666 0.16212962962962962
0 0.5754427083333333 0.8804166666666667 0.06723958333333332 0.24101851851851852
0 0.23229166666666667 0.13305555555555554 0.024583333333333336 0.15388888888888888
0 0.5431510416666667 0.9348148148148149 0.037656249999999995 0.13222222222222224
0 0.6068229166666668 0.8843518518518518 0.0478125 0.23148148148148148
