0 0.6523958333333334 0.08268518518518518 0.0325 0.1111111111111111
0 0.3784895833333334 0.24361111111111108 0.04135416666666667 0.10444444444444444
0 0.78703125 0.07314814814814814 0.030833333333333334 0.1361111111111111
0 0.788515625 0.2087037037037037 0.028177083333333335 0.16574074074074074
0 0.857734375 0.21861111111111112 0.03609375 0.16925925925925928
0 0.30671875000000004 0.18611111111111112 0.026770833333333334 0.16462962962962965
0 0.4326041666666667 0.2137037037037037 0.02802083333333333 0.1575925925925926
0 0.21697916666666667 0.6086111111111111 0.04791666666666667 0.2324074074074074
0 0.9166666666666666 0.5199074074074074 0.05083333333333333 0.1974074074074074
0 0.8457812499999999 0.6547685185185185 0.050104166666666665 0.21787037037037038
0 0.23622395833333334 0.21134259259259258 0.033177083333333336 0.15435185185185185
0 0.4035416666666667 0.14671296296296296 0.026145833333333333 0.14638888888888887
0 0.2009635416666667 0.18537037037037035 0.025885416666666668 0.1598148148148148
0 0.2660416666666667 0.20638888888888887 0.024270833333333335 0.16814814814814813
0 0.17854166666666668 0.44439814814814815 0.03510416666666667 0.19083333333333333
0 0.14494791666666668 0.27791666666666665 0.0309375 0.18324074074074076
0 0.7202864583333334 0.8807407407407408 0.05307291666666667 0.2403703703703704
0 0.676015625 0.8946296296296296 0.04505208333333333 0.21259259259259258
0 0.130546875 0.19949074074074072 0.027760416666666666 0.15009259259259258
0 0.171875 0.2823148148148148 0.030833333333333334 0.16703703703703704
0 0.26263020833333334 0.09634259259259259 0.025052083333333332 0.13342592592592592
0 0.22609374999999998 0.09425925925925926 0.029062499999999998 0.14944444444444446
0 0.5626302083333333 0.04699074074074074 0.03203125 0.09212962962962963
0 0.44914062499999996 0.9284259259259259 0.04328125 0.145
