0 0.6380468750000001 0.3706481481481481 0.030885416666666665 0.1312962962962963
0 0.43882812499999996 0.3795833333333334 0.03348958333333333 0.16324074074074074
0 0.532890625 0.39319444444444446 0.03473958333333334 0.11212962962962962
0 0.7891666666666667 0.3816203703703704 0.05572916666666667 0.2075
0 0.5606510416666667 0.3996759259259259 0.03276041666666667 0.1050925925925926
0 0.4798958333333333 0.38129629629629624 0.030000000000000002 0.15296296296296294
0 0.5886458333333332 0.35 0.016770833333333336 0.06444444444444444
0 0.35513020833333336 0.34870370370370374 0.014010416666666666 0.05333333333333334
0 0.41674479166666667 0.35444444444444445 0.017864583333333333 0.059444444444444446
0 0.008958333333333336 0.3854166666666667 0.016770833333333336 0.09861111111111111
0 0.3672135416666667 0.3478703703703704 0.012864583333333334 0.04925925925925926
0 0.38109375 0.3448148148148148 0.011666666666666665 0.04537037037037037
0 0.6171093750000001 0.35162037037037036 0.02359375 0.07175925925925926
