0 0.6521354166666666 0.0838425925925926 0.0315625 0.10935185185185185
0 0.37835937499999994 0.24277777777777776 0.04067708333333333 0.10500000000000001
0 0.7868229166666667 0.07203703703703705 0.03125 0.1340740740740741
0 0.43497395833333335 0.21291666666666664 0.03432291666666667 0.15657407407407406
0 0.20583333333333334 0.35615740740740737 0.0353125 0.18694444444444444
0 0.9148958333333332 0.5202314814814815 0.04822916666666666 0.19435185185185186
0 0.8708333333333333 0.287962962962963 0.03635416666666667 0.1827777777777778
0 0.8452864583333334 0.6544907407407408 0.05067708333333333 0.2173148148148148
0 0.8519270833333333 0.048796296296296296 0.028125 0.09537037037037037
0 0.3272395833333333 0.6192592592592593 0.04927083333333333 0.2114814814814815
0 0.10700520833333332 0.31712962962962965 0.03380208333333334 0.1837037037037037
0 0.19950520833333335 0.18375 0.02713541666666667 0.1597222222222222
0 0.14296875 0.32523148148148145 0.03125 0.1687962962962963
0 0.30432291666666667 0.18527777777777776 0.027395833333333335 0.16685185185185183
0 0.1634375 0.19592592592592595 0.0265625 0.15592592592592594
0 0.270078125 0.15671296296296297 0.025364583333333336 0.14546296296296296
0 0.13057291666666668 0.20037037037037037 0.0284375 0.14703703703703705
0 0.4038020833333333 0.14712962962962964 0.022187500000000002 0.14240740740740743
0 0.24367187499999998 0.15074074074074076 0.024635416666666667 0.14925925925925926
0 0.6036458333333333 0.9123148148148149 0.0621875 0.17722222222222223
0 0.22122395833333333 0.15986111111111112 0.02755208333333333 0.1502777777777778
0 0.1984375 0.0563425925925926 0.026979166666666665 0.10990740740740741
