0 0.32903645833333334 0.5064351851851852 0.22026041666666665 0.9889814814814814
0 0.7353385416666668 0.3187037037037037 0.019947916666666666 0.10981481481481481
0 0.54828125 0.3507407407407407 0.08635416666666668 0.4933333333333333
0 0.6314583333333332 0.34898148148148145 0.051354166666666666 0.31
0 0.91546875 0.5272222222222221 0.17010416666666667 0.9474074074074075
0 0.11901041666666666 0.5009259259259259 0.22395833333333334 1.0
0 0.46059895833333336 0.3451851851851852 0.09619791666666666 0.4351851851851852
0 0.76171875 0.3118518518518519 0.013958333333333333 0.06259259259259259
0 0.7060937500000001 0.3139351851851852 0.013020833333333334 0.07416666666666666
0 0.693125 0.3126388888888889 0.011458333333333333 0.07046296296296296
0 0.7542447916666667 0.31296296296296294 0.013489583333333333 0.06944444444444445
0 0.7190624999999999 0.3137037037037037 0.013333333333333334 0.08259259259259259
