0 0.6415364583333333 0.3755555555555556 0.029635416666666668 0.1338888888888889
0 0.5636197916666666 0.40328703703703705 0.03526041666666667 0.10805555555555556
0 0.4428125 0.3821759259259259 0.03395833333333333 0.16583333333333333
0 0.8082552083333333 0.3887037037037037 0.05807291666666667 0.21907407407407406
0 0.4824479166666667 0.3861574074074074 0.031875 0.1537962962962963
0 0.5389583333333333 0.397037037037037 0.034270833333333334 0.11407407407407408
0 0.59390625 0.35324074074074074 0.016874999999999998 0.06722222222222221
0 0.35802083333333334 0.3518981481481482 0.0146875 0.056018518518518516
0 0.41994791666666664 0.3568055555555556 0.01875 0.06157407407407407
0 0.380078125 0.3477777777777778 0.012239583333333333 0.046296296296296294
0 0.6169791666666666 0.3525925925925926 0.016458333333333335 0.06351851851851852
0 0.3661979166666667 0.35078703703703706 0.013125 0.052314814814814814
0 0.6258333333333332 0.3623148148148148 0.018333333333333333 0.08444444444444445
