0 0.64890625 0.08222222222222222 0.03895833333333333 0.11277777777777777
0 0.3783333333333333 0.24356481481481482 0.04177083333333333 0.10564814814814814
0 0.22591145833333334 0.45157407407407407 0.04671875 0.22074074074074074
0 0.381640625 0.07416666666666666 0.02921875 0.14629629629629629
0 0.7887500000000001 0.1338425925925926 0.029375 0.1391666666666667
0 0.7368489583333333 0.6384722222222223 0.05473958333333333 0.22657407407407407
0 0.9169791666666668 0.5206018518518518 0.03979166666666667 0.19472222222222224
0 0.5111458333333333 0.26537037037037037 0.04041666666666666 0.16925925925925928
0 0.27546875 0.24296296296296294 0.04791666666666667 0.18222222222222223
0 0.11315104166666666 0.432962962962963 0.03546875 0.17703703703703702
0 0.12432291666666666 0.1940277777777778 0.025520833333333333 0.15324074074074073
0 0.4303385416666667 0.21921296296296297 0.031927083333333335 0.1613888888888889
0 0.07567708333333334 0.6240740740740741 0.04375 0.23203703703703704
0 0.54671875 0.23055555555555557 0.04135416666666667 0.17351851851851852
0 0.162109375 0.1938888888888889 0.027760416666666666 0.1590740740740741
0 0.24718749999999998 0.12921296296296297 0.0275 0.1587962962962963
0 0.19877604166666668 0.18189814814814814 0.028177083333333335 0.16064814814814815
0 0.46643229166666667 0.21800925925925924 0.03359375 0.1739814814814815
0 0.017760416666666667 0.862824074074074 0.03333333333333333 0.22416666666666665
0 0.9766666666666667 0.32282407407407404 0.03666666666666667 0.18046296296296296
0 0.7189583333333334 0.2505555555555556 0.027291666666666665 0.14907407407407408
0 0.21822916666666667 0.14759259259259258 0.02645833333333333 0.15518518518518518
0 0.8393489583333333 0.3 0.02734375 0.16462962962962965
0 0.485078125 0.22694444444444445 0.02265625 0.16185185185185186
0 0.741015625 0.28703703703703703 0.020260416666666666 0.1496296296296296
