0 0.65234375 0.08407407407407406 0.03177083333333333 0.11
0 0.3782552083333333 0.24310185185185187 0.04151041666666667 0.10472222222222222
0 0.8659375 0.08953703703703704 0.03114583333333333 0.15074074074074076
0 0.5799739583333333 0.5079166666666666 0.03567708333333333 0.18768518518518518
0 0.20138020833333334 0.18375 0.029010416666666667 0.16342592592592592
0 0.25135416666666666 0.38458333333333333 0.03833333333333333 0.19879629629629628
0 0.16268229166666667 0.19893518518518521 0.028489583333333336 0.15638888888888888
0 0.44604166666666667 0.053287037037037036 0.029062499999999998 0.10472222222222222
0 0.07057291666666667 0.41254629629629624 0.027604166666666666 0.17564814814814814
0 0.255703125 0.6128703703703704 0.03744791666666667 0.21574074074074073
0 0.9158072916666666 0.520462962962963 0.04088541666666667 0.19833333333333333
0 0.5124479166666667 0.1198611111111111 0.03208333333333333 0.1636111111111111
0 0.2499479166666667 0.1612962962962963 0.036041666666666666 0.1824074074074074
0 0.849765625 0.6980092592592592 0.04328125 0.2250925925925926
0 0.4299739583333333 0.21837962962962965 0.030885416666666665 0.15842592592592591
0 0.20432291666666666 0.6042129629629629 0.0459375 0.22805555555555557
0 0.27807291666666667 0.15856481481481483 0.0265625 0.15638888888888888
0 0.12757812500000001 0.20249999999999999 0.03036458333333333 0.14666666666666667
0 0.5446875 0.1247222222222222 0.028541666666666667 0.15203703703703703
0 0.7606510416666666 0.04685185185185185 0.02723958333333333 0.09
0 0.3190625 0.6415277777777778 0.051770833333333335 0.2349074074074074
0 0.9558333333333332 0.515 0.0334375 0.19814814814814816
0 0.21075520833333333 0.04476851851851852 0.024739583333333332 0.08546296296296296
0 0.12437499999999999 0.3672222222222222 0.0278125 0.16685185185185183
0 0.4649479166666666 0.5595370370370369 0.0440625 0.215
0 0.4949739583333333 0.5616666666666666 0.04067708333333333 0.19685185185185183
0 0.40619791666666666 0.15638888888888888 0.024374999999999997 0.13222222222222224
0 0.9346354166666667 0.16805555555555557 0.027916666666666666 0.14296296296296296
0 0.9597395833333333 0.14069444444444443 0.03354166666666667 0.15324074074074073
0 0.5273958333333334 0.9246296296296297 0.044895833333333336 0.1525925925925926
