0 0.6522916666666666 0.08277777777777778 0.03239583333333333 0.11074074074074074
0 0.37854166666666667 0.24333333333333335 0.041041666666666664 0.10592592592592594
0 0.8571875 0.06597222222222222 0.030312500000000003 0.1300925925925926
0 0.42330729166666664 0.20444444444444446 0.026614583333333334 0.16722222222222222
0 0.9171354166666668 0.51875 0.03927083333333334 0.19694444444444442
0 0.16580729166666666 0.6006018518518519 0.04182291666666667 0.22212962962962962
0 0.3031510416666667 0.18791666666666665 0.03380208333333334 0.16564814814814816
0 0.8464322916666666 0.6550925925925926 0.05244791666666667 0.2151851851851852
0 0.160234375 0.2460185185185185 0.032135416666666666 0.18259259259259258
0 0.26489583333333333 0.17953703703703705 0.0340625 0.16666666666666666
0 0.244453125 0.3083796296296296 0.02984375 0.18101851851851852
0 0.7839583333333333 0.10263888888888888 0.03197916666666666 0.1423148148148148
0 0.21734375 0.3090277777777778 0.03885416666666666 0.1636111111111111
0 0.1353125 0.20166666666666666 0.02645833333333333 0.15296296296296294
0 0.5390364583333334 0.6648148148148149 0.03786458333333333 0.2212962962962963
0 0.4057552083333334 0.14134259259259258 0.029531250000000002 0.14731481481481482
0 0.19369791666666666 0.24787037037037035 0.027083333333333334 0.16166666666666665
0 0.5782291666666666 0.6483333333333333 0.04020833333333333 0.23314814814814816
0 0.7616406250000001 0.12217592592592591 0.026510416666666665 0.14750000000000002
0 0.235234375 0.17435185185185187 0.030885416666666665 0.15518518518518518
0 0.24072916666666666 0.03953703703703704 0.022291666666666664 0.07722222222222223
