0 0.6525260416666667 0.08282407407407406 0.03244791666666667 0.10935185185185185
0 0.3784895833333334 0.24342592592592596 0.04114583333333333 0.10574074074074075
0 0.30234375 0.18583333333333332 0.03114583333333333 0.1637037037037037
0 0.7802083333333333 0.18157407407407408 0.0275 0.15722222222222224
0 0.9161458333333333 0.518425925925926 0.050312499999999996 0.1922222222222222
0 0.1504427083333333 0.2685648148148148 0.029635416666666668 0.1875
0 0.7860677083333333 0.07412037037037036 0.03057291666666667 0.13287037037037036
0 0.26203125 0.23375 0.026979166666666665 0.17064814814814816
0 0.845859375 0.654537037037037 0.05192708333333333 0.21481481481481482
0 0.23268229166666668 0.24185185185185185 0.03401041666666667 0.15296296296296294
0 0.847890625 0.18986111111111112 0.030989583333333334 0.1687962962962963
0 0.17596354166666667 0.48731481481481476 0.037760416666666664 0.20444444444444446
0 0.18177083333333333 0.26810185185185187 0.03302083333333333 0.16712962962962963
0 0.2336458333333333 0.6261111111111112 0.050208333333333334 0.22907407407407407
0 0.42291666666666666 0.21166666666666667 0.026041666666666668 0.1637037037037037
0 0.403359375 0.1461111111111111 0.026302083333333334 0.14185185185185184
0 0.2 0.18087962962962964 0.024895833333333332 0.16472222222222221
0 0.6707291666666667 0.8078703703703703 0.05197916666666667 0.24796296296296297
0 0.6289322916666666 0.8272685185185186 0.04119791666666666 0.23212962962962963
0 0.23575520833333333 0.11388888888888889 0.030989583333333334 0.15574074074074074
0 0.25416666666666665 0.07435185185185186 0.024374999999999997 0.13314814814814815
0 0.180234375 0.0625 0.026302083333333334 0.12314814814814815
0 0.13716145833333335 0.2039351851851852 0.02713541666666667 0.15898148148148147
