0 0.41075520833333334 0.380462962962963 0.023489583333333335 0.12462962962962962
0 0.912734375 0.5754166666666667 0.11317708333333334 0.5662037037037037
0 0.508671875 0.4 0.037135416666666664 0.1562962962962963
0 0.5793229166666667 0.38712962962962966 0.03625 0.17407407407407408
0 0.44984375000000004 0.37958333333333333 0.0271875 0.12583333333333332
0 0.3693229166666666 0.36986111111111114 0.021666666666666667 0.048796296296296296
0 0.09515625000000001 0.3899074074074074 0.020729166666666667 0.09962962962962962
0 0.31781249999999994 0.3866666666666667 0.03625 0.14592592592592593
0 0.15830729166666666 0.39587962962962964 0.026197916666666664 0.12361111111111112
0 0.256171875 0.3818518518518519 0.021197916666666667 0.10666666666666667
0 0.8135416666666667 0.39148148148148143 0.030625 0.14648148148148146
0 0.470859375 0.3675 0.021302083333333333 0.10537037037037036
0 0.07140624999999999 0.37134259259259256 0.011770833333333335 0.06231481481481481
0 0.07963541666666667 0.3753240740740741 0.012604166666666666 0.0699074074074074
0 0.245625 0.3835185185185185 0.015208333333333332 0.09481481481481482
0 0.10502604166666667 0.3849074074074074 0.014427083333333333 0.08055555555555556
0 0.013515625 0.4361111111111111 0.025156249999999998 0.25666666666666665
