0 0.9181770833333333 0.5752777777777778 0.02822916666666667 0.10518518518518517
0 0.9454947916666666 0.7160648148148148 0.054427083333333334 0.23527777777777778
0 0.11585937500000001 0.615787037037037 0.02765625 0.1426851851851852
0 0.15028645833333334 0.5799074074074074 0.02234375 0.1151851851851852
0 0.681015625 0.5275925925925925 0.017447916666666667 0.07203703703703704
0 0.05171875 0.6222685185185186 0.027604166666666666 0.12212962962962963
0 0.08101562500000001 0.6201851851851852 0.026093750000000002 0.1237037037037037
0 0.011666666666666665 0.6296759259259259 0.022291666666666664 0.14305555555555555
0 0.7690885416666667 0.511712962962963 0.01296875 0.061759259259259264
0 0.31106770833333336 0.5222685185185186 0.01203125 0.06287037037037038
0 0.5611458333333332 0.48861111111111116 0.009479166666666667 0.0374074074074074
0 0.26666666666666666 0.5159722222222223 0.010833333333333334 0.05805555555555556
0 0.5963020833333332 0.5056018518518518 0.011041666666666667 0.04861111111111111
0 0.4196875 0.4869444444444444 0.009270833333333334 0.03148148148148148
0 0.739453125 0.5199074074074074 0.012760416666666666 0.05185185185185185
0 0.6610416666666666 0.5109722222222223 0.011979166666666667 0.05138888888888889
0 0.6022395833333334 0.5056944444444444 0.010833333333333334 0.048240740740740744
0 0.671796875 0.5178703703703704 0.01328125 0.05666666666666667
0 0.5879427083333333 0.502962962962963 0.01046875 0.04240740740740741
0 0.568828125 0.4928240740740741 0.00984375 0.04268518518518519
0 0.7587760416666666 0.5184722222222222 0.012552083333333333 0.05435185185185185
0 0.72328125 0.5175925925925926 0.010104166666666666 0.04555555555555556
