0 0.6525000000000001 0.0839351851851852 0.0321875 0.10935185185185185
0 0.37815104166666663 0.2440277777777778 0.04078125 0.10435185185185185
0 0.8737760416666667 0.09449074074074074 0.029427083333333333 0.14416666666666667
0 0.22169270833333332 0.09217592592592593 0.03046875 0.1497222222222222
0 0.22578125 0.5349999999999999 0.043645833333333335 0.20796296296296296
0 0.552734375 0.1788425925925926 0.032656250000000005 0.1726851851851852
0 0.78046875 0.10143518518518518 0.02802083333333333 0.1375
0 0.16473958333333333 0.19865740740740742 0.028958333333333332 0.1597222222222222
0 0.19872395833333334 0.18314814814814817 0.02744791666666667 0.16185185185185186
0 0.25622395833333333 0.23185185185185184 0.03890625 0.19203703703703703
0 0.9168749999999999 0.5211574074074075 0.040937499999999995 0.19564814814814815
0 0.42994791666666665 0.21837962962962962 0.03208333333333333 0.16231481481481483
0 0.38104166666666667 0.07462962962962963 0.028645833333333332 0.1474074074074074
0 0.5075260416666666 0.1587962962962963 0.03401041666666667 0.16425925925925927
0 0.06979166666666667 0.41120370370370374 0.02645833333333333 0.17666666666666667
0 0.405390625 0.39879629629629626 0.03473958333333334 0.1764814814814815
0 0.59 0.16462962962962965 0.026770833333333334 0.15148148148148147
0 0.12955729166666666 0.19634259259259257 0.02713541666666667 0.15064814814814814
0 0.16515625 0.8610185185185186 0.04802083333333333 0.2448148148148148
0 0.13658854166666667 0.48328703703703707 0.030885416666666665 0.1836111111111111
0 0.12723958333333332 0.6536574074074074 0.04541666666666667 0.23194444444444445
0 0.30703125 0.4815740740740741 0.03395833333333333 0.19722222222222222
0 0.7700260416666667 0.6494444444444444 0.05182291666666667 0.2301851851851852
0 0.47848958333333336 0.4501851851851852 0.0396875 0.18092592592592593
0 0.45544270833333333 0.17689814814814817 0.02328125 0.14731481481481482
0 0.2823177083333333 0.18458333333333335 0.02723958333333333 0.1637962962962963
0 0.444765625 0.4461111111111111 0.04578125 0.19592592592592592
0 0.404140625 0.1752314814814815 0.024010416666666666 0.1537962962962963
0 0.261953125 0.4742592592592593 0.03536458333333334 0.20685185185185187
0 0.5147135416666667 0.9266666666666667 0.04421875 0.14851851851851852
