0 0.6523177083333334 0.08296296296296296 0.03244791666666667 0.10925925925925926
0 0.37822916666666667 0.24356481481481482 0.041875 0.1050925925925926
0 0.5348958333333333 0.06462962962962962 0.028541666666666667 0.1274074074074074
0 0.7955208333333333 0.05907407407407407 0.029895833333333333 0.11629629629629629
0 0.9204427083333333 0.2502314814814815 0.03567708333333333 0.1587962962962963
0 0.9111197916666666 0.5218518518518519 0.05140625 0.1938888888888889
0 0.9633333333333333 0.24453703703703705 0.036562500000000005 0.16925925925925928
0 0.4419791666666667 0.6779166666666666 0.0484375 0.2400925925925926
0 0.469921875 0.06069444444444444 0.028385416666666666 0.11953703703703702
0 0.17231770833333335 0.2544444444444445 0.026093750000000002 0.1562962962962963
0 0.258828125 0.23407407407407407 0.03348958333333333 0.1827777777777778
0 0.49955729166666674 0.06166666666666666 0.029114583333333333 0.12148148148148147
0 0.4312760416666667 0.21462962962962964 0.028072916666666666 0.1625925925925926
0 0.089375 0.3998611111111111 0.034791666666666665 0.17601851851851852
0 0.22854166666666667 0.23407407407407407 0.03125 0.17037037037037037
0 0.8951302083333333 0.11699074074074074 0.027760416666666666 0.1549074074074074
0 0.177578125 0.8233796296296296 0.04119791666666666 0.2412037037037037
0 0.8246875 0.6668518518518518 0.04625 0.22111111111111112
0 0.50859375 0.725 0.058854166666666666 0.22962962962962963
0 0.8661718749999999 0.10893518518518518 0.03109375 0.1636111111111111
0 0.13046875 0.20282407407407405 0.03239583333333333 0.1525
0 0.13825520833333332 0.80125 0.05119791666666666 0.24657407407407408
0 0.20171875 0.18217592592592594 0.028645833333333332 0.1650925925925926
0 0.25328125 0.10064814814814815 0.03864583333333334 0.16648148148148148
0 0.8634895833333334 0.3917592592592593 0.03177083333333333 0.18018518518518517
0 0.38752604166666665 0.16337962962962962 0.030260416666666668 0.15287037037037038
0 0.9379427083333333 0.4192592592592593 0.03911458333333333 0.20055555555555554
0 0.22479166666666667 0.08513888888888888 0.024479166666666666 0.15435185185185185
0 0.27921875 0.16379629629629627 0.03333333333333333 0.15666666666666665
0 0.8617968749999999 0.647361111111111 0.03890625 0.20120370370370372
0 0.5454166666666667 0.7345833333333333 0.041666666666666664 0.21675925925925926
0 0.16348958333333335 0.19805555555555557 0.026145833333333333 0.15648148148148147
0 0.404375 0.15648148148148147 0.0240625 0.13203703703703704
0 0.5529166666666666 0.9350462962962963 0.044270833333333336 0.13175925925925927
