0 0.37815104166666663 0.2437037037037037 0.04130208333333333 0.10592592592592594
0 0.651171875 0.08171296296296296 0.03619791666666667 0.10564814814814814
0 0.22791666666666666 0.44472222222222224 0.04416666666666667 0.21703703703703706
0 0.7890104166666666 0.13374999999999998 0.0284375 0.13657407407407407
0 0.27846354166666665 0.2512962962962963 0.047447916666666666 0.1835185185185185
0 0.7365104166666666 0.6385185185185185 0.05416666666666667 0.22814814814814816
0 0.3814322916666667 0.07356481481481482 0.029010416666666667 0.14527777777777778
0 0.9166145833333332 0.5198148148148148 0.04020833333333333 0.19574074074074074
0 0.4895833333333333 0.2670833333333334 0.04114583333333333 0.1650925925925926
0 0.12434895833333333 0.1937962962962963 0.026093750000000002 0.15407407407407409
0 0.19877604166666668 0.1799074074074074 0.028697916666666667 0.16462962962962965
0 0.10536458333333334 0.4286111111111111 0.035833333333333335 0.17666666666666667
0 0.546015625 0.2364351851851852 0.040468750000000005 0.1749074074074074
0 0.018828124999999998 0.8434259259259259 0.03463541666666667 0.2224074074074074
0 0.075546875 0.6237037037037038 0.04526041666666667 0.23222222222222225
0 0.22638020833333333 0.15583333333333335 0.028072916666666666 0.14703703703703705
0 0.16171875 0.19472222222222224 0.02802083333333333 0.15722222222222224
0 0.43020833333333336 0.21916666666666665 0.03208333333333333 0.1638888888888889
0 0.46416666666666667 0.22421296296296298 0.031875 0.17157407407407407
0 0.9821093750000001 0.3387037037037037 0.03671875 0.18222222222222223
0 0.7090364583333333 0.2438425925925926 0.02734375 0.15101851851851852
0 0.79171875 0.2941666666666667 0.0325 0.18685185185185185
0 0.24567708333333332 0.11638888888888888 0.029583333333333333 0.15518518518518518
0 0.2671875 0.11245370370370371 0.030104166666666664 0.14583333333333334
0 0.2931770833333333 0.13810185185185186 0.021979166666666668 0.16157407407407406
0 0.7327083333333333 0.2826851851851852 0.02354166666666667 0.1635185185185185
