0 0.5021614583333334 0.4987037037037037 0.05119791666666666 0.10277777777777777
0 0.6691666666666667 0.684675925925926 0.140625 0.6325000000000001
0 0.21049479166666665 0.4827314814814815 0.02703125 0.10712962962962963
0 0.528203125 0.45921296296296293 0.01942708333333333 0.09435185185185185
0 0.38213541666666667 0.668611111111111 0.19875 0.6646296296296296
0 0.226953125 0.48162037037037037 0.02276041666666667 0.09509259259259259
0 0.7441145833333334 0.5604629629629629 0.059895833333333336 0.3212962962962963
0 0.25653645833333333 0.46375 0.014739583333333334 0.07805555555555556
0 0.247578125 0.4668055555555556 0.01328125 0.07416666666666666
0 0.5471874999999999 0.4460648148148148 0.013645833333333333 0.07694444444444444
0 0.5983072916666666 0.6424537037037037 0.08140625 0.49138888888888893
