0 0.651796875 0.08296296296296296 0.032239583333333335 0.1111111111111111
0 0.3785416666666667 0.24296296296296294 0.04177083333333333 0.10500000000000001
0 0.7871614583333333 0.06976851851851852 0.031822916666666666 0.13361111111111112
0 0.9167708333333332 0.5190740740740741 0.051145833333333335 0.19314814814814815
0 0.43427083333333333 0.21314814814814814 0.03333333333333333 0.16018518518518518
0 0.200546875 0.18319444444444444 0.02546875 0.1547222222222222
0 0.30440104166666665 0.1849074074074074 0.027760416666666666 0.1638888888888889
0 0.8461979166666667 0.6535185185185186 0.050520833333333334 0.2187037037037037
0 0.8621874999999999 0.24032407407407402 0.04041666666666666 0.17101851851851851
0 0.18528645833333332 0.40726851851851853 0.03682291666666667 0.19564814814814815
0 0.24445312500000002 0.6022222222222222 0.03984375 0.22648148148148148
0 0.13229166666666667 0.28652777777777777 0.030416666666666665 0.1825
0 0.261328125 0.1864814814814815 0.02421875 0.16518518518518518
0 0.6081510416666667 0.05324074074074074 0.03432291666666667 0.10296296296296296
0 0.22723958333333333 0.07319444444444444 0.029791666666666668 0.14453703703703702
0 0.23645833333333333 0.18736111111111112 0.0340625 0.14916666666666667
0 0.4032291666666667 0.14597222222222223 0.024583333333333336 0.1439814814814815
0 0.15903645833333332 0.29486111111111113 0.029322916666666664 0.16972222222222225
0 0.7651302083333333 0.9154166666666667 0.05317708333333333 0.17101851851851851
0 0.1634375 0.19370370370370368 0.027604166666666666 0.15833333333333333
0 0.19783854166666667 0.07092592592592593 0.02796875 0.13740740740740742
0 0.7939322916666668 0.22958333333333333 0.025677083333333333 0.16472222222222221
0 0.72046875 0.9214351851851852 0.043333333333333335 0.15898148148148147
0 0.471796875 0.9306481481481482 0.037656249999999995 0.14055555555555557
