0 0.6523958333333333 0.08319444444444445 0.03291666666666667 0.11064814814814815
0 0.37856770833333336 0.24393518518518517 0.04192708333333333 0.10657407407407407
0 0.5347135416666667 0.06199074074074074 0.028593749999999998 0.12212962962962963
0 0.7944791666666666 0.06185185185185185 0.030520833333333334 0.12129629629629629
0 0.9706510416666666 0.2537037037037037 0.04171875 0.1761111111111111
0 0.4291927083333334 0.21421296296296297 0.032135416666666666 0.16712962962962963
0 0.8784114583333333 0.653425925925926 0.03578125 0.19166666666666668
0 0.26015625 0.23277777777777775 0.0325 0.1764814814814815
0 0.49968750000000006 0.06032407407407408 0.028854166666666667 0.1187962962962963
0 0.8269010416666666 0.6660648148148148 0.04432291666666666 0.22342592592592594
0 0.9214583333333334 0.2576851851851852 0.03677083333333333 0.16166666666666665
0 0.13473958333333333 0.8081944444444444 0.04927083333333333 0.24509259259259258
0 0.8921614583333334 0.1126851851851852 0.029322916666666664 0.1537037037037037
0 0.22708333333333333 0.2406944444444445 0.0315625 0.17250000000000001
0 0.44765625 0.6817129629629629 0.043229166666666666 0.23935185185185184
0 0.4709895833333333 0.059444444444444446 0.027083333333333334 0.11648148148148148
0 0.5122656250000001 0.742962962962963 0.06234375 0.23462962962962963
0 0.09106770833333333 0.39796296296296296 0.03307291666666667 0.17537037037037037
0 0.17536458333333332 0.8363888888888888 0.03958333333333333 0.24222222222222226
0 0.17796874999999998 0.25319444444444444 0.025416666666666664 0.14953703703703702
0 0.8610416666666666 0.10782407407407406 0.030312500000000003 0.16175925925925924
0 0.9183072916666667 0.517962962962963 0.039322916666666666 0.19685185185185183
0 0.8615885416666667 0.38537037037037036 0.032135416666666666 0.17833333333333332
0 0.13002604166666668 0.1998611111111111 0.03369791666666667 0.1534259259259259
0 0.9301822916666667 0.4123611111111111 0.04140625 0.20249999999999999
0 0.28020833333333334 0.17050925925925928 0.03177083333333333 0.1628703703703704
0 0.38851562500000003 0.16310185185185186 0.031197916666666665 0.15416666666666667
0 0.20171874999999997 0.18449074074074073 0.028541666666666667 0.1612037037037037
0 0.25364583333333335 0.09833333333333333 0.03947916666666666 0.1687037037037037
0 0.22236979166666665 0.08935185185185185 0.024947916666666667 0.14833333333333332
0 0.16320312499999998 0.19638888888888892 0.02755208333333333 0.1590740740740741
0 0.549140625 0.7463888888888889 0.04338541666666666 0.2124074074074074
0 0.40536458333333336 0.15953703703703706 0.021979166666666668 0.12814814814814815
