0 0.8798177083333333 0.5760185185185185 0.02411458333333333 0.11
0 0.7926562500000001 0.5657870370370371 0.024166666666666666 0.10824074074074075
0 0.7005729166666668 0.5184722222222222 0.01583333333333333 0.0675
0 0.5016927083333333 0.490462962962963 0.010677083333333334 0.046296296296296294
0 0.011015625 0.6159722222222223 0.01953125 0.13842592592592592
0 0.22580729166666666 0.5356481481481481 0.012447916666666666 0.06240740740740741
0 0.17778645833333334 0.5285648148148149 0.013385416666666667 0.06638888888888889
0 0.5416927083333334 0.5089814814814814 0.012135416666666668 0.055185185185185184
0 0.5940885416666667 0.5112962962962964 0.01265625 0.05851851851851852
0 0.19666666666666668 0.524074074074074 0.012812500000000001 0.06351851851851852
0 0.6081770833333333 0.5085648148148149 0.011458333333333333 0.054907407407407405
0 0.5324479166666667 0.5079629629629628 0.010520833333333333 0.05240740740740741
0 0.691015625 0.517037037037037 0.014635416666666668 0.060740740740740734
0 0.564375 0.505462962962963 0.0109375 0.05037037037037037
0 0.509765625 0.4927777777777778 0.011197916666666667 0.04814814814814815
0 0.18645833333333334 0.5248148148148147 0.013333333333333334 0.06944444444444445
0 0.16828125 0.5276851851851851 0.010104166666666666 0.05925925925925926
