0 0.652421875 0.08236111111111111 0.03244791666666667 0.10990740740740741
0 0.37838541666666664 0.24333333333333335 0.04072916666666667 0.10685185185185185
0 0.30044270833333336 0.18833333333333332 0.03380208333333334 0.1635185185185185
0 0.423984375 0.2063425925925926 0.03380208333333334 0.1637962962962963
0 0.8466666666666666 0.6551388888888888 0.05291666666666666 0.21787037037037038
0 0.9165885416666666 0.518425925925926 0.039427083333333335 0.19370370370370368
0 0.17463541666666668 0.5432870370370371 0.04125 0.21157407407407408
0 0.15768229166666667 0.2523148148148148 0.030052083333333333 0.17962962962962964
0 0.793359375 0.08439814814814815 0.031302083333333335 0.13712962962962963
0 0.22455729166666666 0.2752777777777778 0.03619791666666667 0.1590740740740741
0 0.18624999999999997 0.25907407407407407 0.029895833333333333 0.16240740740740742
0 0.25080729166666665 0.27101851851851855 0.028385416666666666 0.17666666666666667
0 0.7700520833333333 0.15092592592592594 0.028333333333333332 0.1574074074074074
0 0.616328125 0.7225925925925926 0.05026041666666667 0.23907407407407405
0 0.40447916666666667 0.1449074074074074 0.02666666666666667 0.1437037037037037
0 0.8365364583333333 0.15587962962962965 0.032552083333333336 0.1613888888888889
0 0.14692708333333335 0.057129629629629634 0.0265625 0.11203703703703703
0 0.579609375 0.745 0.04223958333333333 0.23333333333333334
0 0.25674479166666664 0.14351851851851852 0.03203125 0.1574074074074074
0 0.1349739583333333 0.2011574074074074 0.026093750000000002 0.1487962962962963
0 0.29611979166666663 0.6432407407407408 0.047447916666666666 0.2298148148148148
0 0.20075520833333332 0.18078703703703702 0.028072916666666666 0.16027777777777777
0 0.22625 0.14430555555555555 0.030000000000000002 0.1550925925925926
