0 0.5011197916666668 0.4995833333333334 0.04994791666666667 0.10361111111111111
0 0.4490364583333334 0.47337962962962965 0.028072916666666666 0.07083333333333333
0 0.27794270833333334 0.5463425925925925 0.061614583333333334 0.26861111111111113
0 0.20661458333333332 0.4625462962962963 0.022187500000000002 0.09824074074074074
0 0.7700260416666667 0.45944444444444443 0.03401041666666667 0.11888888888888889
0 0.33791666666666664 0.5384722222222221 0.04635416666666667 0.25546296296296295
0 0.6638020833333333 0.46175925925925926 0.018333333333333333 0.09296296296296297
0 0.22880208333333335 0.46425925925925926 0.021979166666666668 0.08185185185185186
0 0.886328125 0.5741666666666667 0.10130208333333333 0.425
0 0.53734375 0.4613425925925926 0.022291666666666664 0.1086111111111111
0 0.429453125 0.46902777777777777 0.02984375 0.057129629629629634
0 0.5769270833333333 0.5000462962962963 0.017708333333333333 0.11138888888888888
0 0.5598958333333334 0.5 0.02020833333333333 0.10185185185185185
0 0.5827343749999999 0.4572685185185185 0.021197916666666667 0.09972222222222223
