0 0.6522395833333334 0.08291666666666667 0.03270833333333333 0.10898148148148148
0 0.06986979166666667 0.41129629629629627 0.025572916666666667 0.17462962962962963
0 0.19984375 0.17972222222222226 0.028541666666666667 0.16518518518518518
0 0.23057291666666668 0.1112037037037037 0.03135416666666667 0.15296296296296294
0 0.38140625 0.0748611111111111 0.029166666666666667 0.14787037037037035
0 0.7899218749999999 0.13291666666666668 0.028489583333333336 0.13657407407407407
0 0.5041666666666667 0.19333333333333336 0.0403125 0.1612962962962963
0 0.7344791666666666 0.6390740740740741 0.05479166666666667 0.2261111111111111
0 0.12497395833333333 0.19453703703703706 0.028489583333333336 0.15592592592592594
0 0.378359375 0.2438425925925926 0.04057291666666667 0.10361111111111111
0 0.9162499999999999 0.5210648148148148 0.04125 0.19675925925925927
0 0.23799479166666665 0.7210185185185186 0.04703125 0.23
0 0.164609375 0.19583333333333333 0.028177083333333335 0.15537037037037038
0 0.239296875 0.31430555555555556 0.04057291666666667 0.20546296296296296
0 0.29901041666666667 0.2152777777777778 0.034895833333333334 0.16314814814814813
0 0.29065104166666667 0.36898148148148147 0.031927083333333335 0.19
0 0.029010416666666667 0.6804629629629629 0.05697916666666667 0.21666666666666667
0 0.13848958333333333 0.6247685185185186 0.033229166666666664 0.1962037037037037
0 0.47140625 0.2523148148148148 0.03822916666666667 0.17944444444444446
0 0.58546875 0.2136111111111111 0.025 0.1496296296296296
0 0.07447916666666667 0.6254166666666667 0.04572916666666667 0.23324074074074075
0 0.42973958333333334 0.21949074074074076 0.03229166666666667 0.15824074074074074
0 0.43388020833333335 0.3541203703703704 0.03692708333333334 0.17250000000000001
0 0.644140625 0.22912037037037036 0.030677083333333334 0.17194444444444443
0 0.40651041666666665 0.3450462962962963 0.036562500000000005 0.18768518518518518
0 0.6658333333333334 0.2227314814814815 0.0259375 0.1613888888888889
0 0.5361718750000001 0.9235648148148148 0.03411458333333333 0.1547222222222222
