0 0.6522656250000001 0.08439814814814815 0.031927083333333335 0.11027777777777777
0 0.37859375 0.24444444444444444 0.041562499999999995 0.10537037037037036
0 0.7733333333333333 0.0737962962962963 0.028958333333333332 0.13518518518518519
0 0.19171875 0.6551851851851852 0.056666666666666664 0.2288888888888889
0 0.23273437500000002 0.1161574074074074 0.029947916666666668 0.15731481481481482
0 0.901015625 0.11930555555555555 0.03015625 0.1476851851851852
0 0.8048697916666667 0.6693055555555555 0.047552083333333335 0.2287962962962963
0 0.916640625 0.5214351851851852 0.04088541666666667 0.19712962962962963
0 0.07028645833333333 0.411712962962963 0.02703125 0.17787037037037037
0 0.5018489583333333 0.12625 0.03296875 0.16064814814814815
0 0.20138020833333334 0.18439814814814814 0.030052083333333333 0.1675
0 0.2551041666666667 0.20532407407407408 0.0396875 0.18527777777777776
0 0.43028645833333334 0.21925925925925926 0.029739583333333333 0.1625925925925926
0 0.536484375 0.15435185185185185 0.031614583333333335 0.16574074074074074
0 0.4820052083333334 0.49425925925925923 0.037760416666666664 0.18425925925925926
0 0.5637500000000001 0.1498611111111111 0.029166666666666667 0.15601851851851853
0 0.381171875 0.07504629629629629 0.027864583333333335 0.14453703703703702
0 0.16028645833333333 0.20069444444444445 0.028281249999999997 0.1628703703703704
0 0.291328125 0.5348611111111111 0.03421875 0.20249999999999999
0 0.12614583333333335 0.19842592592592595 0.028958333333333332 0.15685185185185185
0 0.13859375 0.4358796296296296 0.030104166666666664 0.17675925925925925
0 0.24752604166666667 0.5164814814814814 0.038802083333333334 0.21814814814814815
0 0.4519791666666667 0.49157407407407405 0.0403125 0.1938888888888889
0 0.39296875 0.1712962962962963 0.024687499999999998 0.155
0 0.20427083333333335 0.9101851851851852 0.050104166666666665 0.1814814814814815
0 0.27760416666666665 0.17282407407407405 0.022500000000000003 0.15712962962962962
0 0.5034114583333333 0.9211574074074075 0.04130208333333333 0.15953703703703706
0 0.227734375 0.47990740740740734 0.03505208333333333 0.19907407407407407
