0 0.223671875 0.44537037037037036 0.11359375 0.4142592592592592
0 0.32674479166666665 0.3611111111111111 0.023489583333333335 0.09592592592592591
0 0.435 0.3752777777777777 0.03145833333333333 0.1474074074074074
0 0.046953125000000005 0.38902777777777775 0.037760416666666664 0.14509259259259258
0 0.5701041666666666 0.35097222222222224 0.017291666666666667 0.0737962962962963
0 0.4917187499999999 0.3786111111111111 0.030000000000000002 0.14685185185185184
0 0.6434375 0.3906018518518518 0.0359375 0.22212962962962962
0 0.6090104166666667 0.3791203703703704 0.03197916666666666 0.13546296296296298
0 0.5146354166666667 0.3485185185185185 0.016666666666666666 0.05722222222222222
0 0.46859375000000003 0.36833333333333335 0.023020833333333334 0.0651851851851852
0 0.36838541666666663 0.35476851851851854 0.0140625 0.062129629629629625
0 0.5291145833333333 0.34314814814814815 0.011979166666666667 0.0437037037037037
0 0.35552083333333334 0.352962962962963 0.014166666666666666 0.06462962962962962
0 0.3386197916666667 0.35930555555555554 0.02390625 0.08194444444444444
