0 0.5014322916666667 0.49907407407407406 0.05026041666666667 0.1024074074074074
0 0.33460937500000004 0.5281944444444445 0.04244791666666667 0.2576851851851852
0 0.4079166666666667 0.5437037037037038 0.050104166666666665 0.27888888888888885
0 0.7250520833333334 0.6819907407407407 0.10145833333333334 0.6378703703703703
0 0.4583333333333333 0.5147222222222222 0.0440625 0.28055555555555556
0 0.528046875 0.45925925925925926 0.01942708333333333 0.09222222222222222
0 0.57578125 0.49527777777777776 0.02354166666666667 0.1151851851851852
0 0.6318229166666668 0.6589351851851851 0.07697916666666667 0.5319444444444444
0 0.11705729166666666 0.6797222222222221 0.20734375000000002 0.6424074074074073
0 0.5561197916666667 0.45810185185185187 0.020677083333333336 0.10194444444444443
0 0.798046875 0.565787037037037 0.05807291666666667 0.35157407407407404
0 0.210078125 0.4815277777777777 0.023802083333333335 0.10768518518518519
0 0.301171875 0.45694444444444443 0.015260416666666667 0.0737037037037037
0 0.37578125 0.4710648148148148 0.012812500000000001 0.06638888888888889
0 0.3830208333333333 0.4839351851851852 0.0159375 0.08953703703703704
