0 0.225078125 0.4796759259259259 0.03244791666666667 0.09842592592592592
0 0.6389322916666667 0.46064814814814814 0.01953125 0.09481481481481482
0 0.33291666666666664 0.6069907407407407 0.07697916666666667 0.4023148148148148
0 0.5765104166666666 0.5027314814814815 0.019583333333333335 0.1050925925925926
0 0.4520572916666667 0.5425925925925926 0.04526041666666667 0.2537037037037037
0 0.40132812500000004 0.5610185185185185 0.06765625 0.31203703703703706
0 0.25947916666666665 0.4829166666666667 0.022187500000000002 0.10175925925925926
0 0.5320052083333333 0.4593055555555556 0.01984375 0.09601851851851852
0 0.20559895833333333 0.4615740740740741 0.02265625 0.09759259259259259
0 0.5586458333333334 0.49921296296296297 0.02 0.10212962962962963
0 0.5920312499999999 0.45921296296296293 0.0209375 0.08731481481481482
0 0.2770572916666667 0.45916666666666667 0.015885416666666666 0.07111111111111111
0 0.5004947916666667 0.5029166666666667 0.045468749999999995 0.10324074074074074
0 0.28671875 0.4575925925925926 0.016145833333333335 0.07037037037037037
