0 0.6523958333333334 0.08351851851851852 0.03197916666666666 0.1111111111111111
0 0.12489583333333333 0.19504629629629627 0.02875 0.15527777777777776
0 0.7901041666666667 0.1322685185185185 0.028958333333333332 0.13898148148148148
0 0.06966145833333333 0.4102777777777778 0.026093750000000002 0.17666666666666667
0 0.3783333333333333 0.24365740740740743 0.04177083333333333 0.10250000000000001
0 0.3815625 0.07430555555555556 0.02875 0.14675925925925926
0 0.7346614583333333 0.63875 0.055156250000000004 0.22712962962962965
0 0.20005208333333332 0.18143518518518517 0.028333333333333332 0.16398148148148148
0 0.24000000000000002 0.7050925925925926 0.04635416666666667 0.23574074074074072
0 0.16486979166666668 0.19717592592592595 0.029114583333333333 0.15675925925925926
0 0.47578125 0.24648148148148147 0.043125 0.17685185185185184
0 0.9164322916666666 0.52125 0.04067708333333333 0.19583333333333333
0 0.22468749999999998 0.11337962962962964 0.03354166666666667 0.15175925925925926
0 0.6285677083333334 0.22236111111111112 0.03557291666666666 0.1699074074074074
0 0.04677083333333333 0.6926388888888889 0.058854166666666666 0.22842592592592592
0 0.2897135416666667 0.3802777777777778 0.032656250000000005 0.1877777777777778
0 0.23869791666666668 0.30439814814814814 0.0396875 0.20157407407407407
0 0.13752604166666668 0.6102314814814814 0.03276041666666667 0.19583333333333333
0 0.2946354166666667 0.2041203703703704 0.030729166666666665 0.14842592592592593
0 0.57234375 0.20819444444444443 0.0278125 0.1502777777777778
0 0.430390625 0.21962962962962962 0.032135416666666666 0.16037037037037036
0 0.4348958333333333 0.3596759259259259 0.036458333333333336 0.17083333333333334
0 0.40783854166666667 0.3506944444444444 0.03619791666666667 0.18768518518518518
0 0.6556510416666667 0.21175925925925926 0.023697916666666666 0.1548148148148148
0 0.07171875 0.6222222222222222 0.044270833333333336 0.2262962962962963
0 0.5297135416666666 0.9256481481481481 0.038593749999999996 0.15055555555555555
0 0.2509895833333333 0.04314814814814815 0.030104166666666664 0.0787037037037037
