0 0.30335937500000004 0.3994444444444445 0.04369791666666667 0.16444444444444445
0 0.7776302083333333 0.6200925925925926 0.10609375 0.6277777777777778
0 0.9167708333333333 0.6141203703703704 0.14145833333333335 0.6171296296296296
0 0.40817708333333336 0.3941666666666667 0.025729166666666668 0.13222222222222224
0 0.0746875 0.3825 0.021249999999999998 0.10481481481481482
0 0.4937760416666667 0.413287037037037 0.03588541666666667 0.15546296296296297
0 0.16346354166666668 0.3915277777777778 0.027864583333333335 0.1252777777777778
0 0.61359375 0.4211574074074074 0.041562499999999995 0.2312037037037037
0 0.2331510416666667 0.3823611111111111 0.022239583333333333 0.11601851851851852
0 0.43494791666666666 0.39365740740740746 0.027604166666666666 0.1297222222222222
0 0.5178385416666667 0.3875925925925926 0.01671875 0.10481481481481482
0 0.380625 0.3827777777777778 0.019791666666666666 0.04981481481481481
0 0.47140625 0.3861574074074074 0.02364583333333333 0.1126851851851852
0 0.20901041666666667 0.3786574074074074 0.013229166666666665 0.08101851851851852
0 0.21986979166666665 0.3825925925925926 0.01796875 0.09759259259259259
0 0.09606770833333335 0.3725 0.01265625 0.0651851851851852
0 0.05091145833333333 0.3569907407407407 0.012239583333333333 0.06138888888888889
