0 0.29453125 0.41791666666666666 0.01864583333333333 0.0975
0 0.45192708333333337 0.44675925925925924 0.0375 0.1635185185185185
0 0.38666666666666666 0.4190277777777778 0.023958333333333335 0.11768518518518518
0 0.32171874999999994 0.4033796296296296 0.015000000000000001 0.06435185185185185
0 0.1758333333333333 0.4128240740740741 0.01864583333333333 0.08657407407407407
0 0.6572916666666667 0.4318981481481482 0.022916666666666665 0.11453703703703703
0 0.3637760416666667 0.42009259259259263 0.02265625 0.10666666666666667
0 0.9646875 0.5904166666666667 0.07166666666666667 0.48194444444444445
0 0.26330729166666667 0.41175925925925927 0.017864583333333333 0.048888888888888885
0 0.186484375 0.41180555555555554 0.013489583333333333 0.07546296296296297
0 0.3072395833333334 0.40791666666666665 0.014270833333333333 0.0763888888888889
