0 0.50140625 0.4997685185185185 0.04916666666666667 0.10379629629629629
0 0.44898437500000005 0.4735648148148149 0.02755208333333333 0.07101851851851852
0 0.3881770833333333 0.46523148148148147 0.0234375 0.10305555555555555
0 0.6785677083333332 0.5391203703703704 0.055260416666666666 0.25324074074074077
0 0.3561197916666667 0.47041666666666665 0.019947916666666666 0.09583333333333334
0 0.5990364583333333 0.5197222222222222 0.05244791666666667 0.26351851851851854
0 0.4295833333333333 0.4693518518518519 0.028645833333333332 0.0575925925925926
0 0.21114583333333334 0.4817592592592592 0.024791666666666667 0.10703703703703703
0 0.5594010416666666 0.5144444444444445 0.046614583333333334 0.2224074074074074
0 0.2278125 0.4817592592592592 0.021875 0.09833333333333334
0 0.2969791666666666 0.4656944444444444 0.0159375 0.07805555555555556
0 0.3371354166666667 0.4675925925925926 0.0184375 0.09277777777777778
0 0.31450520833333334 0.45837962962962964 0.020677083333333336 0.07731481481481481
0 0.5261458333333333 0.46097222222222217 0.018020833333333333 0.08694444444444445
