0 0.6520052083333334 0.0839351851851852 0.03244791666666667 0.1087962962962963
0 0.3786197916666667 0.24351851851851852 0.04088541666666667 0.10574074074074075
0 0.7871874999999999 0.0712962962962963 0.03135416666666667 0.13277777777777777
0 0.433984375 0.21430555555555555 0.03359375 0.1600925925925926
0 0.19489583333333332 0.3852314814814815 0.034895833333333334 0.1884259259259259
0 0.30111979166666664 0.18574074074074076 0.03307291666666667 0.15962962962962962
0 0.9157291666666666 0.5201851851851852 0.052187500000000005 0.19796296296296298
0 0.20052083333333334 0.18287037037037038 0.026979166666666665 0.16185185185185186
0 0.28239583333333335 0.6118518518518518 0.05 0.22648148148148148
0 0.8449479166666668 0.6543981481481481 0.049895833333333334 0.21787037037037038
0 0.15205729166666665 0.31124999999999997 0.03036458333333333 0.17472222222222222
0 0.8628385416666667 0.2673148148148148 0.03588541666666667 0.1733333333333333
0 0.12338541666666665 0.305 0.03197916666666666 0.18537037037037035
0 0.40356770833333333 0.14750000000000002 0.02328125 0.1437037037037037
0 0.23294270833333333 0.17967592592592593 0.02890625 0.1449074074074074
0 0.16291666666666668 0.19597222222222221 0.026354166666666668 0.15787037037037038
0 0.23294270833333333 0.06949074074074074 0.031197916666666665 0.13527777777777777
0 0.2529166666666667 0.16782407407407407 0.026145833333333333 0.1649074074074074
0 0.19934895833333333 0.06189814814814814 0.029322916666666664 0.12194444444444444
0 0.2673697916666667 0.1284722222222222 0.02453125 0.15009259259259258
0 0.134375 0.20199074074074072 0.022395833333333334 0.15361111111111111
0 0.803984375 0.945324074074074 0.04067708333333333 0.1112037037037037
