0 0.5814322916666667 0.5656944444444445 0.08005208333333333 0.3100925925925926
0 0.32622395833333334 0.4987037037037037 0.029531250000000002 0.16148148148148148
0 0.42419270833333333 0.6504629629629629 0.09880208333333333 0.529074074074074
0 0.2772135416666667 0.47203703703703703 0.018489583333333334 0.10277777777777777
0 0.2051302083333333 0.4623148148148148 0.023072916666666665 0.0961111111111111
0 0.49557291666666664 0.5832407407407407 0.06572916666666667 0.36203703703703705
0 0.23940104166666665 0.4826851851851853 0.023177083333333334 0.10037037037037037
0 0.640078125 0.4643055555555555 0.020572916666666666 0.09287037037037037
0 0.3492447916666667 0.46324074074074073 0.012864583333333334 0.06481481481481481
0 0.2935677083333334 0.4540740740740741 0.01296875 0.06185185185185185
0 0.22687500000000002 0.48 0.0234375 0.09425925925925925
0 0.31429687500000003 0.40837962962962965 0.00984375 0.034722222222222224
0 0.30299479166666665 0.4536111111111111 0.023802083333333335 0.06981481481481482
