0 0.6438541666666667 0.3761111111111111 0.030104166666666664 0.13462962962962963
0 0.5660677083333334 0.4039814814814815 0.037135416666666664 0.10888888888888888
0 0.44765625 0.38078703703703703 0.034375 0.16527777777777777
0 0.5417187499999999 0.39689814814814817 0.0334375 0.11175925925925927
0 0.4860416666666667 0.38685185185185184 0.03145833333333333 0.1524074074074074
0 0.820703125 0.39083333333333337 0.05286458333333333 0.22555555555555554
0 0.5973177083333333 0.352824074074074 0.01703125 0.06694444444444445
0 0.3605989583333333 0.35106481481481483 0.014635416666666668 0.05527777777777778
0 0.4234375 0.3568518518518518 0.0184375 0.06240740740740741
0 0.3818229166666667 0.3476851851851852 0.012395833333333333 0.04796296296296296
0 0.6145052083333334 0.3519907407407407 0.015260416666666667 0.06342592592592593
0 0.3691145833333333 0.34875 0.013854166666666667 0.05157407407407408
