0 0.6556510416666668 0.5655555555555555 0.11161458333333334 0.5575925925925926
0 0.3205989583333333 0.5417129629629629 0.09713541666666667 0.4532407407407407
0 0.4750260416666667 0.5622222222222223 0.09161458333333333 0.5392592592592592
0 0.23020833333333332 0.5540740740740742 0.09302083333333333 0.4514814814814815
0 0.5573958333333333 0.542037037037037 0.0746875 0.3592592592592593
0 0.3833854166666667 0.48736111111111113 0.024895833333333332 0.1247222222222222
0 0.424453125 0.49833333333333335 0.04223958333333333 0.2064814814814815
0 0.9310937499999999 0.9635185185185187 0.0209375 0.0748148148148148
0 0.8374739583333334 0.9318518518518518 0.01578125 0.06555555555555555
0 0.8459114583333334 0.9301388888888888 0.013802083333333333 0.0649074074074074
