0 0.6013802083333334 0.3437962962962963 0.03328125 0.13425925925925927
0 0.11958333333333333 0.40208333333333335 0.058229166666666665 0.27379629629629626
0 0.367265625 0.335787037037037 0.023697916666666666 0.10731481481481482
0 0.4636197916666667 0.34717592592592594 0.031197916666666665 0.14509259259259258
0 0.42218749999999994 0.34305555555555556 0.034166666666666665 0.16814814814814813
0 0.49851562499999996 0.35152777777777783 0.02453125 0.07935185185185185
0 0.7369791666666666 0.39388888888888884 0.05354166666666667 0.3553703703703704
0 0.529453125 0.3207407407407407 0.016302083333333335 0.06555555555555555
0 0.5563281250000001 0.315 0.013489583333333333 0.05074074074074074
0 0.3921614583333333 0.32125 0.012135416666666668 0.05731481481481481
0 0.31927083333333334 0.3154166666666667 0.012395833333333333 0.04416666666666667
0 0.330078125 0.31166666666666665 0.011927083333333333 0.04240740740740741
0 0.31197916666666664 0.3200462962962963 0.013854166666666667 0.04805555555555555
0 0.3541666666666667 0.3249537037037037 0.016354166666666666 0.06305555555555555
