0 0.6523177083333334 0.08249999999999999 0.03234375 0.11018518518518519
0 0.37830729166666666 0.2434722222222222 0.04130208333333333 0.1062037037037037
0 0.15054687499999997 0.26212962962962966 0.031927083333333335 0.18592592592592594
0 0.42135416666666664 0.20819444444444446 0.03104166666666667 0.16212962962962962
0 0.30270833333333336 0.18925925925925927 0.03145833333333333 0.16296296296296298
0 0.7765625 0.16685185185185183 0.028333333333333332 0.1512962962962963
0 0.916640625 0.5193055555555556 0.047135416666666666 0.19175925925925924
0 0.7916927083333333 0.07912037037037035 0.030989583333333334 0.13212962962962962
0 0.8466145833333333 0.654074074074074 0.051250000000000004 0.21685185185185185
0 0.26330729166666667 0.6352777777777777 0.05098958333333334 0.23296296296296296
0 0.847421875 0.17194444444444443 0.030677083333333334 0.16740740740740742
0 0.18773437499999998 0.26583333333333337 0.03015625 0.16240740740740742
0 0.1754427083333333 0.5147685185185186 0.038177083333333334 0.20453703703703704
0 0.25721354166666666 0.25726851851851856 0.027760416666666666 0.17212962962962963
0 0.24559895833333334 0.1313425925925926 0.03015625 0.15435185185185185
0 0.2278125 0.2626851851851852 0.034791666666666665 0.16018518518518518
0 0.602109375 0.7820370370370371 0.04401041666666667 0.2437037037037037
0 0.6416145833333334 0.767037037037037 0.045000000000000005 0.24185185185185185
0 0.40356770833333333 0.14662037037037037 0.02578125 0.13712962962962963
0 0.20036458333333332 0.18254629629629626 0.0259375 0.15657407407407406
0 0.14713541666666666 0.05717592592592593 0.025208333333333333 0.11157407407407408
0 0.21867187500000002 0.1274537037037037 0.026927083333333334 0.16194444444444445
0 0.163515625 0.1962962962962963 0.02390625 0.15592592592592594
