0 0.652578125 0.08361111111111111 0.032552083333333336 0.10981481481481481
0 0.5026302083333334 0.06939814814814815 0.03015625 0.13694444444444445
0 0.37828124999999996 0.24361111111111114 0.040625 0.10666666666666667
0 0.2519270833333333 0.2690740740740741 0.034895833333333334 0.18574074074074073
0 0.5389583333333333 0.07435185185185185 0.027916666666666666 0.1448148148148148
0 0.9168229166666666 0.22907407407407404 0.03177083333333333 0.1524074074074074
0 0.468828125 0.06296296296296296 0.029531250000000002 0.12407407407407407
0 0.9693229166666666 0.4463425925925926 0.041666666666666664 0.19916666666666666
0 0.15130208333333334 0.7456481481481481 0.051354166666666666 0.23981481481481481
0 0.1546875 0.27814814814814814 0.02625 0.1612962962962963
0 0.20125 0.1840277777777778 0.02822916666666667 0.16342592592592592
0 0.19497395833333334 0.7715740740740741 0.038072916666666665 0.23296296296296296
0 0.9125 0.5210185185185184 0.048749999999999995 0.1922222222222222
0 0.8000520833333333 0.0525462962962963 0.029479166666666667 0.10138888888888889
0 0.07455729166666666 0.410787037037037 0.028802083333333332 0.17472222222222222
0 0.876875 0.41944444444444445 0.034166666666666665 0.1811111111111111
0 0.2861458333333334 0.15212962962962964 0.030416666666666665 0.16148148148148148
0 0.823671875 0.6775 0.03921875 0.22703703703703704
0 0.430703125 0.2177314814814815 0.023802083333333335 0.1597222222222222
0 0.8927604166666667 0.1325 0.036875 0.16148148148148148
0 0.44375 0.6544444444444444 0.04552083333333334 0.2338888888888889
0 0.12950520833333334 0.20060185185185184 0.03244791666666667 0.14731481481481482
0 0.4948958333333333 0.6776388888888889 0.058229166666666665 0.22768518518518518
0 0.4063802083333333 0.15518518518518518 0.027864583333333335 0.13518518518518519
0 0.1624479166666667 0.19467592592592592 0.027916666666666666 0.15805555555555553
0 0.24997395833333333 0.12675925925925927 0.03640625 0.17351851851851852
0 0.78203125 0.6136111111111111 0.04447916666666667 0.19092592592592592
0 0.5341145833333333 0.6848611111111111 0.04802083333333333 0.20583333333333334
0 0.22861979166666666 0.07388888888888889 0.02234375 0.14425925925925928
0 0.38492187499999997 0.16282407407407407 0.027760416666666666 0.1525
0 0.5572135416666667 0.9272685185185184 0.04369791666666667 0.14731481481481482
