0 0.37872395833333333 0.2434722222222222 0.040468750000000005 0.10527777777777778
0 0.2856510416666666 0.2286574074074074 0.05317708333333333 0.17694444444444443
0 0.788671875 0.13337962962962965 0.029010416666666667 0.13712962962962963
0 0.6461458333333334 0.08643518518518518 0.03770833333333334 0.11083333333333334
0 0.3815625 0.07439814814814814 0.029375 0.14509259259259258
0 0.7362760416666666 0.637962962962963 0.055052083333333335 0.2275925925925926
0 0.42994791666666665 0.21939814814814815 0.03197916666666666 0.1612037037037037
0 0.9182291666666667 0.5205555555555554 0.03958333333333333 0.195
0 0.22046875000000002 0.4707407407407408 0.044895833333333336 0.2237037037037037
0 0.07531249999999999 0.623287037037037 0.044270833333333336 0.23249999999999998
0 0.12515625 0.19467592592592592 0.024791666666666667 0.15305555555555556
0 0.19937499999999997 0.1797685185185185 0.028541666666666667 0.1673148148148148
0 0.5529947916666667 0.2721296296296296 0.03682291666666667 0.16999999999999998
0 0.856875 0.3134722222222222 0.030625 0.17157407407407407
0 0.12447916666666667 0.44462962962962965 0.035 0.18407407407407408
0 0.23151041666666666 0.15537037037037038 0.028958333333333332 0.1511111111111111
0 0.4728645833333333 0.2099537037037037 0.03166666666666666 0.16805555555555557
0 0.1621614583333333 0.19449074074074074 0.029114583333333333 0.15805555555555553
0 0.9613020833333333 0.2965277777777778 0.03302083333333333 0.17212962962962963
0 0.25190104166666666 0.13976851851851851 0.025364583333333336 0.1562037037037037
0 0.7573177083333333 0.2980092592592593 0.026093750000000002 0.15675925925925926
0 0.738125 0.2569444444444444 0.027083333333333334 0.16037037037037036
0 0.012343749999999999 0.8892592592592592 0.02364583333333333 0.22333333333333333
0 0.49057291666666664 0.20625 0.022916666666666665 0.14712962962962964
0 0.141015625 0.4315740740740741 0.025364583333333336 0.17685185185185184
