0 0.10619791666666667 0.5389814814814814 0.07760416666666667 0.2985185185185185
0 0.573046875 0.48703703703703705 0.03828125 0.16537037037037036
0 0.023515625000000002 0.5141666666666667 0.04421875 0.19333333333333336
0 0.665703125 0.5353703703703704 0.061822916666666665 0.32314814814814813
0 0.46552083333333333 0.45967592592592593 0.024270833333333335 0.11231481481481481
0 0.4400260416666667 0.46328703703703705 0.021510416666666664 0.0987962962962963
0 0.37981770833333334 0.44972222222222225 0.014531249999999999 0.06314814814814815
0 0.42135416666666664 0.4494907407407408 0.018020833333333333 0.08583333333333333
0 0.27036458333333335 0.4616666666666666 0.013020833333333334 0.07074074074074074
0 0.21796875 0.454212962962963 0.011250000000000001 0.05453703703703704
0 0.22580729166666666 0.4540740740740741 0.011927083333333333 0.058333333333333334
0 0.23296875 0.4549074074074074 0.011666666666666665 0.05888888888888889
0 0.24562499999999998 0.4568055555555556 0.012395833333333333 0.0625
0 0.13953125 0.5054629629629629 0.03625 0.18574074074074073
0 0.4775 0.4525 0.016979166666666667 0.10222222222222223
