0 0.21200520833333333 0.48203703703703704 0.026093750000000002 0.1075925925925926
0 0.5251822916666666 0.5441666666666667 0.05869791666666667 0.2588888888888889
0 0.4220833333333333 0.5218055555555555 0.044375000000000005 0.24379629629629632
0 0.7649739583333334 0.6923148148148148 0.13286458333333334 0.5968518518518519
0 0.89984375 0.6752314814814815 0.160625 0.6513888888888889
0 0.36585937500000004 0.4751851851851851 0.021302083333333333 0.11444444444444445
0 0.30645833333333333 0.4626388888888889 0.017083333333333332 0.07527777777777778
0 0.6236458333333332 0.45560185185185187 0.018541666666666668 0.08009259259259259
0 0.5750260416666667 0.517037037037037 0.05484375 0.21685185185185185
0 0.4832552083333333 0.5168981481481482 0.04848958333333333 0.2752777777777778
0 0.3454166666666667 0.4653240740740741 0.015625 0.09212962962962963
0 0.28997395833333334 0.46328703703703705 0.015052083333333332 0.06805555555555555
0 0.38315104166666664 0.4581944444444444 0.01546875 0.08324074074074074
0 0.24109375000000002 0.4644444444444445 0.015729166666666666 0.07277777777777777
0 0.2288541666666667 0.4810648148148149 0.02375 0.08972222222222223
0 0.4511458333333333 0.48009259259259257 0.030625 0.08166666666666667
0 0.24854166666666666 0.4581481481481481 0.013958333333333333 0.06277777777777778
