0 0.4082291666666667 0.4418055555555555 0.0240625 0.11472222222222223
0 0.751875 0.580324074074074 0.10583333333333332 0.49212962962962964
0 0.3821875 0.4446759259259259 0.021979166666666668 0.10712962962962963
0 0.4934895833333333 0.46847222222222223 0.03822916666666667 0.15842592592592591
0 0.6489583333333333 0.44902777777777775 0.022395833333333334 0.11101851851851853
0 0.2663802083333333 0.44828703703703704 0.025572916666666667 0.11898148148148148
0 0.33 0.42796296296296293 0.014166666666666666 0.06648148148148147
0 0.44447916666666665 0.4369907407407408 0.021354166666666667 0.10805555555555556
0 0.034895833333333334 0.49828703703703703 0.042708333333333334 0.1973148148148148
0 0.28393229166666667 0.43898148148148153 0.01953125 0.08481481481481482
0 0.06190104166666667 0.4807407407407408 0.03536458333333334 0.1612962962962963
