0 0.6523958333333333 0.08231481481481483 0.03177083333333333 0.10851851851851853
0 0.23973958333333334 0.3987037037037037 0.043229166666666666 0.21259259259259258
0 0.3812760416666666 0.07467592592592594 0.029322916666666664 0.1462037037037037
0 0.19984375 0.18189814814814814 0.029375 0.16324074074074074
0 0.7355208333333334 0.6377777777777779 0.05458333333333333 0.22722222222222221
0 0.7889843750000001 0.13254629629629627 0.028593749999999998 0.1362037037037037
0 0.9167187499999999 0.5199537037037036 0.04020833333333333 0.19416666666666665
0 0.2797916666666667 0.2878240740740741 0.03864583333333334 0.18472222222222223
0 0.2334375 0.9017592592592593 0.05520833333333333 0.19833333333333333
0 0.5247916666666667 0.26689814814814816 0.03864583333333334 0.17509259259259258
0 0.07578125 0.6235185185185185 0.044375000000000005 0.23296296296296296
0 0.649765625 0.22814814814814816 0.03109375 0.16499999999999998
0 0.40208333333333335 0.2561574074074074 0.034791666666666665 0.16898148148148148
0 0.12291666666666666 0.19717592592592592 0.026354166666666668 0.15157407407407406
0 0.167109375 0.1960648148148148 0.026822916666666665 0.15657407407407406
0 0.029375000000000002 0.7646296296296295 0.03510416666666667 0.2101851851851852
0 0.7536458333333333 0.26949074074074075 0.03208333333333333 0.17805555555555558
0 0.6925260416666668 0.2651388888888889 0.023177083333333334 0.15805555555555553
0 0.7821093749999999 0.25560185185185186 0.02744791666666667 0.15546296296296297
0 0.24138020833333332 0.08592592592592593 0.02755208333333333 0.14796296296296296
0 0.4492447916666667 0.2502314814814815 0.03015625 0.17120370370370372
0 0.07614583333333334 0.4167592592592593 0.02322916666666667 0.17518518518518517
0 0.21070312500000002 0.09291666666666666 0.028072916666666666 0.14805555555555555
0 0.2929166666666667 0.13800925925925928 0.025208333333333333 0.16046296296296297
0 0.2649739583333333 0.19625 0.029635416666666668 0.1502777777777778
0 0.14856770833333333 0.1697685185185185 0.03109375 0.16583333333333333
0 0.4697135416666667 0.2641203703703704 0.027864583333333335 0.1539814814814815
0 0.37572916666666667 0.24620370370370367 0.03104166666666667 0.10796296296296296
0 0.4286979166666667 0.21930555555555556 0.024895833333333332 0.14416666666666667
0 0.26760416666666664 0.11203703703703703 0.026979166666666665 0.1537037037037037
