0 0.6522916666666666 0.0825462962962963 0.03260416666666667 0.10972222222222222
0 0.37846354166666674 0.24324074074074073 0.04161458333333334 0.10481481481481482
0 0.2671614583333334 0.05472222222222222 0.026197916666666664 0.1075925925925926
0 0.4344791666666667 0.21060185185185187 0.03979166666666667 0.1613888888888889
0 0.8840364583333333 0.10347222222222222 0.02734375 0.1486111111111111
0 0.9169010416666666 0.5183333333333334 0.040364583333333336 0.19666666666666668
0 0.19880208333333332 0.3588425925925926 0.04145833333333333 0.16398148148148148
0 0.8475 0.6553703703703704 0.05385416666666667 0.21777777777777776
0 0.30669270833333334 0.1887037037037037 0.030989583333333334 0.1627777777777778
0 0.5748958333333333 0.05611111111111111 0.03177083333333333 0.11037037037037037
0 0.7820572916666667 0.1313888888888889 0.03140625 0.1475925925925926
0 0.1613802083333333 0.6756944444444445 0.04286458333333333 0.22712962962962965
0 0.7489843749999999 0.09625 0.02765625 0.14250000000000002
0 0.40653645833333335 0.14097222222222222 0.028593749999999998 0.15064814814814814
0 0.13822916666666665 0.20069444444444445 0.0284375 0.15546296296296297
0 0.14661458333333333 0.05726851851851852 0.02875 0.1126851851851852
0 0.24010416666666667 0.3551388888888889 0.028541666666666667 0.18601851851851853
0 0.17390624999999998 0.23967592592592596 0.03739583333333333 0.18083333333333335
0 0.49932291666666667 0.5844907407407407 0.03770833333333334 0.2162037037037037
0 0.2622916666666667 0.22046296296296294 0.031875 0.17518518518518517
0 0.5424479166666667 0.5682407407407408 0.043125 0.22148148148148147
0 0.23231770833333334 0.21245370370370373 0.031510416666666666 0.15953703703703706
