0 0.6830208333333334 0.5814814814814815 0.10104166666666667 0.35203703703703704
0 0.20484375000000002 0.46189814814814817 0.023020833333333334 0.09824074074074074
0 0.3525520833333333 0.5019444444444444 0.03364583333333333 0.17518518518518517
0 0.226171875 0.48097222222222225 0.020052083333333335 0.10416666666666667
0 0.5182552083333333 0.6739814814814815 0.08828125 0.6083333333333333
0 0.27591145833333336 0.47125 0.016927083333333332 0.10453703703703704
0 0.45169270833333336 0.6129629629629629 0.07255208333333334 0.41203703703703703
0 0.31330729166666665 0.4538888888888889 0.011510416666666667 0.05907407407407407
0 0.25408854166666667 0.47351851851851856 0.017447916666666667 0.09925925925925926
0 0.29177083333333337 0.4537037037037037 0.012708333333333332 0.058333333333333334
0 0.5734635416666668 0.49800925925925926 0.025677083333333333 0.10805555555555556
0 0.4039322916666667 0.4479166666666667 0.013489583333333333 0.0699074074074074
0 0.5861979166666667 0.4638425925925926 0.02333333333333333 0.10824074074074075
