0 0.5519791666666667 0.3634722222222222 0.08739583333333334 0.49101851851851847
0 0.356015625 0.5261111111111111 0.17473958333333334 0.9081481481481481
0 0.6351302083333333 0.36634259259259255 0.05463541666666667 0.3036111111111111
0 0.18057291666666667 0.5057870370370371 0.2015625 0.9902777777777778
0 0.7442708333333333 0.3341666666666667 0.019479166666666665 0.11166666666666666
0 0.8842708333333335 0.547175925925926 0.17802083333333335 0.9075
0 0.47104166666666664 0.36773148148148144 0.09895833333333333 0.4369444444444444
0 0.7188541666666667 0.3331481481481481 0.0140625 0.08685185185185185
0 0.7104166666666667 0.33 0.012916666666666667 0.08074074074074074
0 0.7284375000000001 0.33120370370370367 0.021249999999999998 0.09203703703703704
0 0.7680208333333334 0.32763888888888887 0.014270833333333333 0.06287037037037038
