0 0.9577864583333333 0.7301851851851852 0.05942708333333333 0.24796296296296297
0 0.05341145833333334 0.6288888888888888 0.028281249999999997 0.12648148148148147
0 0.08776041666666666 0.6250462962962963 0.028541666666666667 0.14935185185185187
0 0.023515625 0.634074074074074 0.028072916666666666 0.12111111111111113
0 0.6730989583333333 0.5297685185185186 0.015677083333333335 0.07398148148148148
0 0.12932291666666665 0.5872685185185185 0.023125 0.11824074074074074
0 0.91265625 0.5736574074074074 0.029270833333333336 0.1062037037037037
0 0.29791666666666666 0.525 0.0125 0.06259259259259259
0 0.5514322916666666 0.48976851851851855 0.009010416666666667 0.04101851851851852
0 0.7306770833333334 0.5211111111111111 0.0153125 0.05462962962962963
0 0.25299479166666666 0.519537037037037 0.011510416666666667 0.06037037037037037
0 0.5865364583333332 0.5069907407407408 0.011822916666666666 0.04990740740740741
0 0.757578125 0.5123611111111112 0.01328125 0.061759259259259264
0 0.40497395833333333 0.487962962962963 0.008385416666666668 0.030185185185185186
0 0.6523697916666666 0.5117592592592592 0.01171875 0.05148148148148148
0 0.6442447916666667 0.5094444444444445 0.011197916666666667 0.04925925925925926
0 0.7448177083333333 0.5168981481481482 0.012864583333333334 0.05416666666666667
0 0.57921875 0.5043055555555556 0.011041666666666667 0.04694444444444445
0 0.29164062500000004 0.5227777777777778 0.011302083333333332 0.05907407407407407
0 0.5628124999999999 0.4943518518518518 0.010520833333333333 0.04240740740740741
0 0.28296875 0.5192129629629629 0.01864583333333333 0.06027777777777777
0 0.6081770833333332 0.5055092592592592 0.009479166666666667 0.04472222222222222
