0 0.6523958333333333 0.08398148148148149 0.03239583333333333 0.11314814814814815
0 0.37859375 0.24407407407407408 0.041979166666666665 0.10500000000000001
0 0.7869791666666667 0.07199074074074074 0.03166666666666666 0.1362037037037037
0 0.9158854166666667 0.5197685185185186 0.05083333333333333 0.19194444444444445
0 0.30671875 0.18546296296296297 0.026041666666666668 0.1638888888888889
0 0.21919270833333335 0.6072222222222222 0.05765625 0.23333333333333334
0 0.265078125 0.20324074074074075 0.024010416666666666 0.1612962962962963
0 0.43419270833333334 0.21523148148148147 0.030989583333333334 0.16268518518518518
0 0.7897395833333333 0.2258333333333333 0.027291666666666665 0.16166666666666665
0 0.18156250000000002 0.4300925925925926 0.036041666666666666 0.19944444444444445
0 0.862421875 0.22819444444444445 0.03755208333333333 0.17250000000000001
0 0.23502604166666666 0.20550925925925925 0.03651041666666666 0.1486111111111111
0 0.845546875 0.6549074074074075 0.05046875 0.21888888888888888
0 0.20083333333333334 0.18439814814814812 0.026041666666666668 0.15657407407407406
0 0.5821875 0.048518518518518516 0.04083333333333334 0.09518518518518518
0 0.40356770833333333 0.14671296296296296 0.025885416666666668 0.14527777777777778
0 0.6901041666666666 0.904212962962963 0.04791666666666667 0.19342592592592592
0 0.22526041666666666 0.08476851851851852 0.030833333333333334 0.15175925925925926
0 0.13921875 0.2843055555555556 0.0334375 0.17953703703703705
0 0.7378385416666667 0.8976851851851851 0.05026041666666667 0.2064814814814815
0 0.1671875 0.2860185185185185 0.030416666666666665 0.15944444444444444
0 0.2625 0.1025 0.024270833333333335 0.1325925925925926
0 0.4549479166666667 0.9287500000000001 0.037187500000000005 0.14435185185185187
0 0.17078125 0.06495370370370371 0.030104166666666664 0.12805555555555556
