0 0.865625 0.6035648148148148 0.030104166666666664 0.15175925925925926
0 0.20994791666666665 0.575462962962963 0.026770833333333334 0.11629629629629629
0 0.18557291666666667 0.5730092592592592 0.026145833333333333 0.11861111111111111
0 0.9334635416666667 0.5583333333333333 0.02432291666666667 0.09666666666666668
0 0.8981250000000001 0.5365740740740741 0.019479166666666665 0.09037037037037036
0 0.3866927083333333 0.4948148148148148 0.011614583333333334 0.051111111111111114
0 0.7316666666666667 0.5042129629629629 0.013229166666666665 0.05935185185185184
0 0.42408854166666665 0.5024074074074074 0.010572916666666666 0.048888888888888885
0 0.2908854166666667 0.5546296296296296 0.021458333333333336 0.09185185185185185
0 0.6643749999999999 0.48875 0.011979166666666667 0.04472222222222222
0 0.31052083333333336 0.549537037037037 0.021041666666666667 0.09981481481481481
0 0.5378124999999999 0.4741666666666667 0.008437499999999999 0.03148148148148148
0 0.8250260416666667 0.5030555555555555 0.011614583333333334 0.05148148148148148
0 0.26528645833333336 0.5526851851851852 0.017239583333333332 0.08351851851851852
0 0.645234375 0.4797222222222222 0.00953125 0.03796296296296296
0 0.7772395833333333 0.4994444444444444 0.010416666666666666 0.048888888888888885
0 0.2768749999999999 0.5560185185185185 0.016979166666666667 0.08685185185185185
0 0.654921875 0.48384259259259255 0.010677083333333334 0.038981481481481485
0 0.7188541666666667 0.49425925925925934 0.011979166666666667 0.048518518518518516
0 0.83203125 0.5018055555555556 0.011875 0.052500000000000005
0 0.8722916666666667 0.5115277777777777 0.014166666666666666 0.05564814814814815
0 0.25591145833333334 0.546574074074074 0.015885416666666666 0.07592592592592592
0 0.8652864583333333 0.5057407407407407 0.013072916666666667 0.055185185185185184
0 0.7661458333333333 0.49527777777777776 0.010104166666666666 0.04388888888888889
