0 0.44937499999999997 0.47379629629629627 0.0275 0.07407407407407407
0 0.2634375 0.4718055555555556 0.01875 0.10564814814814814
0 0.16885416666666667 0.5719907407407407 0.10072916666666668 0.3862037037037037
0 0.6038802083333333 0.6514814814814816 0.09838541666666667 0.5814814814814815
0 0.7799999999999999 0.4582407407407408 0.025520833333333333 0.10481481481481482
0 0.5067447916666666 0.6349074074074075 0.07609375 0.4883333333333333
0 0.22614583333333332 0.4853703703703703 0.02322916666666667 0.09777777777777777
0 0.428828125 0.4685648148148148 0.02890625 0.056574074074074075
0 0.34992187499999994 0.46314814814814814 0.01359375 0.06814814814814814
0 0.038125 0.5688888888888889 0.07520833333333334 0.31666666666666665
0 0.33661458333333333 0.4556944444444444 0.012916666666666667 0.0600925925925926
0 0.2967708333333333 0.4543055555555556 0.0103125 0.0537962962962963
0 0.20645833333333335 0.4848611111111111 0.022187500000000002 0.10916666666666668
0 0.31052083333333336 0.45222222222222225 0.0115625 0.05388888888888889
0 0.2829947916666667 0.45337962962962963 0.018385416666666664 0.06194444444444445
