0 0.8830989583333333 0.5493055555555556 0.11744791666666667 0.7534259259259259
0 0.423046875 0.3337962962962963 0.04463541666666667 0.20555555555555555
0 0.6107291666666668 0.31879629629629624 0.03510416666666667 0.14648148148148146
0 0.2864583333333333 0.31023148148148144 0.0259375 0.10768518518518519
0 0.49484374999999997 0.31236111111111114 0.027395833333333335 0.12453703703703704
0 0.026197916666666668 0.3053240740740741 0.01885416666666667 0.0913888888888889
0 0.5639583333333335 0.30833333333333335 0.025416666666666664 0.13666666666666666
0 0.6353125 0.2974537037037037 0.020520833333333332 0.1150925925925926
0 0.059869791666666665 0.3276388888888889 0.031197916666666665 0.1362037037037037
0 0.458671875 0.31324074074074076 0.03140625 0.1487037037037037
0 0.10098958333333334 0.3578703703703704 0.03802083333333333 0.19111111111111112
0 0.12328125 0.33851851851851855 0.04458333333333333 0.2159259259259259
0 0.3520312500000001 0.2939351851851852 0.011666666666666665 0.05824074074074074
0 0.5279947916666666 0.28138888888888886 0.011927083333333333 0.048518518518518516
0 0.5189583333333334 0.2851388888888889 0.01375 0.050277777777777775
0 0.3996875 0.29250000000000004 0.0125 0.060740740740740734
0 0.3758072916666667 0.2891666666666667 0.010885416666666667 0.054814814814814816
0 0.5104947916666667 0.293287037037037 0.015364583333333333 0.07324074074074073
0 0.367421875 0.2914351851851852 0.01963541666666667 0.06194444444444445
