0 0.43411458333333336 0.3729166666666667 0.031875 0.14712962962962964
0 0.22065104166666666 0.4362962962962963 0.11557291666666666 0.41944444444444445
0 0.4892447916666667 0.3747685185185185 0.029531250000000002 0.13805555555555554
0 0.32166666666666666 0.35708333333333336 0.0228125 0.09509259259259259
0 0.05953125 0.3851388888888889 0.03802083333333333 0.14657407407407408
0 0.5645052083333333 0.34476851851851853 0.01796875 0.06916666666666667
0 0.6383072916666667 0.38282407407407404 0.032552083333333336 0.22546296296296298
0 0.6098697916666665 0.3735648148148148 0.029531250000000002 0.1399074074074074
0 0.5113020833333334 0.34421296296296294 0.015208333333333332 0.05472222222222222
0 0.34994791666666664 0.3493981481481482 0.015729166666666666 0.06675925925925925
0 0.46351562500000004 0.3640277777777778 0.023697916666666666 0.06712962962962964
0 0.36736979166666667 0.34925925925925927 0.013385416666666667 0.061481481481481484
0 0.5295572916666667 0.3393055555555555 0.011822916666666666 0.04083333333333333
0 0.35854166666666665 0.3489351851851852 0.013541666666666667 0.06583333333333333
0 0.33265625000000004 0.3513425925925926 0.02 0.07953703703703704
