0 0.2126822916666667 0.48300925925925925 0.026614583333333334 0.10731481481481482
0 0.41265625000000006 0.5257407407407407 0.05583333333333333 0.24055555555555558
0 0.5141927083333333 0.5405555555555556 0.07421875 0.2611111111111111
0 0.4493229166666666 0.473287037037037 0.027916666666666666 0.0699074074074074
0 0.8908854166666667 0.6718981481481482 0.16020833333333334 0.6580555555555556
0 0.36950520833333333 0.47310185185185183 0.020781249999999998 0.11564814814814815
0 0.7574479166666667 0.6937037037037037 0.12875 0.5962962962962963
0 0.30669270833333334 0.46194444444444444 0.01703125 0.07574074074074073
0 0.6234114583333333 0.4547685185185185 0.018385416666666664 0.08009259259259259
0 0.5725781249999999 0.5168981481481482 0.05296875 0.22583333333333333
0 0.3440364583333333 0.4648148148148148 0.017343749999999998 0.08944444444444444
0 0.28877604166666665 0.4625462962962963 0.015156250000000001 0.06935185185185186
0 0.24598958333333332 0.46032407407407405 0.0134375 0.06842592592592593
0 0.227265625 0.4817592592592592 0.025260416666666667 0.09037037037037036
