0 0.7676041666666666 0.5652314814814814 0.023958333333333335 0.11046296296296296
0 0.6712760416666667 0.5162962962962964 0.01598958333333333 0.06981481481481482
0 0.48343749999999996 0.49134259259259255 0.010833333333333334 0.04490740740740741
0 0.1995572916666667 0.5463888888888888 0.012343749999999999 0.06351851851851852
0 0.14768229166666666 0.5390277777777779 0.013489583333333333 0.06564814814814815
0 0.5805989583333333 0.5102314814814816 0.01296875 0.05898148148148148
0 0.52453125 0.5093981481481481 0.012083333333333333 0.05620370370370371
0 0.16752604166666665 0.5336574074074073 0.013697916666666667 0.06768518518518518
0 0.5183333333333333 0.5085648148148149 0.011145833333333332 0.05472222222222222
0 0.6151041666666667 0.5084259259259258 0.010729166666666668 0.05703703703703704
0 0.5967187500000001 0.5046296296296297 0.0125 0.054259259259259264
0 0.5528124999999999 0.5078240740740741 0.011250000000000001 0.05064814814814815
0 0.182421875 0.5356481481481481 0.012239583333333333 0.06185185185185185
0 0.18971354166666668 0.5405092592592593 0.012343749999999999 0.05990740740740741
0 0.4995833333333333 0.4947222222222222 0.010729166666666668 0.04314814814814815
0 0.5642708333333333 0.5089351851851852 0.023020833333333334 0.05564814814814815
0 0.6225520833333333 0.5151851851851852 0.0125 0.05851851851851852
0 0.6595833333333333 0.5128703703703703 0.012291666666666668 0.05888888888888889
