0 0.3695572916666666 0.6293981481481481 0.09067708333333332 0.4713888888888889
0 0.22544270833333332 0.48328703703703707 0.02703125 0.0975
0 0.31114583333333334 0.49615740740740744 0.030625 0.14694444444444443
0 0.44455729166666663 0.5706481481481481 0.05682291666666666 0.32666666666666666
0 0.513671875 0.5546296296296296 0.05026041666666667 0.28703703703703703
0 0.20481770833333332 0.46152777777777776 0.02359375 0.09805555555555556
0 0.27476562499999996 0.4723611111111111 0.018281250000000002 0.10064814814814815
0 0.609296875 0.46212962962962967 0.020885416666666667 0.09277777777777778
0 0.5761197916666666 0.5033333333333333 0.020885416666666667 0.10703703703703703
0 0.5448177083333333 0.5313888888888889 0.04369791666666667 0.2562962962962963
0 0.24986979166666667 0.4848611111111111 0.020989583333333332 0.09953703703703703
0 0.5820052083333332 0.460787037037037 0.01963541666666667 0.09953703703703703
0 0.3126041666666667 0.41407407407407404 0.012187499999999999 0.041296296296296296
0 0.29127604166666665 0.42569444444444443 0.010364583333333333 0.041574074074074076
0 0.3198697916666667 0.40523148148148147 0.011614583333333334 0.04379629629629629
0 0.30096354166666667 0.4169907407407408 0.01921875 0.09601851851851852
