0 0.6523697916666668 0.08249999999999999 0.03244791666666667 0.11
0 0.378515625 0.24305555555555555 0.04140625 0.10537037037037036
0 0.17046875 0.5874537037037038 0.04041666666666666 0.2200925925925926
0 0.42171875000000003 0.20527777777777775 0.0265625 0.16666666666666666
0 0.30200520833333333 0.1888425925925926 0.033177083333333336 0.16712962962962963
0 0.9173958333333334 0.5181481481481481 0.03958333333333333 0.1988888888888889
0 0.8465364583333332 0.6551388888888888 0.05234375 0.21712962962962962
0 0.26580729166666667 0.1685185185185185 0.032239583333333335 0.16296296296296298
0 0.1603125 0.24472222222222217 0.030416666666666665 0.17981481481481482
0 0.7879687499999999 0.09453703703703703 0.030833333333333334 0.13796296296296295
0 0.8512239583333333 0.05949074074074074 0.02744791666666667 0.11712962962962963
0 0.40520833333333334 0.13949074074074075 0.029270833333333336 0.14675925925925926
0 0.13473958333333333 0.20069444444444445 0.0265625 0.15546296296296297
0 0.763203125 0.13027777777777777 0.025364583333333336 0.14814814814814814
0 0.14606770833333332 0.05708333333333334 0.02765625 0.11194444444444444
0 0.22067708333333336 0.3047222222222222 0.03395833333333333 0.16407407407407407
0 0.24505208333333334 0.29842592592592593 0.028541666666666667 0.17666666666666667
0 0.19190104166666666 0.25449074074074074 0.025052083333333332 0.16305555555555554
0 0.23450520833333333 0.16199074074074074 0.028593749999999998 0.15175925925925926
0 0.243515625 0.04259259259259259 0.022447916666666668 0.08222222222222222
0 0.5872916666666667 0.6721759259259259 0.04895833333333333 0.2400925925925926
0 0.5495572916666667 0.6875462962962964 0.04213541666666667 0.22953703703703704
0 0.33671875 0.6474537037037037 0.03979166666666667 0.22546296296296298
