0 0.6001302083333333 0.6536574074074074 0.09921875 0.5658333333333333
0 0.26591145833333335 0.4711574074074074 0.02234375 0.10342592592592594
0 0.7705208333333334 0.4586574074074074 0.025 0.10046296296296296
0 0.5058072916666667 0.6343055555555556 0.07546875 0.48638888888888887
0 0.42984374999999997 0.47023148148148153 0.028541666666666667 0.05620370370370371
0 0.22591145833333334 0.48305555555555557 0.023697916666666666 0.09703703703703703
0 0.12611979166666668 0.5723148148148148 0.09411458333333332 0.39333333333333337
0 0.20979166666666665 0.48143518518518524 0.02333333333333333 0.10601851851851851
0 0.3497395833333333 0.46291666666666664 0.013958333333333333 0.06787037037037037
0 0.9605989583333334 0.5880555555555556 0.07984375 0.43166666666666664
0 0.3355208333333334 0.4554166666666667 0.013229166666666665 0.05935185185185184
0 0.2980729166666667 0.4535648148148148 0.010520833333333333 0.05435185185185185
0 0.3092447916666667 0.4525925925925926 0.011302083333333332 0.05462962962962963
0 0.45278645833333336 0.4780555555555555 0.025364583333333336 0.08037037037037037
