0 0.036432291666666665 0.44560185185185186 0.052760416666666664 0.22287037037037036
0 0.39255208333333336 0.3987037037037037 0.019375 0.10277777777777777
0 0.5103125 0.4225925925925926 0.03635416666666667 0.155
0 0.35171874999999997 0.39092592592592595 0.0196875 0.051111111111111114
0 0.142734375 0.41995370370370366 0.03046875 0.1289814814814815
0 0.4496614583333333 0.40249999999999997 0.025885416666666668 0.12037037037037036
0 0.543203125 0.4009259259259259 0.029010416666666667 0.14592592592592593
0 0.7639322916666667 0.41194444444444445 0.028281249999999997 0.13222222222222224
0 0.2692447916666667 0.4043981481481482 0.03473958333333334 0.13416666666666668
0 0.09010416666666667 0.4064351851851852 0.018125 0.09824074074074074
0 0.4867708333333333 0.3925 0.018125 0.09962962962962962
0 0.24117187499999998 0.40175925925925926 0.014739583333333334 0.07814814814814815
0 0.9561718750000001 0.5733333333333334 0.08869791666666667 0.5274074074074074
0 0.43333333333333335 0.39458333333333334 0.015625 0.08398148148148149
0 0.227109375 0.4026388888888889 0.012447916666666666 0.07212962962962964
