0 0.65234375 0.0837962962962963 0.03239583333333333 0.10962962962962963
0 0.37822916666666667 0.24356481481481482 0.04083333333333334 0.10379629629629629
0 0.21973958333333332 0.08875 0.030208333333333334 0.1486111111111111
0 0.78046875 0.10124999999999999 0.02875 0.1387962962962963
0 0.8719791666666666 0.09273148148148148 0.030000000000000002 0.1436111111111111
0 0.16481770833333334 0.1988888888888889 0.02890625 0.15962962962962962
0 0.22518229166666665 0.5361111111111111 0.04369791666666667 0.21092592592592593
0 0.5545052083333334 0.18032407407407408 0.03328125 0.17416666666666666
0 0.19893229166666665 0.18226851851851855 0.02755208333333333 0.1650925925925926
0 0.25643229166666665 0.2310185185185185 0.038489583333333334 0.19037037037037036
0 0.9164322916666666 0.5214351851851852 0.040989583333333336 0.19527777777777777
0 0.06966145833333333 0.4119907407407407 0.026197916666666664 0.1739814814814815
0 0.5076562499999999 0.16 0.034270833333333334 0.16074074074074074
0 0.12914062499999998 0.1961111111111111 0.027864583333333335 0.14925925925925926
0 0.3810677083333333 0.07435185185185186 0.028697916666666667 0.1461111111111111
0 0.43020833333333336 0.21847222222222223 0.0315625 0.15953703703703706
0 0.5914322916666667 0.16587962962962963 0.02734375 0.15083333333333335
0 0.16320312499999998 0.857175925925926 0.04682291666666667 0.2412037037037037
0 0.13690104166666667 0.4866666666666667 0.03109375 0.18314814814814817
0 0.4008854166666667 0.3958333333333333 0.034583333333333334 0.17462962962962963
0 0.12578125 0.652037037037037 0.04635416666666667 0.2237037037037037
0 0.44450520833333335 0.441712962962963 0.04453125 0.1963888888888889
0 0.7684114583333332 0.647962962962963 0.05005208333333333 0.2275925925925926
0 0.30864583333333334 0.47833333333333333 0.034479166666666665 0.19944444444444445
0 0.4783072916666667 0.445 0.03901041666666667 0.17962962962962964
0 0.40375 0.17518518518518517 0.024166666666666666 0.15722222222222224
0 0.4568229166666667 0.17569444444444443 0.0228125 0.14416666666666667
0 0.2813541666666667 0.18620370370370373 0.0265625 0.16462962962962965
0 0.26328125 0.4742592592592593 0.035729166666666666 0.20555555555555555
0 0.51421875 0.92625 0.04583333333333333 0.14935185185185187
