0 0.6522395833333333 0.08236111111111111 0.03239583333333333 0.11027777777777777
0 0.3783333333333333 0.2439814814814815 0.041666666666666664 0.10518518518518517
0 0.6599479166666666 0.22879629629629633 0.031875 0.15888888888888889
0 0.21822916666666667 0.36773148148148144 0.04010416666666667 0.17935185185185185
0 0.431875 0.21060185185185187 0.0390625 0.16046296296296297
0 0.5009635416666667 0.33939814814814817 0.03515625 0.1884259259259259
0 0.2755208333333333 0.35537037037037034 0.035625000000000004 0.1775925925925926
0 0.172265625 0.36925925925925923 0.03276041666666667 0.1877777777777778
0 0.1645572916666667 0.1960185185185185 0.02744791666666667 0.1548148148148148
0 0.7815625 0.2485648148148148 0.033749999999999995 0.15361111111111111
0 0.13481770833333334 0.20527777777777775 0.028697916666666667 0.15
0 0.29653645833333336 0.19125 0.032656250000000005 0.15842592592592591
0 0.17611979166666666 0.5570833333333333 0.04348958333333333 0.19675925925925927
0 0.45648437499999994 0.34875 0.03661458333333333 0.18583333333333332
0 0.847421875 0.656712962962963 0.05317708333333333 0.2200925925925926
0 0.6236197916666666 0.6735648148148148 0.045885416666666665 0.2326851851851852
0 0.9169010416666666 0.5190740740740741 0.04067708333333333 0.19074074074074074
0 0.8994791666666667 0.2439814814814815 0.028541666666666667 0.1577777777777778
0 0.970859375 0.29314814814814816 0.031614583333333335 0.1762962962962963
0 0.4052864583333333 0.14393518518518517 0.028385416666666666 0.1489814814814815
0 0.21492187499999998 0.5474537037037037 0.03380208333333334 0.21027777777777779
0 0.9189843750000001 0.741574074074074 0.05359375 0.2164814814814815
0 0.25135416666666666 0.24407407407407408 0.0403125 0.1787037037037037
0 0.32609375 0.6246296296296296 0.0421875 0.22111111111111112
0 0.1734375 0.06185185185185185 0.019166666666666665 0.12
0 0.22200520833333334 0.23398148148148148 0.027760416666666666 0.1475925925925926
0 0.20942708333333335 0.1789351851851852 0.030729166666666665 0.16675925925925925
0 0.21153645833333332 0.9220833333333334 0.04869791666666667 0.1576851851851852
0 0.27234375 0.17037037037037037 0.022604166666666665 0.12
