0 0.6524739583333333 0.08388888888888889 0.03328125 0.11
0 0.378125 0.24351851851851852 0.04114583333333333 0.10388888888888889
0 0.22674479166666664 0.6520370370370371 0.047343750000000004 0.2364814814814815
0 0.91234375 0.13361111111111112 0.03114583333333333 0.1438888888888889
0 0.25338541666666664 0.19268518518518518 0.03864583333333334 0.1774074074074074
0 0.8415104166666667 0.06004629629629629 0.03197916666666666 0.11768518518518518
0 0.7690364583333333 0.06240740740740741 0.029010416666666667 0.12203703703703704
0 0.070234375 0.4125925925925926 0.026927083333333334 0.1761111111111111
0 0.9164583333333333 0.5223148148148148 0.04114583333333333 0.19555555555555554
0 0.20354166666666668 0.1812037037037037 0.030520833333333334 0.1688888888888889
0 0.16164062499999998 0.2025925925925926 0.028802083333333332 0.1598148148148148
0 0.528671875 0.1438425925925926 0.032135416666666666 0.1678703703703704
0 0.138125 0.4164351851851852 0.030729166666666665 0.17620370370370372
0 0.500078125 0.10685185185185185 0.03380208333333334 0.1635185185185185
0 0.43020833333333336 0.2199074074074074 0.030416666666666665 0.1585185185185185
0 0.9715885416666665 0.5633796296296296 0.03630208333333333 0.1950925925925926
0 0.4858854166666667 0.5077777777777778 0.036875 0.19018518518518518
0 0.12526041666666668 0.2045833333333333 0.0278125 0.14638888888888887
0 0.38919270833333336 0.1676388888888889 0.02755208333333333 0.16064814814814815
0 0.8204947916666667 0.6755555555555556 0.04369791666666667 0.22777777777777777
0 0.556484375 0.14476851851851855 0.02713541666666667 0.1489814814814815
0 0.2830989583333333 0.5586111111111111 0.03619791666666667 0.21166666666666667
0 0.45822916666666663 0.5066666666666667 0.043229166666666666 0.2012962962962963
0 0.2816927083333333 0.17055555555555554 0.020572916666666666 0.1548148148148148
0 0.2334375 0.12236111111111111 0.030000000000000002 0.1547222222222222
0 0.5081770833333333 0.45694444444444443 0.0378125 0.1775925925925926
0 0.4173177083333333 0.16212962962962962 0.021197916666666667 0.14907407407407408
0 0.5065624999999999 0.9231944444444445 0.03520833333333333 0.15546296296296297
0 0.23622395833333334 0.5391203703703704 0.044843749999999995 0.2121296296296296
0 0.21869791666666666 0.926111111111111 0.04625 0.1496296296296296
