0 0.9424739583333334 0.5933796296296296 0.11182291666666666 0.5145370370370371
0 0.29515624999999995 0.41518518518518516 0.020104166666666666 0.09444444444444444
0 0.44156249999999997 0.4424074074074074 0.0359375 0.16055555555555556
0 0.258984375 0.4073611111111111 0.020885416666666667 0.047685185185185185
0 0.6612760416666668 0.42879629629629634 0.024427083333333332 0.11722222222222221
0 0.03960937500000001 0.43722222222222223 0.032135416666666666 0.1338888888888889
0 0.36059895833333333 0.41745370370370366 0.02328125 0.11324074074074074
0 0.3791927083333333 0.4142592592592592 0.02578125 0.11648148148148148
0 0.31505208333333334 0.40097222222222223 0.015000000000000001 0.06620370370370371
0 0.39708333333333334 0.4101851851851852 0.017604166666666664 0.10351851851851851
0 0.17096354166666666 0.414212962962963 0.018697916666666665 0.08712962962962963
0 0.16111979166666668 0.4164814814814815 0.016197916666666666 0.07777777777777778
0 0.14846354166666667 0.41458333333333336 0.014114583333333335 0.07046296296296296
