0 0.605625 0.3581481481481481 0.03208333333333333 0.13870370370370372
0 0.02744791666666667 0.34458333333333335 0.021354166666666667 0.09787037037037037
0 0.6750520833333334 0.35805555555555557 0.03791666666666667 0.14925925925925926
0 0.5124739583333333 0.37768518518518523 0.029010416666666667 0.09462962962962963
0 0.48947916666666663 0.36814814814814817 0.030208333333333334 0.09962962962962962
0 0.05252604166666666 0.3427314814814815 0.024635416666666667 0.1062037037037037
0 0.40231770833333336 0.3608796296296296 0.03369791666666667 0.16805555555555557
0 0.4473958333333333 0.36962962962962964 0.0296875 0.14814814814814814
0 0.5446875 0.33513888888888893 0.016666666666666666 0.06824074074074074
0 0.93953125 0.4946759259259259 0.1059375 0.6945370370370371
0 0.32114583333333335 0.329537037037037 0.0134375 0.053703703703703705
0 0.8792708333333333 0.46902777777777777 0.09895833333333333 0.5191666666666667
0 0.5644010416666667 0.3333796296296296 0.01328125 0.05583333333333333
0 0.34596354166666665 0.3230092592592593 0.012135416666666668 0.04583333333333333
0 0.3344791666666667 0.3284722222222222 0.012187499999999999 0.04601851851851852
0 0.3768489583333334 0.33166666666666667 0.014427083333333333 0.048888888888888885
0 0.35244791666666664 0.32222222222222224 0.012395833333333333 0.04703703703703704
