0 0.48354166666666665 0.6605555555555557 0.1115625 0.5575925925925926
0 0.3472395833333333 0.5009259259259259 0.04041666666666666 0.1712962962962963
0 0.6421875 0.5715277777777777 0.06416666666666666 0.3302777777777778
0 0.2043489583333333 0.4626851851851852 0.023385416666666665 0.09703703703703703
0 0.22825520833333332 0.48087962962962966 0.01953125 0.10305555555555555
0 0.2759635416666667 0.47138888888888886 0.017552083333333336 0.10407407407407408
0 0.576171875 0.5010185185185185 0.022135416666666668 0.10833333333333334
0 0.5923958333333333 0.45976851851851847 0.021041666666666667 0.09657407407407408
0 0.3143229166666667 0.4546296296296296 0.011458333333333333 0.06277777777777778
0 0.25559895833333335 0.4714814814814815 0.01703125 0.09925925925925926
0 0.29408854166666665 0.4535648148148148 0.013177083333333334 0.05861111111111111
0 0.5569531249999999 0.4994444444444444 0.01953125 0.09518518518518518
0 0.24317708333333332 0.4736111111111111 0.022083333333333333 0.09666666666666668
