0 0.4370052083333333 0.3733796296296296 0.03307291666666667 0.15194444444444444
0 0.21138020833333335 0.45499999999999996 0.09796875 0.45
0 0.655390625 0.3910185185185185 0.037760416666666664 0.2446296296296296
0 0.49304687500000005 0.37777777777777777 0.028072916666666666 0.13944444444444443
0 0.5773177083333334 0.34791666666666665 0.01942708333333333 0.07768518518518519
0 0.33156250000000004 0.36314814814814816 0.021875 0.09444444444444444
0 0.014036458333333335 0.3860648148148148 0.026406250000000003 0.1449074074074074
0 0.6094010416666668 0.3761574074074074 0.03036458333333333 0.13583333333333333
0 0.4711197916666667 0.36754629629629626 0.024427083333333332 0.07509259259259259
0 0.515234375 0.348287037037037 0.015260416666666667 0.06138888888888889
0 0.37223958333333335 0.3509259259259259 0.013125 0.06111111111111111
0 0.31265624999999997 0.3548611111111111 0.01875 0.07787037037037037
0 0.5430468749999999 0.34111111111111114 0.011302083333333332 0.042222222222222223
0 0.5338802083333333 0.3430092592592593 0.010885416666666667 0.043240740740740746
0 0.3630989583333334 0.3498148148148148 0.013489583333333333 0.061481481481481484
0 0.34880208333333335 0.3511111111111111 0.019479166666666665 0.07222222222222222
