0 0.37859375 0.2437037037037037 0.040937499999999995 0.10537037037037036
0 0.38145833333333334 0.07328703703703703 0.029166666666666667 0.14453703703703702
0 0.7890625 0.13300925925925927 0.029062499999999998 0.13694444444444445
0 0.7367447916666666 0.6387037037037038 0.055260416666666666 0.22703703703703704
0 0.5844531249999999 0.2810185185185185 0.039427083333333335 0.17092592592592593
0 0.16380208333333332 0.19467592592592592 0.029375 0.15731481481481482
0 0.07541666666666667 0.6229629629629629 0.0446875 0.23666666666666666
0 0.9216666666666667 0.5215740740740741 0.03979166666666667 0.1988888888888889
0 0.951875 0.2759722222222222 0.034583333333333334 0.17194444444444443
0 0.29169270833333333 0.2181944444444444 0.05036458333333334 0.16935185185185186
0 0.43070312499999996 0.21796296296296297 0.031927083333333335 0.1622222222222222
0 0.1278125 0.19504629629629627 0.025520833333333333 0.15009259259259258
0 0.470546875 0.19819444444444445 0.031822916666666666 0.16342592592592592
0 0.21651041666666665 0.4893981481481481 0.04447916666666667 0.22268518518518518
0 0.6433072916666667 0.08712962962962963 0.038802083333333334 0.10962962962962963
0 0.19908854166666667 0.17949074074074076 0.027864583333333335 0.16472222222222221
0 0.8672395833333333 0.3272222222222222 0.03395833333333333 0.1733333333333333
0 0.23088541666666668 0.16421296296296298 0.028645833333333332 0.15675925925925926
0 0.5594010416666666 0.21092592592592593 0.04223958333333333 0.16907407407407407
0 0.13263020833333333 0.45740740740740743 0.03390625 0.19092592592592592
0 0.25557291666666665 0.15282407407407408 0.02645833333333333 0.15638888888888888
0 0.7677604166666666 0.3104166666666667 0.028645833333333332 0.16046296296296297
0 0.5544270833333333 0.03944444444444445 0.026354166666666668 0.07703703703703704
0 0.15122395833333332 0.44125000000000003 0.031927083333333335 0.20879629629629629
0 0.7496875 0.25958333333333333 0.026145833333333333 0.15564814814814815
0 0.4877864583333333 0.1962962962962963 0.022447916666666668 0.1488888888888889
0 0.5369010416666667 0.0374537037037037 0.024635416666666667 0.07157407407407407
