0 0.65234375 0.08273148148148148 0.0321875 0.10990740740740741
0 0.5272916666666666 0.1988425925925926 0.035833333333333335 0.16083333333333333
0 0.1246875 0.19398148148148148 0.028645833333333332 0.15555555555555556
0 0.7899739583333333 0.13291666666666668 0.028802083333333332 0.13824074074074075
0 0.06997395833333334 0.41027777777777774 0.026406250000000003 0.1762962962962963
0 0.9166406249999999 0.5213425925925925 0.040989583333333336 0.1973148148148148
0 0.20005208333333335 0.17888888888888888 0.028645833333333332 0.1662962962962963
0 0.164609375 0.19694444444444442 0.028489583333333336 0.15722222222222224
0 0.3784114583333333 0.24388888888888893 0.04140625 0.10296296296296296
0 0.38158854166666667 0.0748148148148148 0.029427083333333333 0.14777777777777779
0 0.24161458333333335 0.11287037037037037 0.0315625 0.1525925925925926
0 0.734921875 0.6390277777777778 0.054010416666666665 0.2250925925925926
0 0.6037760416666667 0.21912037037037035 0.02546875 0.14824074074074073
0 0.2353125 0.7501851851851852 0.050625 0.23925925925925923
0 0.239609375 0.3252777777777778 0.04223958333333333 0.2037037037037037
0 0.293671875 0.13870370370370372 0.026927083333333334 0.15888888888888889
0 0.07518229166666666 0.6241666666666665 0.044843749999999995 0.2338888888888889
0 0.291640625 0.35907407407407405 0.03338541666666666 0.19833333333333333
0 0.31080729166666665 0.22458333333333333 0.03546875 0.1562037037037037
0 0.12838541666666667 0.6476851851851851 0.0353125 0.20277777777777778
0 0.432578125 0.3371759259259259 0.03244791666666667 0.16564814814814816
0 0.4638802083333333 0.2650462962962963 0.038177083333333334 0.17342592592592593
0 0.408515625 0.33268518518518514 0.03484375 0.18537037037037035
0 0.43046875 0.21722222222222223 0.03208333333333333 0.1598148148148148
0 0.275 0.2755092592592593 0.029583333333333333 0.15824074074074074
0 0.6634114583333334 0.23351851851851854 0.02713541666666667 0.1525925925925926
0 0.2171875 0.05851851851851852 0.024583333333333336 0.1037037037037037
0 0.6825260416666666 0.23351851851851854 0.028281249999999997 0.15537037037037038
0 0.5516666666666666 0.9197685185185185 0.03854166666666667 0.16231481481481483
0 0.32776041666666667 0.33935185185185185 0.027083333333333334 0.17314814814814813
