0 0.8081770833333334 0.5708796296296296 0.041875 0.15324074074074073
0 0.5134375 0.5234259259259259 0.013854166666666667 0.06166666666666666
0 0.076953125 0.6153240740740742 0.016197916666666666 0.0887962962962963
0 0.60390625 0.5493055555555556 0.0215625 0.0925
0 0.48614583333333333 0.5027777777777778 0.011770833333333335 0.04666666666666667
0 0.23072916666666668 0.5183333333333333 0.008541666666666666 0.03574074074074074
0 0.006588541666666667 0.6135185185185186 0.01203125 0.10074074074074074
0 0.615390625 0.5427777777777777 0.021302083333333333 0.09314814814814815
0 0.08768229166666666 0.6022685185185186 0.01765625 0.08787037037037038
0 0.4993489583333333 0.5112037037037036 0.01296875 0.050555555555555555
0 0.522578125 0.5168055555555555 0.012552083333333333 0.051944444444444446
