0 0.6523958333333334 0.08347222222222223 0.0325 0.11064814814814815
0 0.789453125 0.13296296296296298 0.029114583333333333 0.13962962962962963
0 0.19968750000000002 0.18009259259259258 0.0284375 0.16666666666666666
0 0.5394010416666666 0.19879629629629628 0.03786458333333333 0.15592592592592594
0 0.24690104166666668 0.10967592592592591 0.030260416666666668 0.15101851851851852
0 0.069921875 0.41171296296296295 0.025885416666666668 0.17379629629629628
0 0.3816145833333333 0.07435185185185185 0.029062499999999998 0.14685185185185184
0 0.29390625 0.1362037037037037 0.026354166666666668 0.15462962962962962
0 0.9166145833333333 0.5204166666666667 0.0403125 0.1962037037037037
0 0.16432291666666668 0.19425925925925927 0.028854166666666667 0.16148148148148148
0 0.7350260416666666 0.638611111111111 0.05484375 0.22574074074074074
0 0.3784114583333333 0.2439814814814815 0.04140625 0.10629629629629629
0 0.12588541666666667 0.19268518518518518 0.0284375 0.15555555555555556
0 0.6130729166666666 0.22087962962962962 0.024583333333333336 0.14601851851851852
0 0.23927083333333332 0.33541666666666664 0.040625 0.2073148148148148
0 0.23677083333333332 0.7775 0.04864583333333334 0.24796296296296297
0 0.07502604166666667 0.6223611111111111 0.04463541666666667 0.2363888888888889
0 0.11947916666666665 0.6649074074074074 0.0340625 0.1974074074074074
0 0.674453125 0.23902777777777776 0.031927083333333335 0.1562037037037037
0 0.3244010416666666 0.33611111111111114 0.032864583333333336 0.18314814814814817
0 0.2927604166666667 0.34675925925925927 0.03239583333333333 0.1922222222222222
0 0.21348958333333332 0.057546296296296304 0.0234375 0.1063888888888889
0 0.4652083333333333 0.27717592592592594 0.03739583333333333 0.17972222222222223
0 0.4337239583333333 0.32592592592592595 0.03338541666666666 0.1698148148148148
0 0.2719791666666666 0.26379629629629625 0.030520833333333334 0.15518518518518518
0 0.41140625 0.3190740740740741 0.036041666666666666 0.17148148148148148
0 0.4297395833333333 0.2210185185185185 0.033125 0.16796296296296298
0 0.55859375 0.9229166666666667 0.03666666666666667 0.15601851851851853
