0 0.6525260416666666 0.08337962962962962 0.032656250000000005 0.1087962962962963
0 0.8527864583333334 0.0751388888888889 0.03484375 0.13731481481481483
0 0.378203125 0.24407407407407408 0.04119791666666666 0.10425925925925926
0 0.22752604166666668 0.587361111111111 0.04692708333333333 0.2260185185185185
0 0.124921875 0.19444444444444445 0.029010416666666667 0.15333333333333332
0 0.7853125000000001 0.12333333333333332 0.02802083333333333 0.13999999999999999
0 0.43052083333333335 0.22300925925925924 0.030729166666666665 0.16046296296296297
0 0.16419270833333333 0.19699074074074074 0.02890625 0.15824074074074074
0 0.7450520833333333 0.6374074074074075 0.054375 0.22074074074074074
0 0.1994270833333333 0.18194444444444444 0.028125 0.16814814814814813
0 0.9164843749999999 0.5212037037037037 0.04119791666666666 0.19537037037037036
0 0.6128385416666667 0.18064814814814814 0.026510416666666665 0.1524074074074074
0 0.13268229166666667 0.5198148148148148 0.031197916666666665 0.18259259259259258
0 0.2538802083333333 0.25578703703703703 0.039739583333333335 0.19268518518518518
0 0.069921875 0.41203703703703703 0.026406250000000003 0.1761111111111111
0 0.38091145833333334 0.07347222222222222 0.028072916666666666 0.14416666666666667
0 0.13825520833333332 0.8009259259259259 0.047447916666666666 0.23962962962962964
0 0.57421875 0.1911574074074074 0.029895833333333333 0.16916666666666666
0 0.5057031249999999 0.18518518518518517 0.037135416666666664 0.16703703703703704
0 0.273984375 0.444212962962963 0.039635416666666666 0.21175925925925926
0 0.0884375 0.6393981481481482 0.043958333333333335 0.22305555555555556
0 0.28151041666666665 0.19064814814814815 0.029062499999999998 0.1648148148148148
0 0.46606770833333333 0.4183796296296296 0.04140625 0.18416666666666667
0 0.3200260416666667 0.44685185185185183 0.03359375 0.19111111111111112
0 0.4338802083333333 0.41574074074074074 0.04338541666666666 0.19166666666666668
0 0.41203125 0.17231481481481484 0.0275 0.1577777777777778
0 0.503515625 0.92 0.04015625 0.16185185185185186
0 0.48520833333333335 0.17319444444444446 0.024583333333333336 0.14083333333333334
