0 0.8213281250000001 0.5270370370370371 0.016197916666666666 0.0788888888888889
0 0.778828125 0.5601851851851852 0.02484375 0.11407407407407408
0 0.94765625 0.653287037037037 0.04052083333333333 0.15638888888888888
0 0.2616145833333333 0.5716203703703704 0.02020833333333333 0.10212962962962963
0 0.853828125 0.5436111111111112 0.019947916666666666 0.0788888888888889
0 0.237734375 0.5692592592592594 0.01921875 0.10037037037037037
0 0.4366927083333333 0.5054166666666667 0.009947916666666667 0.04583333333333333
0 0.32971354166666667 0.5435185185185185 0.01484375 0.07388888888888889
0 0.5588802083333333 0.48143518518518524 0.00765625 0.028055555555555556
0 0.6363802083333333 0.4821296296296297 0.009114583333333334 0.0337037037037037
0 0.31031250000000005 0.5375462962962964 0.013125 0.06472222222222222
0 0.8365364583333333 0.5068518518518518 0.012239583333333333 0.05185185185185185
0 0.3466927083333333 0.5331481481481481 0.012343749999999999 0.062037037037037036
0 0.40369791666666666 0.504074074074074 0.01 0.04796296296296296
0 0.8549479166666667 0.5041203703703703 0.011979166666666667 0.04842592592592592
0 0.7761458333333332 0.48787037037037034 0.0115625 0.041296296296296296
0 0.828359375 0.5205092592592594 0.011510416666666667 0.08046296296296297
