0 0.225625 0.4834259259259259 0.027083333333333334 0.09740740740740741
0 0.3613020833333333 0.6261111111111112 0.09458333333333332 0.46555555555555556
0 0.4409114583333333 0.5701851851851851 0.05796875 0.33648148148148144
0 0.61046875 0.4625462962962963 0.02041666666666667 0.09175925925925925
0 0.5773177083333333 0.5024537037037037 0.020677083333333336 0.1086111111111111
0 0.27411458333333333 0.4724074074074074 0.01885416666666667 0.10166666666666667
0 0.20460937499999998 0.46199074074074076 0.023385416666666665 0.09861111111111111
0 0.31135416666666665 0.49129629629629634 0.030208333333333334 0.14203703703703704
0 0.5086197916666666 0.5554166666666666 0.047447916666666666 0.2906481481481481
0 0.24963541666666667 0.48412037037037037 0.0203125 0.10064814814814815
0 0.5405989583333334 0.5314351851851852 0.05182291666666667 0.24361111111111114
0 0.308984375 0.4204629629629629 0.011927083333333333 0.03648148148148148
0 0.291640625 0.42703703703703705 0.010052083333333333 0.040185185185185185
0 0.5830208333333332 0.46611111111111114 0.018541666666666668 0.09685185185185184
