0 0.7703645833333332 0.6532870370370369 0.03677083333333333 0.16601851851851854
0 0.8427864583333334 0.6311574074074073 0.038697916666666665 0.16064814814814815
0 0.7163802083333333 0.5282407407407408 0.025364583333333336 0.0748148148148148
0 0.9842968750000001 0.5539351851851851 0.02390625 0.12305555555555556
0 0.10875 0.6674537037037037 0.021666666666666667 0.14101851851851852
0 0.08239583333333335 0.6916666666666667 0.019583333333333335 0.13518518518518519
0 0.725390625 0.6166203703703703 0.02421875 0.1576851851851852
0 0.702734375 0.4926851851851852 0.01359375 0.05148148148148148
0 0.6947135416666668 0.489074074074074 0.012135416666666668 0.05333333333333334
0 0.7485156249999999 0.6222685185185186 0.02765625 0.1350925925925926
