0 0.78078125 0.6410648148148148 0.11729166666666666 0.6375
0 0.9251302083333334 0.6401388888888888 0.14213541666666665 0.6637962962962963
0 0.21846354166666665 0.39467592592592593 0.02755208333333333 0.11990740740740741
0 0.3357291666666667 0.4048148148148148 0.0459375 0.1685185185185185
0 0.5343489583333334 0.4215740740740741 0.03463541666666667 0.15
0 0.12125000000000001 0.3889814814814815 0.021354166666666667 0.10833333333333334
0 0.4518229166666667 0.40046296296296297 0.027291666666666665 0.13537037037037036
0 0.47994791666666664 0.39939814814814817 0.02666666666666667 0.13064814814814815
0 0.6802864583333333 0.44296296296296295 0.048906250000000005 0.2712962962962963
0 0.5685416666666666 0.3976851851851852 0.01885416666666667 0.1037037037037037
0 0.272421875 0.3883796296296297 0.024635416666666667 0.1187962962962963
0 0.25580729166666666 0.3992592592592593 0.01765625 0.10388888888888889
0 0.4297916666666667 0.3859722222222222 0.020520833333333332 0.04861111111111111
0 0.36671875000000004 0.3750462962962963 0.012708333333333332 0.056574074074074075
0 0.10322916666666668 0.3685185185185185 0.013333333333333334 0.06185185185185185
0 0.5147135416666667 0.39412037037037034 0.020781249999999998 0.11046296296296296
0 0.11122395833333334 0.37675925925925924 0.01640625 0.0824074074074074
