0 0.5014583333333333 0.4986574074074074 0.04916666666666667 0.1050925925925926
0 0.4496354166666666 0.47314814814814815 0.0275 0.0712962962962963
0 0.20674479166666665 0.4623611111111111 0.021510416666666664 0.09675925925925925
0 0.2584375 0.5430555555555555 0.058020833333333334 0.25703703703703706
0 0.7477604166666667 0.5617129629629629 0.09260416666666667 0.3525
0 0.3286197916666667 0.535324074074074 0.04473958333333334 0.2439814814814815
0 0.6636197916666667 0.46263888888888893 0.01765625 0.09453703703703703
0 0.5768749999999999 0.50125 0.018020833333333333 0.10898148148148148
0 0.42950520833333333 0.4686574074074074 0.029010416666666667 0.05787037037037037
0 0.5397656249999999 0.45384259259259263 0.022864583333333334 0.10898148148148148
0 0.55921875 0.4989351851851852 0.02020833333333333 0.10046296296296296
0 0.5830468750000001 0.456712962962963 0.02109375 0.09990740740740742
