0 0.50140625 0.49939814814814815 0.05072916666666667 0.10194444444444443
0 0.23070312499999998 0.4810648148148148 0.031927083333333335 0.09546296296296296
0 0.44145833333333334 0.5375462962962962 0.048854166666666664 0.24231481481481482
0 0.6468489583333332 0.4603703703703704 0.021197916666666667 0.09240740740740741
0 0.20572916666666666 0.4618055555555556 0.022187500000000002 0.09731481481481481
0 0.5760937500000001 0.5025462962962963 0.0196875 0.1062037037037037
0 0.5328125 0.4589814814814815 0.02041666666666667 0.09685185185185184
0 0.336015625 0.5940740740740741 0.07630208333333334 0.3705555555555555
0 0.265390625 0.4815740740740741 0.020052083333333335 0.09777777777777777
0 0.38460937500000003 0.5523611111111111 0.05192708333333333 0.29527777777777775
0 0.5589583333333333 0.4986574074074074 0.02 0.09972222222222223
0 0.2846614583333333 0.45810185185185187 0.01671875 0.07268518518518519
