0 0.6673177083333334 0.5769444444444445 0.02890625 0.11388888888888889
0 0.6640364583333334 0.8711111111111111 0.06432291666666666 0.2596296296296296
0 0.5418489583333334 0.7588888888888888 0.05640625 0.27166666666666667
0 0.6327343750000001 0.5788425925925925 0.023385416666666665 0.11212962962962962
0 0.7411979166666666 0.5709722222222222 0.0253125 0.12046296296296295
0 0.8854947916666667 0.6550462962962963 0.03515625 0.17194444444444443
0 0.6145833333333334 0.5181944444444444 0.016145833333333335 0.06824074074074074
0 0.7060416666666668 0.5744907407407408 0.021770833333333333 0.11472222222222223
0 0.645 0.5735648148148148 0.017708333333333333 0.09509259259259259
0 0.6215364583333334 0.5465277777777777 0.018177083333333333 0.07861111111111112
