0 0.61859375 0.3674537037037037 0.0328125 0.14509259259259258
0 0.021171875 0.3572685185185185 0.02765625 0.14435185185185187
0 0.3651302083333334 0.39254629629629634 0.06140625 0.27435185185185185
0 0.4546875 0.3526388888888889 0.030208333333333334 0.14657407407407408
0 0.49127604166666666 0.35444444444444445 0.028072916666666666 0.1262962962962963
0 0.6536979166666667 0.3446296296296297 0.019583333333333335 0.11314814814814815
0 0.569453125 0.3540277777777778 0.02744791666666667 0.15157407407407406
0 0.5273958333333334 0.3275925925925926 0.013645833333333333 0.05462962962962963
0 0.9521354166666668 0.6031944444444445 0.09677083333333333 0.7610185185185185
0 0.30575520833333336 0.3565277777777778 0.02390625 0.12953703703703703
