0 0.8475520833333333 0.7122222222222223 0.04666666666666666 0.1835185185185185
0 0.7369791666666666 0.6802777777777779 0.05385416666666667 0.19481481481481483
0 0.8707812500000001 0.6181481481481482 0.025 0.13055555555555556
0 0.7764583333333334 0.7348611111111111 0.0396875 0.19824074074074075
0 0.051666666666666666 0.7177777777777778 0.025 0.16148148148148148
0 0.015208333333333334 0.7480555555555556 0.02322916666666667 0.1537037037037037
0 0.76953125 0.569212962962963 0.020104166666666666 0.08268518518518518
0 0.8134374999999999 0.5694907407407408 0.0184375 0.10175925925925926
0 0.7130729166666666 0.5231018518518519 0.011458333333333333 0.05157407407407408
0 0.794140625 0.5666666666666667 0.015052083333333332 0.08296296296296296
0 0.7214062499999999 0.52 0.0125 0.046481481481481485
0 0.8041145833333333 0.571111111111111 0.0159375 0.09518518518518518
0 0.7240364583333333 0.5470370370370371 0.01703125 0.06037037037037037
0 0.745546875 0.5652314814814815 0.015364583333333333 0.07361111111111111
0 0.036354166666666674 0.727824074074074 0.034479166666666665 0.15305555555555556
