0 0.6522395833333333 0.08337962962962962 0.03229166666666667 0.11046296296296296
0 0.7918489583333332 0.06546296296296296 0.03109375 0.1290740740740741
0 0.3784895833333334 0.24439814814814814 0.04083333333333334 0.10601851851851851
0 0.532578125 0.05726851851851852 0.029322916666666664 0.1126851851851852
0 0.10143229166666666 0.3896759259259259 0.03432291666666667 0.17546296296296296
0 0.22083333333333333 0.2577314814814815 0.03208333333333333 0.1736111111111111
0 0.42552083333333335 0.21425925925925923 0.029270833333333336 0.16166666666666665
0 0.8855208333333333 0.09759259259259259 0.028333333333333332 0.15351851851851853
0 0.47388020833333333 0.05726851851851852 0.028281249999999997 0.11101851851851853
0 0.9163541666666667 0.5203703703703704 0.042395833333333334 0.1885185185185185
0 0.8320572916666666 0.6655092592592593 0.03494791666666666 0.2187962962962963
0 0.8546354166666668 0.09425925925925925 0.028541666666666667 0.16407407407407407
0 0.257578125 0.21106481481481482 0.03682291666666667 0.17212962962962963
0 0.45013020833333334 0.6821296296296295 0.03828125 0.23777777777777778
0 0.8522395833333333 0.37041666666666667 0.033854166666666664 0.18472222222222223
0 0.4994270833333333 0.05662037037037037 0.030104166666666664 0.10898148148148148
0 0.19205729166666666 0.23509259259259258 0.025989583333333333 0.15425925925925926
0 0.16484375 0.19398148148148148 0.02822916666666667 0.16407407407407407
0 0.9202083333333333 0.6825462962962963 0.037083333333333336 0.20379629629629628
0 0.5253385416666666 0.7787962962962963 0.06359374999999999 0.24351851851851852
0 0.9827083333333333 0.2850462962962963 0.035625000000000004 0.17287037037037037
0 0.9135677083333335 0.39023148148148146 0.04911458333333333 0.1850925925925926
0 0.3983333333333334 0.16314814814814813 0.03395833333333333 0.155
0 0.129765625 0.20074074074074075 0.03296875 0.14796296296296296
0 0.2840364583333333 0.1713425925925926 0.029739583333333333 0.1663888888888889
0 0.12671875000000002 0.8423148148148147 0.04864583333333334 0.25351851851851853
0 0.9312239583333334 0.26828703703703705 0.030260416666666668 0.1547222222222222
0 0.25505208333333335 0.08703703703703704 0.0396875 0.16796296296296298
0 0.16440104166666666 0.8684259259259259 0.04234375 0.25351851851851853
0 0.21955729166666665 0.09736111111111112 0.024635416666666667 0.14564814814814817
0 0.30953125 0.1348611111111111 0.022708333333333334 0.1436111111111111
0 0.5585416666666667 0.7817592592592593 0.034583333333333334 0.21444444444444444
0 0.5638541666666667 0.9314814814814815 0.03854166666666667 0.1388888888888889
