0 0.3184895833333333 0.41944444444444445 0.0184375 0.09740740740740741
0 0.941640625 0.600787037037037 0.10598958333333333 0.5354629629629629
0 0.20309895833333336 0.4341203703703704 0.02796875 0.12805555555555556
0 0.679296875 0.43064814814814817 0.025052083333333332 0.11814814814814814
0 0.45330729166666667 0.44310185185185186 0.03401041666666667 0.15601851851851853
0 0.06518229166666666 0.4452777777777778 0.03442708333333333 0.1335185185185185
0 0.39588541666666666 0.42185185185185187 0.025 0.11925925925925927
0 0.3763802083333333 0.4214814814814815 0.02203125 0.11407407407407408
0 0.2817447916666667 0.4151851851851852 0.020781249999999998 0.051111111111111114
0 0.417890625 0.4124537037037037 0.015885416666666666 0.10324074074074074
0 0.47322916666666665 0.4185185185185185 0.030000000000000002 0.1290740740740741
0 0.17875 0.41921296296296295 0.017395833333333333 0.0875
0 0.3330208333333334 0.40597222222222223 0.0153125 0.06583333333333333
0 0.30226562500000004 0.4159259259259259 0.019114583333333334 0.0651851851851852
