0 0.652265625 0.08416666666666667 0.03203125 0.10925925925925926
0 0.8914322916666667 0.11203703703703703 0.02984375 0.14074074074074075
0 0.37864583333333335 0.2440277777777778 0.041562499999999995 0.10601851851851851
0 0.7735156249999999 0.08629629629629629 0.02765625 0.13944444444444443
0 0.9164583333333333 0.522037037037037 0.041666666666666664 0.19648148148148148
0 0.5049479166666667 0.13837962962962963 0.033229166666666664 0.16268518518518518
0 0.16052083333333333 0.6535185185185185 0.055 0.23685185185185187
0 0.070234375 0.4132407407407407 0.02671875 0.17796296296296296
0 0.43023437500000006 0.22083333333333333 0.032239583333333335 0.16703703703703704
0 0.22760416666666666 0.10634259259259259 0.029375 0.15361111111111111
0 0.19880208333333332 0.18476851851851853 0.028854166666666667 0.16472222222222221
0 0.13942708333333334 0.4538425925925926 0.030625 0.1799074074074074
0 0.255703125 0.21328703703703705 0.038593749999999996 0.18898148148148147
0 0.38109374999999995 0.07439814814814814 0.027916666666666666 0.14694444444444443
0 0.5406770833333334 0.16421296296296295 0.03114583333333333 0.16898148148148148
0 0.16169270833333335 0.20069444444444445 0.02796875 0.1587962962962963
0 0.12885416666666666 0.1986574074074074 0.030208333333333334 0.1525
0 0.79046875 0.6635185185185185 0.04708333333333334 0.22666666666666668
0 0.5737760416666666 0.15467592592592594 0.025885416666666668 0.15009259259259258
0 0.29554687500000004 0.5115740740740741 0.03619791666666667 0.1988888888888889
0 0.22184895833333335 0.49550925925925926 0.04307291666666667 0.21101851851851852
0 0.18572916666666667 0.8912037037037037 0.05364583333333333 0.21944444444444444
0 0.4515885416666666 0.4718055555555556 0.046510416666666665 0.2036111111111111
0 0.39783854166666666 0.17324074074074072 0.02432291666666667 0.16111111111111112
0 0.48125 0.4778703703703704 0.03697916666666667 0.18462962962962964
0 0.27908854166666663 0.17592592592592593 0.02453125 0.16092592592592594
0 0.25635416666666666 0.5012962962962962 0.0340625 0.21333333333333335
0 0.5042447916666667 0.923287037037037 0.03432291666666667 0.15527777777777776
0 0.44333333333333336 0.18125 0.025104166666666667 0.15435185185185185
