0 0.5011458333333333 0.49962962962962965 0.0509375 0.10203703703703704
0 0.4496354166666666 0.4738425925925926 0.02802083333333333 0.07120370370370371
0 0.284921875 0.5588888888888889 0.06703125 0.2961111111111111
0 0.20643229166666668 0.4616203703703704 0.02276041666666667 0.09916666666666667
0 0.6659635416666667 0.46087962962962964 0.018385416666666664 0.09546296296296296
0 0.3478645833333333 0.5434722222222222 0.0475 0.2587962962962963
0 0.22911458333333334 0.46314814814814814 0.022187500000000002 0.07944444444444444
0 0.5597916666666667 0.49879629629629635 0.02041666666666667 0.1012962962962963
0 0.8049479166666667 0.4583333333333333 0.0278125 0.11407407407407408
0 0.5343489583333334 0.4623148148148148 0.021197916666666667 0.10629629629629629
0 0.5825 0.45592592592592596 0.022083333333333333 0.10425925925925926
0 0.430078125 0.46921296296296294 0.029322916666666664 0.05842592592592593
0 0.5768489583333333 0.49986111111111114 0.018177083333333333 0.10768518518518519
0 0.3781770833333333 0.5241666666666667 0.039375 0.20351851851851852
