0 0.6525260416666667 0.08300925925925927 0.031927083333333335 0.11157407407407408
0 0.37856770833333336 0.24416666666666664 0.041093750000000005 0.10537037037037036
0 0.7870572916666667 0.07157407407407408 0.03140625 0.1340740740740741
0 0.43390625 0.21444444444444447 0.03270833333333333 0.1577777777777778
0 0.2635677083333333 0.19925925925925925 0.02390625 0.1587037037037037
0 0.30679687499999997 0.18458333333333335 0.025677083333333333 0.16416666666666668
0 0.20028645833333333 0.18416666666666667 0.026093750000000002 0.1537037037037037
0 0.9162760416666667 0.5193055555555556 0.04994791666666667 0.19324074074074074
0 0.18229166666666666 0.4260648148148148 0.036041666666666666 0.19398148148148148
0 0.22609375 0.6067592592592592 0.0515625 0.2351851851851852
0 0.58859375 0.049722222222222216 0.033749999999999995 0.09685185185185184
0 0.7911197916666667 0.22833333333333333 0.02703125 0.16092592592592594
0 0.8456770833333334 0.6549074074074075 0.050520833333333334 0.21888888888888888
0 0.8647135416666667 0.2313425925925926 0.03890625 0.1784259259259259
0 0.23583333333333334 0.2026851851851852 0.03729166666666666 0.1488888888888889
0 0.40348958333333335 0.1462037037037037 0.025729166666666668 0.14666666666666667
0 0.22630208333333332 0.07972222222222222 0.029791666666666668 0.14685185185185184
0 0.7464322916666667 0.9011574074074075 0.04994791666666667 0.19953703703703704
0 0.137265625 0.2871759259259259 0.032656250000000005 0.18101851851851852
0 0.6995572916666666 0.910324074074074 0.04411458333333333 0.1812037037037037
0 0.16338541666666667 0.28907407407407404 0.029062499999999998 0.16296296296296298
0 0.16901041666666666 0.0637037037037037 0.0284375 0.12555555555555556
0 0.19765625 0.07893518518518519 0.0284375 0.14324074074074072
0 0.4578125 0.9281944444444444 0.03510416666666667 0.14546296296296296
0 0.16494791666666667 0.18972222222222224 0.025208333333333333 0.1574074074074074
