0 0.6523177083333334 0.08370370370370371 0.032239583333333335 0.11074074074074074
0 0.7917708333333333 0.06592592592592593 0.0309375 0.13
0 0.3784635416666667 0.24412037037037035 0.04171875 0.10490740740740741
0 0.5324739583333333 0.057777777777777775 0.028802083333333332 0.1137037037037037
0 0.8854427083333333 0.09736111111111112 0.028593749999999998 0.15305555555555556
0 0.10158854166666666 0.38898148148148143 0.03473958333333334 0.1762962962962963
0 0.22028645833333332 0.25828703703703704 0.03234375 0.17379629629629628
0 0.4742708333333333 0.05740740740740741 0.027395833333333335 0.11148148148148149
0 0.450078125 0.6833333333333333 0.03828125 0.23592592592592593
0 0.9219791666666666 0.6817129629629629 0.036562500000000005 0.20120370370370372
0 0.4251302083333333 0.21537037037037038 0.029010416666666667 0.16166666666666665
0 0.8328906249999999 0.6657870370370371 0.033177083333333336 0.22212962962962962
0 0.8540625 0.09407407407407407 0.0284375 0.1625925925925926
0 0.2571875 0.207962962962963 0.035625000000000004 0.17185185185185184
0 0.916484375 0.5216203703703703 0.04140625 0.18824074074074076
0 0.49966145833333336 0.05685185185185185 0.030052083333333333 0.10907407407407407
0 0.982265625 0.28564814814814815 0.03651041666666666 0.17222222222222222
0 0.16361979166666665 0.19615740740740742 0.028281249999999997 0.1537962962962963
0 0.19296875 0.23407407407407407 0.025208333333333333 0.15148148148148147
0 0.8518229166666667 0.36953703703703705 0.0328125 0.1872222222222222
0 0.5248958333333333 0.7807407407407407 0.06395833333333333 0.24500000000000002
0 0.9132291666666666 0.3886111111111111 0.0471875 0.18518518518518517
0 0.126484375 0.8466203703703703 0.048906250000000005 0.25175925925925924
0 0.398828125 0.1638425925925926 0.03442708333333333 0.15657407407407406
0 0.2836458333333333 0.17250000000000001 0.030104166666666664 0.16796296296296298
0 0.12955729166666666 0.20032407407407407 0.03328125 0.1487962962962963
0 0.254609375 0.08611111111111111 0.03911458333333333 0.16611111111111113
0 0.16442708333333333 0.8673611111111111 0.04302083333333333 0.2449074074074074
0 0.9319010416666667 0.2690277777777778 0.03036458333333333 0.15583333333333335
0 0.2199739583333333 0.0986574074074074 0.024635416666666667 0.15009259259259258
0 0.31046875 0.1325925925925926 0.0228125 0.1398148148148148
0 0.5641666666666667 0.9315740740740741 0.03875 0.13870370370370372
