0 0.652421875 0.08333333333333333 0.032239583333333335 0.11074074074074074
0 0.3782552083333333 0.24324074074074073 0.04140625 0.10444444444444444
0 0.4333072916666667 0.2100925925925926 0.039531250000000004 0.16
0 0.5967447916666667 0.10657407407407407 0.03244791666666667 0.15462962962962962
0 0.7587499999999999 0.0650462962962963 0.024791666666666667 0.12398148148148148
0 0.7852343749999999 0.1713425925925926 0.032656250000000005 0.14453703703703702
0 0.25929687500000004 0.27504629629629623 0.03578125 0.17472222222222222
0 0.84703125 0.6552314814814815 0.0546875 0.21898148148148147
0 0.30575520833333336 0.1877777777777778 0.03015625 0.15925925925925927
0 0.8506250000000001 0.135 0.028125 0.14925925925925926
0 0.19205729166666666 0.4303240740740741 0.04390625 0.1763888888888889
0 0.9173697916666667 0.5188888888888888 0.040364583333333336 0.1987037037037037
0 0.18317708333333332 0.7730092592592592 0.04677083333333333 0.24916666666666668
0 0.7000520833333332 0.8946296296296296 0.04958333333333333 0.21259259259259258
0 0.17526041666666667 0.24245370370370373 0.036041666666666666 0.18435185185185185
0 0.9107552083333332 0.16699074074074075 0.02921875 0.15898148148148147
0 0.4688541666666666 0.49453703703703705 0.033749999999999995 0.20537037037037037
0 0.5172135416666667 0.4760648148148148 0.03515625 0.20342592592592593
0 0.406015625 0.14296296296296296 0.028802083333333332 0.1461111111111111
0 0.22916666666666666 0.4204629629629629 0.030520833333333334 0.19296296296296298
0 0.21083333333333332 0.26916666666666667 0.030104166666666664 0.1638888888888889
0 0.13955729166666667 0.20055555555555554 0.028593749999999998 0.15185185185185185
0 0.25807291666666665 0.08356481481481481 0.026979166666666665 0.13731481481481483
0 0.23596354166666667 0.14240740740740743 0.03171875 0.16333333333333333
0 0.7955729166666666 0.06268518518518519 0.030625 0.1225925925925926
0 0.14651041666666667 0.05777777777777778 0.028541666666666667 0.11148148148148149
0 0.9351041666666667 0.7458796296296297 0.04791666666666667 0.2200925925925926
0 0.17502604166666663 0.06291666666666666 0.024635416666666667 0.12398148148148148
