0 0.8282552083333333 0.5851851851851851 0.028072916666666666 0.13666666666666666
0 0.9014843750000001 0.5544907407407408 0.023385416666666665 0.09342592592592593
0 0.21130208333333336 0.5736574074074073 0.023020833333333334 0.11157407407407408
0 0.23622395833333334 0.5773611111111112 0.02453125 0.1126851851851852
0 0.872421875 0.5387037037037038 0.020781249999999998 0.0874074074074074
0 0.39781249999999996 0.49796296296296305 0.011250000000000001 0.04740740740740741
0 0.7248697916666667 0.5056944444444446 0.011822916666666666 0.056388888888888884
0 0.43312500000000004 0.5051851851851852 0.010624999999999999 0.05
0 0.6455989583333334 0.4816666666666667 0.008385416666666668 0.037037037037037035
0 0.33770833333333333 0.5390740740740741 0.017291666666666667 0.08074074074074074
0 0.31296874999999996 0.5502777777777778 0.016979166666666667 0.08148148148148149
0 0.5515625 0.47879629629629633 0.0071875 0.027037037037037037
0 0.29494791666666664 0.5518055555555555 0.0159375 0.07731481481481481
0 0.3032031250000001 0.5535648148148148 0.01296875 0.08083333333333333
0 0.32901041666666664 0.5435648148148149 0.015416666666666667 0.07861111111111112
0 0.7066927083333333 0.49699074074074073 0.010260416666666666 0.04435185185185185
0 0.88734375 0.5013888888888889 0.012916666666666667 0.046296296296296294
0 0.8721354166666667 0.508888888888889 0.0146875 0.05407407407407407
0 0.85890625 0.5006018518518519 0.012604166666666666 0.04805555555555555
0 0.9024739583333333 0.4964814814814814 0.01421875 0.04777777777777778
0 0.6522395833333333 0.4831481481481481 0.009375 0.03814814814814815
0 0.6584114583333334 0.4853240740740741 0.01015625 0.03712962962962963
0 0.8407291666666666 0.5149537037037036 0.011666666666666665 0.04861111111111111
