0 0.026171875 0.38083333333333336 0.04526041666666667 0.18296296296296297
0 0.927890625 0.6132407407407408 0.13723958333333333 0.7055555555555556
0 0.5839322916666666 0.3864814814814815 0.03546875 0.1537037037037037
0 0.4965885416666667 0.3660185185185185 0.03057291666666667 0.14944444444444446
0 0.7757291666666666 0.6173611111111111 0.12354166666666666 0.6687962962962962
0 0.158359375 0.3443518518518519 0.021302083333333333 0.10851851851851853
0 0.366875 0.36810185185185185 0.043333333333333335 0.1862037037037037
0 0.6261979166666667 0.3658333333333333 0.0184375 0.1087037037037037
0 0.5221354166666666 0.3670833333333333 0.026041666666666668 0.13435185185185183
0 0.42348958333333336 0.33541666666666664 0.011875 0.056388888888888884
0 0.14091145833333335 0.3204166666666667 0.014531249999999999 0.06398148148148147
0 0.5634374999999999 0.3592592592592593 0.018229166666666668 0.10018518518518518
0 0.291875 0.351712962962963 0.0253125 0.13583333333333333
0 0.41098958333333335 0.3375925925925926 0.013125 0.058333333333333334
