0 0.6522656250000001 0.08375 0.03276041666666667 0.11046296296296296
0 0.37833333333333335 0.24333333333333335 0.04083333333333334 0.10518518518518517
0 0.9157291666666667 0.1391666666666667 0.028958333333333332 0.14833333333333332
0 0.768984375 0.05939814814814815 0.029947916666666668 0.1162037037037037
0 0.8460677083333332 0.06143518518518518 0.029010416666666667 0.12101851851851851
0 0.24559895833333334 0.6526851851851851 0.056093750000000005 0.2311111111111111
0 0.16356770833333334 0.2012962962962963 0.02755208333333333 0.16037037037037036
0 0.25177083333333333 0.1874537037037037 0.038125 0.18157407407407408
0 0.9165104166666667 0.5218981481481482 0.041666666666666664 0.19805555555555557
0 0.07 0.4124537037037037 0.027395833333333335 0.17583333333333334
0 0.9710156249999999 0.5569907407407407 0.03578125 0.18898148148148147
0 0.4303385416666667 0.21935185185185183 0.03140625 0.16148148148148148
0 0.2814583333333333 0.17046296296296298 0.021354166666666667 0.15537037037037038
0 0.20421875 0.18069444444444446 0.029479166666666667 0.1675
0 0.5223177083333334 0.46208333333333335 0.03526041666666667 0.18157407407407408
0 0.5250260416666667 0.14240740740740743 0.03390625 0.16462962962962965
0 0.12414062499999999 0.20703703703703705 0.029010416666666667 0.15222222222222223
0 0.8257291666666667 0.6824537037037036 0.044270833333333336 0.22787037037037036
0 0.4997916666666667 0.09685185185185184 0.03229166666666667 0.15296296296296294
0 0.135390625 0.40402777777777776 0.02984375 0.17212962962962963
0 0.5540885416666668 0.14064814814814813 0.02755208333333333 0.15148148148148147
0 0.4873177083333333 0.5190740740740741 0.03505208333333333 0.19777777777777777
0 0.461328125 0.51875 0.04421875 0.2062037037037037
0 0.2797395833333333 0.5622222222222223 0.036145833333333335 0.20444444444444446
0 0.2425260416666667 0.4348611111111111 0.04536458333333333 0.20527777777777775
0 0.38773437499999996 0.16671296296296298 0.02921875 0.15564814814814815
0 0.4127604166666667 0.1613888888888889 0.020625 0.14240740740740743
0 0.5116927083333334 0.92625 0.03828125 0.14935185185185187
0 0.23447916666666666 0.12439814814814815 0.028541666666666667 0.15175925925925926
0 0.45421875 0.04231481481481482 0.0240625 0.07537037037037038
0 0.25958333333333333 0.9088425925925927 0.04854166666666667 0.18416666666666667
