0 0.197421875 0.4625925925925926 0.12140625 0.4622222222222222
0 0.33013020833333334 0.36773148148148144 0.020781249999999998 0.09953703703703703
0 0.4897395833333333 0.3805092592592593 0.029583333333333333 0.14194444444444446
0 0.43023437500000006 0.37875 0.032656250000000005 0.14935185185185187
0 0.5754687500000001 0.35263888888888884 0.019270833333333334 0.08175925925925925
0 0.603125 0.3795833333333334 0.0340625 0.13583333333333333
0 0.6554947916666667 0.3971296296296296 0.040052083333333335 0.2559259259259259
0 0.5142708333333333 0.34967592592592595 0.0153125 0.05935185185185184
0 0.4686458333333333 0.37124999999999997 0.022916666666666665 0.07305555555555555
0 0.3113802083333333 0.3535648148148148 0.018802083333333334 0.07768518518518519
0 0.36765624999999996 0.35226851851851854 0.0125 0.05990740740740741
0 0.5347395833333334 0.34421296296296294 0.011041666666666667 0.04342592592592592
0 0.35890625000000004 0.351712962962963 0.013541666666666667 0.062129629629629625
0 0.3456510416666667 0.3535185185185185 0.018697916666666665 0.0725925925925926
