0 0.8353645833333333 0.5335648148148148 0.12947916666666667 0.6876851851851852
0 0.450390625 0.3225925925925926 0.03828125 0.18888888888888888
0 0.595703125 0.3181481481481482 0.03328125 0.14629629629629629
0 0.4005989583333333 0.30648148148148147 0.022239583333333333 0.11648148148148148
0 0.4966927083333334 0.3091666666666667 0.02703125 0.1237037037037037
0 0.15906250000000002 0.32898148148148143 0.031875 0.16462962962962965
0 0.18489583333333334 0.3230092592592593 0.03947916666666666 0.18916666666666668
0 0.054427083333333334 0.2871296296296296 0.018125 0.09037037037037036
0 0.55515625 0.30486111111111114 0.023958333333333335 0.12675925925925927
0 0.6191145833333334 0.29749999999999993 0.018541666666666668 0.11277777777777777
0 0.07778645833333334 0.30495370370370367 0.02703125 0.1313888888888889
0 0.3572916666666667 0.29064814814814816 0.012708333333333332 0.057962962962962966
0 0.9495833333333333 0.5451388888888888 0.101875 0.7349074074074075
0 0.5163802083333333 0.28296296296296297 0.01421875 0.05462962962962963
0 0.3804166666666667 0.2963888888888889 0.0140625 0.07037037037037037
0 0.09703125 0.29000000000000004 0.015104166666666667 0.09092592592592592
0 0.48276041666666664 0.31032407407407403 0.022395833333333334 0.12712962962962965
