0 0.364296875 0.524074074074074 0.05463541666666667 0.2462962962962963
0 0.784375 0.6856018518518519 0.14958333333333332 0.6306481481481482
0 0.6676041666666667 0.6702777777777778 0.08979166666666667 0.5522222222222222
0 0.3043229166666667 0.45819444444444446 0.01885416666666667 0.07657407407407407
0 0.44622395833333334 0.5393518518518519 0.056718750000000005 0.2674074074074074
0 0.5489583333333333 0.4579629629629629 0.020729166666666667 0.1025925925925926
0 0.49614583333333334 0.5175462962962963 0.06427083333333333 0.2349074074074074
0 0.248984375 0.46314814814814814 0.01484375 0.07407407407407407
0 0.5759635416666666 0.4901388888888889 0.020364583333333335 0.12787037037037036
0 0.39783854166666666 0.47092592592592597 0.02359375 0.12092592592592592
0 0.8635416666666667 0.5768055555555556 0.09416666666666668 0.39064814814814813
0 0.5895572916666667 0.475 0.020885416666666667 0.13814814814814813
0 0.28427083333333336 0.4575925925925926 0.014270833333333333 0.06925925925925926
0 0.332734375 0.46384259259259264 0.014427083333333333 0.07194444444444445
0 0.6187760416666667 0.46231481481481485 0.012343749999999999 0.0787037037037037
