0 0.6523177083333334 0.08212962962962962 0.03171875 0.10796296296296296
0 0.23932291666666666 0.4005555555555555 0.04291666666666667 0.21425925925925926
0 0.38138020833333336 0.07407407407407407 0.029322916666666664 0.14629629629629629
0 0.7888541666666667 0.1326388888888889 0.028541666666666667 0.13657407407407407
0 0.19984375 0.18106481481481482 0.029479166666666667 0.16546296296296295
0 0.23234375000000002 0.9024537037037037 0.05416666666666667 0.19694444444444442
0 0.916796875 0.5201388888888889 0.04026041666666667 0.19435185185185186
0 0.27953125 0.28652777777777777 0.03875 0.1850925925925926
0 0.6519270833333334 0.22694444444444448 0.03260416666666667 0.15685185185185185
0 0.5258854166666667 0.26643518518518516 0.03791666666666667 0.17379629629629628
0 0.7352604166666666 0.6375 0.0546875 0.22666666666666668
0 0.07565104166666667 0.6236111111111111 0.04463541666666667 0.23333333333333334
0 0.166953125 0.19611111111111112 0.026822916666666665 0.15611111111111112
0 0.40325520833333334 0.2571759259259259 0.03359375 0.1687962962962963
0 0.122890625 0.19671296296296298 0.026197916666666664 0.1512037037037037
0 0.07697916666666667 0.415 0.023854166666666666 0.17777777777777778
0 0.7549479166666667 0.2709722222222222 0.034375 0.17805555555555558
0 0.028593749999999998 0.7674537037037037 0.0359375 0.21064814814814814
0 0.6944531250000001 0.26425925925925925 0.023072916666666665 0.15814814814814815
0 0.7830208333333334 0.26064814814814813 0.027604166666666666 0.1637037037037037
0 0.2933854166666666 0.13828703703703704 0.0253125 0.15935185185185186
0 0.24166666666666667 0.08847222222222223 0.0275 0.14750000000000002
0 0.46953125 0.26430555555555557 0.029062499999999998 0.15712962962962962
0 0.210859375 0.09472222222222224 0.028072916666666666 0.15037037037037038
0 0.265078125 0.1960185185185185 0.029635416666666668 0.1562962962962963
0 0.14854166666666666 0.17046296296296296 0.03145833333333333 0.1675925925925926
0 0.44953125 0.25069444444444444 0.029583333333333333 0.17324074074074072
0 0.37658854166666667 0.2465277777777778 0.03244791666666667 0.11138888888888888
0 0.42820312499999996 0.2199537037037037 0.02453125 0.14194444444444446
0 0.26609374999999996 0.1125 0.02625 0.16203703703703703
