0 0.258671875 0.3714814814814815 0.14776041666666667 0.5937037037037037
0 0.7134895833333332 0.32435185185185184 0.019375 0.11037037037037037
0 0.8251041666666666 0.3209722222222222 0.018020833333333333 0.0975
0 0.5029166666666667 0.35671296296296295 0.0934375 0.49527777777777776
0 0.57546875 0.3219444444444444 0.022708333333333334 0.11481481481481481
0 0.9440104166666666 0.32541666666666663 0.021354166666666667 0.10916666666666668
0 0.6228385416666667 0.36995370370370373 0.06348958333333334 0.3549074074074074
0 0.42455729166666667 0.37305555555555553 0.09244791666666667 0.42944444444444446
0 0.9843489583333334 0.3214814814814815 0.01932291666666667 0.10962962962962963
0 0.9160677083333333 0.32504629629629633 0.018593750000000003 0.08935185185185185
0 0.6850260416666667 0.32296296296296295 0.015572916666666665 0.09444444444444444
0 0.6765364583333333 0.321574074074074 0.015052083333333332 0.08962962962962963
0 0.740859375 0.31416666666666665 0.01484375 0.05722222222222222
0 0.7009635416666666 0.3205092592592592 0.01484375 0.09768518518518518
0 0.7496614583333334 0.3166203703703704 0.012447916666666666 0.06046296296296296
