0 0.9510677083333333 0.5963425925925926 0.040989583333333336 0.1836111111111111
0 0.031640625 0.6219907407407408 0.02411458333333333 0.10546296296296297
0 0.111328125 0.6261111111111111 0.016614583333333332 0.0987037037037037
0 0.5573177083333333 0.49717592592592585 0.01328125 0.04268518518518519
0 0.6097395833333333 0.5261111111111111 0.019583333333333335 0.07296296296296297
0 0.6704166666666665 0.5674074074074075 0.0240625 0.1112962962962963
0 0.6942968749999999 0.5547222222222221 0.028177083333333335 0.11259259259259259
0 0.9861458333333333 0.6849999999999999 0.02875 0.24314814814814817
0 0.126953125 0.6122685185185185 0.020781249999999998 0.1086111111111111
0 0.6308072916666667 0.5246296296296296 0.014010416666666666 0.07277777777777777
0 0.5971093749999999 0.5118981481481482 0.011822916666666666 0.05064814814814815
