0 0.43947916666666664 0.37037037037037035 0.0315625 0.1537037037037037
0 0.22294270833333335 0.44208333333333333 0.11453125 0.43787037037037035
0 0.025364583333333336 0.3835648148148148 0.04010416666666667 0.14805555555555555
0 0.6508333333333334 0.38513888888888886 0.03927083333333334 0.23342592592592593
0 0.33041666666666664 0.3602314814814815 0.022291666666666664 0.09620370370370371
0 0.5772656250000001 0.3423611111111111 0.018177083333333333 0.07509259259259259
0 0.49432291666666667 0.37430555555555556 0.029166666666666667 0.13731481481481483
0 0.6102604166666666 0.36879629629629623 0.030208333333333334 0.13629629629629628
0 0.47125000000000006 0.3637962962962963 0.024583333333333336 0.07037037037037037
0 0.3715104166666666 0.3468981481481481 0.013333333333333334 0.06324074074074074
0 0.5213802083333333 0.339537037037037 0.012864583333333334 0.0512962962962963
0 0.35804687500000004 0.34685185185185186 0.014010416666666666 0.06259259259259259
0 0.5143229166666666 0.3433333333333333 0.015625 0.06166666666666666
0 0.5566927083333334 0.335 0.01265625 0.04555555555555556
0 0.34640625 0.3488425925925926 0.03333333333333333 0.07546296296296297
