0 0.2687239583333333 0.4724074074074074 0.025052083333333332 0.1024074074074074
0 0.5042187499999999 0.6326388888888889 0.07427083333333333 0.49879629629629635
0 0.07997395833333333 0.5807407407407408 0.14359375 0.42166666666666663
0 0.7571875000000001 0.4581481481481481 0.024895833333333332 0.10351851851851851
0 0.594921875 0.6622222222222223 0.10796875 0.5601851851851852
0 0.22552083333333334 0.4829166666666667 0.024583333333333336 0.09805555555555556
0 0.3498958333333333 0.46208333333333335 0.013541666666666667 0.06657407407407408
0 0.4455208333333333 0.5081018518518519 0.03989583333333333 0.20046296296296295
0 0.6716666666666667 0.5173148148148148 0.054375 0.2348148148148148
0 0.21028645833333334 0.4821296296296297 0.02328125 0.1037037037037037
0 0.30822916666666667 0.45212962962962966 0.011770833333333335 0.05333333333333334
0 0.3340625 0.45310185185185187 0.013125 0.056574074074074075
0 0.6380729166666668 0.4605555555555556 0.017916666666666668 0.09092592592592592
0 0.963203125 0.6237962962962963 0.07463541666666668 0.4724074074074074
0 0.293359375 0.4527777777777778 0.011822916666666666 0.053703703703703705
0 0.32338541666666665 0.45078703703703704 0.02041666666666667 0.056574074074074075
