0 0.46997395833333333 0.6561574074074074 0.14046875 0.5508333333333333
0 0.20494791666666667 0.4636574074074074 0.0228125 0.09898148148148149
0 0.6220312500000001 0.5739351851851852 0.07437500000000001 0.3250925925925926
0 0.3354687499999999 0.49981481481481477 0.029479166666666667 0.17037037037037037
0 0.276953125 0.4724537037037037 0.01765625 0.10212962962962963
0 0.2316927083333333 0.48250000000000004 0.02359375 0.1024074074074074
0 0.576328125 0.5018518518518519 0.021302083333333333 0.1025925925925926
0 0.556640625 0.49856481481481485 0.021822916666666668 0.10268518518518518
0 0.29205729166666666 0.4550925925925926 0.01328125 0.06018518518518518
0 0.24807291666666667 0.47337962962962965 0.017291666666666667 0.09768518518518518
0 0.26091145833333335 0.46925925925925926 0.014739583333333334 0.09740740740740741
0 0.3197395833333333 0.46337962962962964 0.01625 0.06712962962962964
