0 0.6522916666666667 0.0835185185185185 0.0325 0.11074074074074074
0 0.3782552083333333 0.2437037037037037 0.041093750000000005 0.10462962962962963
0 0.768984375 0.06004629629629629 0.029427083333333333 0.11824074074074074
0 0.23544270833333333 0.6516203703703703 0.054114583333333334 0.22972222222222222
0 0.8440364583333333 0.05939814814814815 0.029635416666666668 0.1162037037037037
0 0.25283854166666664 0.18935185185185185 0.038072916666666665 0.1814814814814815
0 0.9163020833333334 0.5219444444444444 0.041562499999999995 0.19685185185185183
0 0.07020833333333334 0.41125 0.026979166666666665 0.1763888888888889
0 0.913671875 0.1366203703703704 0.03046875 0.14194444444444446
0 0.162890625 0.20152777777777775 0.028385416666666666 0.16027777777777777
0 0.48708333333333337 0.5156018518518519 0.03697916666666667 0.19546296296296295
0 0.13638020833333334 0.4136574074074074 0.030260416666666668 0.17787037037037037
0 0.5266145833333333 0.14444444444444443 0.03291666666666667 0.16666666666666666
0 0.20403645833333334 0.1813425925925926 0.029947916666666668 0.16416666666666668
0 0.43028645833333334 0.21810185185185182 0.03140625 0.16268518518518518
0 0.4997916666666667 0.10379629629629629 0.034270833333333334 0.1625925925925926
0 0.5152864583333333 0.4559722222222223 0.03473958333333334 0.17935185185185185
0 0.9713541666666666 0.5606944444444445 0.036041666666666666 0.19342592592592592
0 0.822578125 0.6807407407407408 0.04317708333333334 0.22814814814814816
0 0.55515625 0.1434259259259259 0.027083333333333334 0.15018518518518517
0 0.125 0.20430555555555557 0.028333333333333332 0.14935185185185187
0 0.28171874999999996 0.1700462962962963 0.02041666666666667 0.15694444444444444
0 0.459375 0.511712962962963 0.0446875 0.20379629629629628
0 0.38841145833333335 0.16620370370370371 0.028281249999999997 0.15648148148148147
0 0.28171874999999996 0.5616203703703704 0.035625000000000004 0.21083333333333332
0 0.233203125 0.12462962962962962 0.02984375 0.1575925925925926
0 0.414609375 0.16282407407407407 0.021614583333333333 0.14583333333333334
0 0.5086458333333334 0.9254629629629629 0.03666666666666667 0.15092592592592594
0 0.23778645833333334 0.43550925925925926 0.04171875 0.18935185185185185
0 0.2509635416666666 0.9025 0.054114583333333334 0.19685185185185183
