0 0.6038802083333332 0.3460648148148148 0.03369791666666667 0.13472222222222222
0 0.133515625 0.399212962962963 0.060468749999999995 0.2778703703703704
0 0.5016666666666666 0.3524074074074074 0.025833333333333333 0.07907407407407407
0 0.42572916666666666 0.3427777777777778 0.0334375 0.16537037037037036
0 0.7347916666666666 0.3948148148148148 0.0534375 0.35407407407407404
0 0.4659114583333333 0.35180555555555554 0.02890625 0.1449074074074074
0 0.5316145833333333 0.3204166666666667 0.01625 0.06453703703703705
0 0.3657291666666667 0.33606481481481487 0.023020833333333334 0.10250000000000001
0 0.5559895833333334 0.3171759259259259 0.013229166666666665 0.05324074074074074
0 0.38484375 0.32384259259259257 0.013333333333333334 0.06027777777777777
0 0.323671875 0.31384259259259256 0.01328125 0.04675925925925926
