0 0.36234375 0.39291666666666664 0.06270833333333334 0.27398148148148144
0 0.6182291666666667 0.3690277777777778 0.03270833333333333 0.14453703703703702
0 0.4538541666666667 0.3525462962962963 0.030416666666666665 0.14509259259259258
0 0.01796875 0.35805555555555557 0.028125 0.14555555555555555
0 0.489921875 0.35495370370370366 0.028802083333333332 0.12861111111111112
0 0.6543489583333334 0.3480555555555555 0.020260416666666666 0.11240740740740741
0 0.5690885416666666 0.3552777777777778 0.02713541666666667 0.15166666666666667
0 0.5259114583333333 0.328287037037037 0.013802083333333333 0.05583333333333333
0 0.30486979166666667 0.35759259259259263 0.024427083333333332 0.13166666666666665
0 0.9517708333333332 0.5971759259259259 0.09749999999999999 0.7150925925925925
