0 0.6521614583333334 0.08273148148148148 0.032239583333333335 0.1100925925925926
0 0.37822916666666667 0.24324074074074073 0.041875 0.10481481481481482
0 0.4329427083333333 0.2096296296296296 0.03911458333333333 0.16055555555555556
0 0.6445052083333334 0.21069444444444443 0.03401041666666667 0.1599074074074074
0 0.2794010416666667 0.3402777777777778 0.03411458333333333 0.17685185185185184
0 0.22458333333333333 0.355 0.03739583333333333 0.1762962962962963
0 0.7842447916666667 0.24412037037037035 0.03244791666666667 0.1436111111111111
0 0.13494791666666667 0.20375000000000001 0.028645833333333332 0.15546296296296297
0 0.16481770833333334 0.19472222222222224 0.026614583333333334 0.15555555555555556
0 0.8473437500000001 0.6563888888888889 0.05385416666666667 0.2187037037037037
0 0.8895833333333333 0.23287037037037037 0.03145833333333333 0.16055555555555556
0 0.960625 0.2733333333333333 0.035 0.17055555555555554
0 0.9172135416666667 0.5199537037037036 0.04057291666666667 0.20157407407407407
0 0.5004427083333334 0.357962962962963 0.03536458333333334 0.19462962962962962
0 0.17872395833333332 0.35138888888888886 0.03411458333333333 0.18555555555555556
0 0.29723958333333333 0.19064814814814815 0.03145833333333333 0.1587037037037037
0 0.4557291666666667 0.36671296296296296 0.034166666666666665 0.18805555555555556
0 0.17916666666666667 0.5341666666666667 0.0453125 0.19240740740740742
0 0.40533854166666666 0.1427314814814815 0.028697916666666667 0.14953703703703702
0 0.6330989583333333 0.705787037037037 0.045885416666666665 0.24175925925925928
0 0.9304947916666667 0.7405092592592593 0.04807291666666667 0.23157407407407407
0 0.216328125 0.5280555555555555 0.03578125 0.2051851851851852
0 0.20169270833333333 0.9068055555555555 0.046197916666666665 0.18824074074074076
0 0.33794270833333334 0.6238425925925926 0.05453125 0.22824074074074074
0 0.17473958333333334 0.06138888888888889 0.022291666666666664 0.11962962962962961
0 0.24411458333333333 0.14083333333333334 0.03208333333333333 0.16111111111111112
0 0.2787239583333333 0.15037037037037035 0.02713541666666667 0.14037037037037037
0 0.22799479166666667 0.2429166666666667 0.03671875 0.16916666666666666
0 0.21299479166666666 0.07050925925925926 0.028177083333333335 0.1391666666666667
