0 0.37843750000000004 0.24333333333333335 0.04125 0.10518518518518517
0 0.7890104166666667 0.13310185185185186 0.028854166666666667 0.13824074074074075
0 0.54015625 0.2686574074074074 0.04145833333333333 0.16416666666666668
0 0.3815104166666667 0.07444444444444445 0.028854166666666667 0.1448148148148148
0 0.7365885416666667 0.6383796296296297 0.054322916666666665 0.2263888888888889
0 0.28072916666666664 0.23041666666666666 0.048125 0.17435185185185187
0 0.42999999999999994 0.21944444444444444 0.03260416666666667 0.1612962962962963
0 0.9176822916666667 0.5199074074074074 0.039322916666666666 0.19518518518518518
0 0.6473177083333332 0.08546296296296296 0.03723958333333333 0.10833333333333334
0 0.19921875 0.17879629629629631 0.028645833333333332 0.1688888888888889
0 0.07544270833333333 0.6236574074074074 0.04463541666666667 0.23287037037037037
0 0.220859375 0.46615740740740746 0.04296875 0.2237962962962963
0 0.12111979166666667 0.44328703703703703 0.03494791666666666 0.1886111111111111
0 0.9652864583333333 0.30407407407407405 0.03359375 0.17851851851851852
0 0.12536458333333333 0.1962037037037037 0.025625000000000002 0.15166666666666667
0 0.16260416666666666 0.19439814814814813 0.029062499999999998 0.15712962962962962
0 0.8512239583333334 0.31083333333333335 0.03171875 0.1738888888888889
0 0.23125 0.1486111111111111 0.029270833333333336 0.15407407407407409
0 0.4702864583333333 0.21375000000000002 0.02921875 0.16675925925925925
0 0.250625 0.13486111111111113 0.026354166666666668 0.15564814814814815
0 0.49039062499999997 0.21342592592592594 0.02671875 0.1527777777777778
0 0.0146875 0.8840740740740741 0.02625 0.2124074074074074
0 0.7319270833333335 0.2569444444444444 0.026979166666666665 0.16722222222222222
