0 0.6526041666666667 0.08356481481481481 0.03239583333333333 0.11194444444444444
0 0.3786197916666667 0.24407407407407405 0.04140625 0.10444444444444444
0 0.21692708333333333 0.6070833333333333 0.057916666666666665 0.2326851851851852
0 0.7870833333333334 0.07324074074074073 0.03145833333333333 0.13629629629629628
0 0.7893229166666667 0.22037037037037038 0.0275 0.16148148148148148
0 0.9159635416666666 0.5198611111111111 0.05213541666666666 0.1937962962962963
0 0.26533854166666665 0.2037962962962963 0.024427083333333332 0.1635185185185185
0 0.5739062500000001 0.045277777777777785 0.035625000000000004 0.08833333333333333
0 0.4338802083333333 0.21481481481481482 0.029427083333333333 0.1585185185185185
0 0.3065364583333333 0.1863888888888889 0.026093750000000002 0.16462962962962965
0 0.18054687500000002 0.43425925925925923 0.03630208333333333 0.20037037037037037
0 0.20052083333333334 0.18569444444444447 0.025416666666666664 0.15601851851851853
0 0.8609635416666668 0.22615740740740742 0.037135416666666664 0.17564814814814814
0 0.84515625 0.6546759259259259 0.05083333333333333 0.21787037037037038
0 0.23497395833333334 0.20560185185185187 0.03442708333333333 0.15212962962962964
0 0.40359375 0.14726851851851852 0.0253125 0.14638888888888887
0 0.6839322916666666 0.9005555555555556 0.048281250000000005 0.20074074074074075
0 0.7323177083333333 0.8894907407407407 0.04838541666666667 0.22287037037037036
0 0.22531249999999997 0.08824074074074074 0.029375 0.14944444444444446
0 0.14145833333333335 0.28171296296296294 0.03260416666666667 0.18546296296296297
0 0.16890624999999998 0.2860648148148148 0.030104166666666664 0.16453703703703704
0 0.26372395833333334 0.1011111111111111 0.02359375 0.13444444444444442
0 0.12963541666666667 0.19453703703703704 0.026354166666666668 0.15388888888888888
0 0.4523958333333333 0.9269444444444445 0.041979166666666665 0.14796296296296296
