0 0.30812500000000004 0.4225462962962963 0.07333333333333333 0.34324074074074074
0 0.5672395833333334 0.3719444444444444 0.026979166666666665 0.15462962962962962
0 0.60859375 0.3764351851851852 0.0321875 0.1426851851851852
0 0.6661197916666667 0.36800925925925926 0.021927083333333333 0.11231481481481481
0 0.4832552083333333 0.37046296296296294 0.03078125 0.13462962962962963
0 0.44729166666666664 0.36541666666666667 0.03114583333333333 0.1439814814814815
0 0.5242447916666667 0.34245370370370365 0.014010416666666666 0.05675925925925926
0 0.3611979166666667 0.34319444444444447 0.013854166666666667 0.06861111111111111
0 0.37036458333333333 0.3423611111111111 0.013645833333333333 0.0675
0 0.2503125 0.35125 0.0240625 0.0936111111111111
0 0.34434895833333334 0.3499537037037037 0.014947916666666667 0.0763888888888889
0 0.38502604166666665 0.3441666666666667 0.01078125 0.06277777777777778
0 0.5008333333333334 0.34671296296296295 0.02041666666666667 0.07324074074074073
