0 0.41648437499999996 0.523287037037037 0.04984375 0.24231481481481482
0 0.21231770833333333 0.4823148148148148 0.026302083333333334 0.1075925925925926
0 0.894609375 0.674398148148148 0.15744791666666666 0.6530555555555555
0 0.5194010416666667 0.5422685185185185 0.07255208333333334 0.26379629629629625
0 0.7606249999999999 0.6893055555555556 0.13499999999999998 0.5773148148148148
0 0.3673958333333333 0.4745833333333333 0.021145833333333332 0.11361111111111111
0 0.30682291666666667 0.4626851851851852 0.017604166666666664 0.07537037037037038
0 0.6234895833333334 0.45583333333333337 0.018125 0.07962962962962963
0 0.5735677083333334 0.5181018518518519 0.053281249999999995 0.2175
0 0.4490885416666667 0.4725462962962963 0.027864583333333335 0.0699074074074074
0 0.34486979166666665 0.4650925925925926 0.01546875 0.09222222222222222
0 0.2892708333333333 0.46300925925925923 0.015520833333333334 0.0687962962962963
0 0.38546875 0.45851851851851855 0.015625 0.08444444444444445
0 0.2414583333333333 0.4648148148148148 0.0153125 0.0724074074074074
0 0.22854166666666667 0.48125 0.023958333333333335 0.09027777777777778
0 0.483125 0.5177314814814815 0.043125 0.26212962962962966
0 0.24908854166666666 0.45875 0.013697916666666667 0.06287037037037038
