0 0.6522656250000001 0.0839351851851852 0.031927083333333335 0.11064814814814815
0 0.3785416666666667 0.24333333333333335 0.04083333333333334 0.10629629629629629
0 0.7870833333333332 0.07083333333333333 0.031875 0.135
0 0.43385416666666665 0.21412037037037038 0.03395833333333333 0.16231481481481483
0 0.20716145833333333 0.3463888888888889 0.03338541666666666 0.1824074074074074
0 0.9149218749999999 0.5203703703703704 0.04932291666666667 0.19444444444444445
0 0.859375 0.05277777777777778 0.028645833333333332 0.10055555555555555
0 0.140234375 0.33240740740740743 0.033177083333333336 0.17351851851851852
0 0.8775260416666666 0.3026388888888889 0.03671875 0.18472222222222223
0 0.8451822916666667 0.6542592592592592 0.05119791666666666 0.21814814814814815
0 0.10364583333333334 0.3219444444444444 0.03197916666666666 0.19462962962962962
0 0.16309895833333332 0.19675925925925927 0.02703125 0.16
0 0.3058854166666667 0.18578703703703706 0.025625000000000002 0.16694444444444445
0 0.238203125 0.14583333333333334 0.025677083333333333 0.15944444444444444
0 0.12755208333333334 0.20092592592592592 0.0284375 0.14777777777777779
0 0.2657291666666667 0.16472222222222221 0.0240625 0.1496296296296296
0 0.20174479166666665 0.18592592592592594 0.025989583333333333 0.16166666666666665
0 0.4034114583333333 0.14560185185185184 0.023489583333333335 0.1436111111111111
0 0.5944270833333333 0.9069444444444444 0.06354166666666666 0.18796296296296297
0 0.217734375 0.15865740740740744 0.024427083333333332 0.14564814814814817
