0 0.3580208333333334 0.47347222222222224 0.022083333333333333 0.1112037037037037
0 0.5527083333333334 0.5409722222222222 0.06333333333333332 0.26287037037037037
0 0.8068489583333334 0.6941203703703704 0.10640625000000001 0.6136111111111111
0 0.21174479166666668 0.48217592592592595 0.025885416666666668 0.10657407407407407
0 0.44953125 0.5227777777777778 0.06395833333333333 0.2474074074074074
0 0.38132812499999996 0.46125000000000005 0.017552083333333336 0.08435185185185184
0 0.30768229166666666 0.46152777777777776 0.017864583333333333 0.07953703703703704
0 0.49984375 0.5213425925925925 0.04625 0.27972222222222226
0 0.22778645833333336 0.48125 0.023802083333333335 0.09527777777777778
0 0.931640625 0.675601851851852 0.13776041666666666 0.6506481481481482
0 0.5924479166666666 0.5140277777777778 0.04822916666666666 0.2225
0 0.62375 0.45564814814814814 0.01864583333333333 0.08407407407407406
0 0.2905989583333334 0.4630555555555555 0.015364583333333333 0.07111111111111111
0 0.24760416666666665 0.4589351851851852 0.013958333333333333 0.060833333333333336
0 0.30109375 0.4166666666666667 0.010416666666666666 0.03388888888888889
