0 0.6135937499999999 0.37199074074074073 0.03125 0.13416666666666668
0 0.44635416666666666 0.37226851851851855 0.0315625 0.1587962962962963
0 0.3601822916666667 0.36064814814814816 0.021302083333333333 0.10148148148148148
0 0.13460937500000003 0.5132407407407407 0.15890625 0.5414814814814815
0 0.7015104166666667 0.40342592592592597 0.04572916666666667 0.2896296296296296
0 0.49270833333333336 0.37222222222222223 0.024687499999999998 0.13148148148148148
0 0.5347395833333334 0.3464351851851852 0.0153125 0.06157407407407407
0 0.33249999999999996 0.3474074074074074 0.018333333333333333 0.06611111111111112
0 0.5595312499999999 0.3406018518518519 0.011250000000000001 0.04546296296296296
0 0.3879166666666667 0.3475462962962963 0.01375 0.05935185185185184
0 0.508359375 0.3801388888888889 0.023072916666666665 0.10138888888888889
0 0.5475520833333333 0.3435185185185185 0.013854166666666667 0.0512962962962963
0 0.34645833333333337 0.3502777777777778 0.015208333333333332 0.07166666666666667
