0 0.8188541666666667 0.6139814814814815 0.02802083333333333 0.14444444444444443
0 0.021302083333333336 0.6651851851851852 0.029791666666666668 0.13314814814814815
0 0.929296875 0.555601851851852 0.020260416666666666 0.10157407407407408
0 0.7537760416666667 0.6318981481481482 0.03390625 0.13324074074074074
0 0.73125 0.6070833333333333 0.03302083333333333 0.14657407407407408
0 0.6428385416666667 0.5142592592592592 0.012760416666666666 0.051111111111111114
0 0.141015625 0.6496759259259259 0.020677083333333336 0.1289814814814815
0 0.12067708333333332 0.669212962962963 0.0171875 0.11787037037037036
0 0.6828125 0.5055555555555555 0.0125 0.05666666666666667
0 0.6668489583333334 0.5050462962962964 0.010572916666666666 0.047685185185185185
0 0.6750260416666667 0.504074074074074 0.012760416666666666 0.05333333333333334
