0 0.8361979166666667 0.5822685185185186 0.029479166666666667 0.14027777777777778
0 0.23200520833333332 0.5729629629629629 0.02390625 0.11444444444444445
0 0.8805989583333333 0.5353703703703704 0.02109375 0.0938888888888889
0 0.206328125 0.570324074074074 0.02265625 0.1112037037037037
0 0.9075520833333334 0.5534722222222223 0.024270833333333335 0.09175925925925925
0 0.7267447916666666 0.5010648148148148 0.012343749999999999 0.05620370370370371
0 0.43203125 0.5011111111111112 0.010729166666666668 0.049444444444444444
0 0.39671875 0.4943518518518518 0.011979166666666667 0.05
0 0.5490364583333334 0.4742592592592593 0.008072916666666667 0.028888888888888888
0 0.6665625 0.4863425925925926 0.012083333333333333 0.047129629629629625
0 0.6456250000000001 0.4780555555555556 0.00875 0.03833333333333333
0 0.3320052083333333 0.5362037037037037 0.016302083333333335 0.08055555555555556
0 0.30859375 0.5483796296296296 0.01625 0.08212962962962964
0 0.29815104166666667 0.5497222222222222 0.016614583333333332 0.08092592592592593
0 0.32140625 0.5431944444444444 0.0153125 0.08027777777777778
0 0.289609375 0.5476851851851852 0.01578125 0.07962962962962963
0 0.781328125 0.4943981481481482 0.00953125 0.04583333333333333
0 0.6524739583333333 0.48013888888888884 0.010364583333333333 0.0412037037037037
0 0.2719791666666667 0.5405092592592593 0.012187499999999999 0.06398148148148147
0 0.9033593750000001 0.4925462962962963 0.01328125 0.04972222222222222
0 0.7040624999999999 0.48916666666666675 0.01 0.04574074074074074
