0 0.05151041666666667 0.4323148148148148 0.0553125 0.2224074074074074
0 0.5220833333333333 0.4110648148148149 0.03625 0.15583333333333335
0 0.4076302083333333 0.38425925925925924 0.021614583333333333 0.11333333333333334
0 0.5627604166666667 0.3897222222222222 0.0309375 0.1488888888888889
0 0.3678385416666667 0.37712962962962965 0.01796875 0.04666666666666667
0 0.16283854166666664 0.4015740740740741 0.03015625 0.12962962962962962
0 0.46364583333333337 0.3875 0.025625000000000002 0.11944444444444445
0 0.7852864583333333 0.40175925925925926 0.028281249999999997 0.12814814814814815
0 0.10869791666666666 0.3948148148148148 0.018229166666666668 0.09444444444444444
0 0.2706770833333333 0.3863888888888889 0.018020833333333333 0.10203703703703704
0 0.09388020833333334 0.3823611111111111 0.014010416666666666 0.06861111111111111
0 0.9692708333333333 0.5816666666666667 0.0625 0.5674074074074074
0 0.25773437499999996 0.3787962962962963 0.01765625 0.09092592592592592
0 0.5046354166666667 0.38578703703703704 0.023125 0.11064814814814815
0 0.28679687500000006 0.3910648148148148 0.026510416666666665 0.12712962962962965
0 0.45033854166666665 0.3825925925925926 0.015885416666666666 0.09240740740740741
0 0.24299479166666668 0.3756018518518519 0.013489583333333333 0.06583333333333333
