0 0.5005468750000001 0.49879629629629624 0.048906250000000005 0.10055555555555555
0 0.6046614583333333 0.6744907407407408 0.10765625 0.6117592592592593
0 0.411328125 0.5291203703703704 0.061197916666666664 0.29416666666666663
0 0.23018229166666668 0.5505092592592592 0.05765625 0.2950925925925926
0 0.31015625 0.554537037037037 0.0615625 0.2948148148148148
0 0.448984375 0.48125 0.029427083333333333 0.15157407407407406
0 0.3595833333333333 0.5337037037037037 0.06364583333333333 0.27314814814814814
0 0.2625 0.4648148148148148 0.012708333333333332 0.065
0 0.9129166666666666 0.64375 0.17520833333333333 0.7143518518518519
0 0.27658854166666663 0.4626388888888889 0.01265625 0.059722222222222225
