0 0.6521875 0.08361111111111111 0.0321875 0.11018518518518519
0 0.37828124999999996 0.24407407407407408 0.04114583333333333 0.10500000000000001
0 0.12455729166666667 0.19518518518518518 0.029010416666666667 0.1548148148148148
0 0.1994270833333333 0.1813888888888889 0.028645833333333332 0.16555555555555557
0 0.230859375 0.6635185185185185 0.04807291666666667 0.22685185185185186
0 0.381796875 0.07490740740740741 0.028697916666666667 0.14703703703703705
0 0.16455729166666666 0.1962962962962963 0.029114583333333333 0.15944444444444444
0 0.6420052083333334 0.2101851851851852 0.026510416666666665 0.15296296296296294
0 0.79109375 0.13305555555555554 0.027604166666666666 0.13574074074074075
0 0.070078125 0.41092592592592586 0.02578125 0.17148148148148148
0 0.734609375 0.6391666666666668 0.054114583333333334 0.22722222222222221
0 0.072265625 0.71875 0.05942708333333333 0.23398148148148148
0 0.916484375 0.5207407407407407 0.040052083333333335 0.19592592592592592
0 0.24109375000000002 0.2889814814814815 0.04020833333333333 0.20185185185185187
0 0.28317708333333336 0.3963425925925926 0.03927083333333334 0.20083333333333334
0 0.4298958333333333 0.21916666666666665 0.0315625 0.1587037037037037
0 0.28552083333333333 0.19768518518518519 0.0278125 0.15333333333333332
0 0.5438020833333332 0.1973148148148148 0.025625000000000002 0.14444444444444443
0 0.13388020833333333 0.5805555555555556 0.031927083333333335 0.19333333333333336
0 0.4852604166666667 0.22912037037037036 0.035416666666666666 0.17546296296296296
0 0.6113020833333334 0.2124537037037037 0.0309375 0.17027777777777778
0 0.43971354166666665 0.3774074074074074 0.037656249999999995 0.17555555555555555
0 0.21291666666666667 0.11231481481481481 0.030729166666666665 0.1548148148148148
0 0.025703125 0.6765277777777777 0.048802083333333336 0.20972222222222223
0 0.4629947916666666 0.18032407407407408 0.028177083333333335 0.16046296296296297
0 0.41239583333333335 0.37027777777777776 0.036562500000000005 0.18796296296296297
0 0.30421875000000004 0.32560185185185186 0.028854166666666667 0.1723148148148148
0 0.518515625 0.9230092592592593 0.038489583333333334 0.15583333333333335
