0 0.6525 0.08268518518518518 0.03229166666666667 0.10925925925925926
0 0.37835937499999994 0.24337962962962964 0.04119791666666666 0.10527777777777778
0 0.7860937499999999 0.07412037037037038 0.030208333333333334 0.13361111111111112
0 0.30374999999999996 0.18625 0.03114583333333333 0.16342592592592592
0 0.7815104166666667 0.19421296296296298 0.027604166666666666 0.16268518518518518
0 0.26315104166666664 0.23060185185185186 0.026614583333333334 0.1676851851851852
0 0.9160416666666666 0.5193981481481482 0.0496875 0.1913888888888889
0 0.8504947916666666 0.1963425925925926 0.03390625 0.17009259259259257
0 0.8461197916666666 0.6555092592592592 0.05109375 0.21787037037037038
0 0.23346354166666666 0.23277777777777778 0.03588541666666667 0.15185185185185185
0 0.175234375 0.4721296296296296 0.03901041666666667 0.19814814814814816
0 0.22583333333333336 0.6193981481481482 0.04541666666666667 0.22546296296296298
0 0.15020833333333333 0.2711574074074074 0.029583333333333333 0.18453703703703705
0 0.20067708333333334 0.1823611111111111 0.026770833333333334 0.16398148148148148
0 0.2568489583333334 0.08120370370370371 0.025052083333333332 0.1312962962962963
0 0.6405989583333334 0.8474074074074074 0.04838541666666667 0.2451851851851852
0 0.40348958333333335 0.1474537037037037 0.025625000000000002 0.14287037037037037
0 0.230859375 0.10671296296296297 0.030885416666666665 0.14953703703703702
0 0.42682291666666666 0.20819444444444446 0.024895833333333332 0.1628703703703704
0 0.17763020833333334 0.2726851851851852 0.031302083333333335 0.16555555555555557
0 0.6863541666666666 0.8308796296296297 0.04666666666666666 0.24416666666666664
0 0.13528645833333333 0.20050925925925928 0.026197916666666664 0.15601851851851853
0 0.46815104166666666 0.9343981481481481 0.038802083333333334 0.13305555555555554
