0 0.5013541666666667 0.49981481481481477 0.05083333333333333 0.10277777777777777
0 0.44927083333333334 0.4733333333333334 0.02822916666666667 0.07148148148148148
0 0.20666666666666667 0.46273148148148147 0.021875 0.09768518518518518
0 0.27643229166666666 0.5504166666666667 0.05963541666666667 0.2752777777777778
0 0.7684895833333333 0.45990740740740743 0.0328125 0.11962962962962961
0 0.6638541666666666 0.4615740740740741 0.018020833333333333 0.09240740740740741
0 0.2284635416666667 0.46416666666666667 0.021718750000000002 0.08185185185185186
0 0.537734375 0.46074074074074073 0.021927083333333333 0.10814814814814815
0 0.5771354166666666 0.5009722222222222 0.018020833333333333 0.11138888888888888
0 0.4292708333333334 0.4688888888888889 0.029791666666666668 0.0575925925925926
0 0.8826302083333334 0.5675462962962964 0.09296875 0.40046296296296297
0 0.336171875 0.539537037037037 0.046614583333333334 0.25462962962962965
0 0.5826822916666666 0.45796296296296296 0.021302083333333333 0.10296296296296296
0 0.5591927083333332 0.5003703703703704 0.020364583333333335 0.10148148148148148
0 0.9403124999999999 0.5657407407407408 0.105 0.36777777777777776
