0 0.17841145833333333 0.5593518518518519 0.06255208333333333 0.3164814814814815
0 0.38296875 0.5309722222222223 0.07312500000000001 0.3119444444444444
0 0.6034114583333334 0.6610648148148148 0.10276041666666667 0.5595370370370369
0 0.270078125 0.564861111111111 0.08546875 0.30546296296296294
0 0.47023437500000004 0.48629629629629634 0.031927083333333335 0.16
0 0.44890625000000006 0.4734259259259259 0.030416666666666665 0.07037037037037037
0 0.3127083333333333 0.5351388888888889 0.05322916666666667 0.2773148148148148
0 0.42804687499999994 0.4693981481481481 0.02921875 0.056574074074074075
0 0.5500260416666667 0.6300925925925925 0.06244791666666667 0.47148148148148145
0 0.20867187499999998 0.48624999999999996 0.02411458333333333 0.10601851851851851
0 0.49898437500000004 0.49874999999999997 0.04265625 0.10657407407407407
