0 0.6526041666666667 0.08282407407407408 0.03239583333333333 0.1087962962962963
0 0.7895052083333333 0.13203703703703706 0.02890625 0.13685185185185186
0 0.2003125 0.18 0.028958333333333332 0.1685185185185185
0 0.9167187499999999 0.5206481481481481 0.040625 0.19685185185185183
0 0.2303125 0.8169907407407407 0.051770833333333335 0.25046296296296294
0 0.06955729166666666 0.4110185185185185 0.025989583333333333 0.1733333333333333
0 0.38122395833333333 0.0737962962962963 0.029114583333333333 0.14574074074074075
0 0.1638541666666667 0.19550925925925927 0.02875 0.15675925925925926
0 0.2928645833333334 0.13518518518518519 0.02666666666666667 0.15314814814814814
0 0.483359375 0.2838425925925926 0.04078125 0.17972222222222223
0 0.37861979166666665 0.24439814814814814 0.04067708333333333 0.10787037037037037
0 0.5740364583333334 0.21124999999999997 0.03609375 0.16398148148148148
0 0.7350520833333333 0.6382407407407407 0.054375 0.22666666666666668
0 0.24049479166666668 0.35703703703703704 0.03984375 0.20703703703703702
0 0.12778645833333332 0.19370370370370368 0.026197916666666664 0.15037037037037038
0 0.6383072916666668 0.23560185185185184 0.026197916666666664 0.15361111111111111
0 0.2646875 0.2434259259259259 0.0315625 0.1585185185185185
0 0.210390625 0.06342592592592593 0.025572916666666667 0.125
0 0.4402083333333333 0.3059722222222222 0.03114583333333333 0.16101851851851853
0 0.29268229166666665 0.3343055555555556 0.032864583333333336 0.19472222222222224
0 0.7038802083333333 0.25384259259259256 0.029322916666666664 0.1637962962962963
0 0.2625520833333333 0.11629629629629629 0.029062499999999998 0.14444444444444443
0 0.4184375000000001 0.29847222222222225 0.03197916666666666 0.1736111111111111
0 0.08700520833333333 0.6918055555555557 0.037031249999999995 0.19898148148148148
0 0.31276041666666665 0.3153703703703704 0.030000000000000002 0.1814814814814815
0 0.07372395833333334 0.6239351851851852 0.04296875 0.2350925925925926
0 0.24778645833333332 0.0637037037037037 0.025677083333333333 0.12166666666666667
0 0.5801302083333334 0.9288425925925926 0.04369791666666667 0.14416666666666667
