0 0.6526041666666667 0.08305555555555556 0.03239583333333333 0.10907407407407407
0 0.37835937499999994 0.24328703703703702 0.04130208333333333 0.1050925925925926
0 0.5020833333333333 0.06944444444444445 0.030312500000000003 0.13703703703703704
0 0.538203125 0.07296296296296298 0.027864583333333335 0.14333333333333334
0 0.2532552083333333 0.26884259259259263 0.03546875 0.18101851851851852
0 0.15708333333333335 0.27564814814814814 0.027708333333333335 0.1662962962962963
0 0.91734375 0.23222222222222222 0.03354166666666667 0.15018518518518517
0 0.14872395833333335 0.749537037037037 0.04838541666666667 0.23592592592592593
0 0.963515625 0.4397685185185185 0.04380208333333333 0.19990740740740742
0 0.20143229166666668 0.18435185185185185 0.028802083333333332 0.16444444444444445
0 0.9124479166666667 0.5208333333333334 0.05 0.19462962962962962
0 0.19346354166666666 0.7766203703703703 0.03755208333333333 0.22898148148148148
0 0.430859375 0.21736111111111112 0.02484375 0.1612037037037037
0 0.07635416666666667 0.4068055555555556 0.030208333333333334 0.17416666666666666
0 0.8 0.05282407407407408 0.030104166666666664 0.10250000000000001
0 0.8754947916666667 0.4140740740740741 0.031927083333333335 0.18407407407407408
0 0.4701302083333333 0.06314814814814815 0.02713541666666667 0.12444444444444445
0 0.8879166666666668 0.12944444444444445 0.033229166666666664 0.16092592592592594
0 0.13010416666666666 0.2012962962962963 0.0321875 0.14648148148148146
0 0.28510416666666666 0.15425925925925926 0.03166666666666666 0.16111111111111112
0 0.4454166666666666 0.6568518518518518 0.04833333333333333 0.2301851851851852
0 0.8227604166666665 0.675601851851852 0.03864583333333334 0.22490740740740742
0 0.40695312499999997 0.15435185185185185 0.02765625 0.13222222222222224
0 0.4971875 0.6871759259259259 0.0609375 0.2287962962962963
0 0.7925000000000001 0.6171296296296296 0.042395833333333334 0.19166666666666668
0 0.5345572916666667 0.6911111111111111 0.04682291666666667 0.20537037037037037
0 0.2517447916666667 0.12203703703703704 0.03890625 0.17314814814814813
0 0.22757812500000002 0.07611111111111112 0.02328125 0.14444444444444443
0 0.384765625 0.16314814814814813 0.02734375 0.15222222222222223
0 0.16291666666666668 0.19611111111111112 0.027291666666666665 0.15592592592592594
0 0.556796875 0.9274537037037037 0.04401041666666667 0.14694444444444443
0 0.23651041666666667 0.205 0.023958333333333335 0.14314814814814814
0 0.9133854166666666 0.13787037037037034 0.025625000000000002 0.14777777777777779
