0 0.21260416666666665 0.48310185185185184 0.026979166666666665 0.10712962962962963
0 0.44841145833333335 0.4730092592592593 0.02796875 0.07268518518518519
0 0.40580729166666674 0.5256481481481482 0.05828125 0.24425925925925926
0 0.509375 0.5427777777777778 0.07572916666666667 0.265
0 0.8819010416666667 0.6741203703703703 0.16515625 0.6536111111111111
0 0.341796875 0.46347222222222223 0.018177083333333333 0.08305555555555556
0 0.30700520833333333 0.46064814814814814 0.017552083333333336 0.07759259259259259
0 0.6227604166666667 0.45620370370370367 0.01875 0.0824074074074074
0 0.7440625 0.6804629629629629 0.11666666666666667 0.5868518518518518
0 0.56296875 0.5175 0.04791666666666667 0.22444444444444445
0 0.28802083333333334 0.46212962962962967 0.0153125 0.07055555555555555
0 0.37307291666666664 0.4748611111111111 0.022395833333333334 0.11657407407407408
0 0.246484375 0.4598148148148148 0.01296875 0.06703703703703705
0 0.9585677083333334 0.6088888888888889 0.08390625 0.4751851851851852
0 0.226015625 0.48162037037037037 0.026197916666666664 0.09083333333333332
0 0.583984375 0.4895833333333333 0.029739583333333333 0.15712962962962962
