0 0.83359375 0.5393518518518519 0.13302083333333334 0.6842592592592592
0 0.5952864583333334 0.3199074074074074 0.03453125 0.14777777777777779
0 0.44940104166666667 0.32439814814814816 0.03796875 0.1825
0 0.18213541666666666 0.32310185185185186 0.03729166666666666 0.18601851851851853
0 0.05190104166666666 0.28476851851851853 0.01932291666666667 0.09046296296296297
0 0.49546875 0.3101851851851852 0.026145833333333333 0.1225925925925926
0 0.39783854166666666 0.3073148148148149 0.02359375 0.11037037037037037
0 0.6187760416666667 0.2983796296296296 0.018802083333333334 0.11194444444444444
0 0.15627604166666667 0.3338888888888889 0.028489583333333336 0.1622222222222222
0 0.555078125 0.3063888888888889 0.023177083333333334 0.12166666666666667
0 0.07609375 0.3111111111111111 0.0265625 0.1274074074074074
0 0.35627604166666665 0.29050925925925924 0.012552083333333333 0.05731481481481481
0 0.9490104166666667 0.5414351851851852 0.10302083333333334 0.7332407407407407
0 0.513046875 0.283287037037037 0.013177083333333334 0.05305555555555555
0 0.3784114583333333 0.2924537037037037 0.022135416666666668 0.06805555555555555
0 0.47250000000000003 0.30726851851851855 0.022604166666666665 0.12990740740740742
