0 0.6524739583333333 0.08231481481481483 0.032135416666666666 0.1075925925925926
0 0.3815364583333334 0.07412037037037036 0.029114583333333333 0.14638888888888887
0 0.7890104166666666 0.13273148148148148 0.0284375 0.13675925925925925
0 0.19966145833333335 0.18185185185185185 0.028489583333333336 0.16148148148148148
0 0.23596354166666667 0.898287037037037 0.05390625 0.20527777777777775
0 0.23986979166666667 0.3937962962962963 0.04171875 0.21166666666666667
0 0.397421875 0.25675925925925924 0.03671875 0.1622222222222222
0 0.9168229166666666 0.52 0.0403125 0.19314814814814815
0 0.7352083333333334 0.6373611111111112 0.05510416666666666 0.22898148148148148
0 0.523828125 0.26708333333333334 0.03828125 0.1739814814814815
0 0.28013020833333335 0.28944444444444445 0.038177083333333334 0.18388888888888888
0 0.6454427083333333 0.22712962962962965 0.030885416666666665 0.16185185185185186
0 0.07580729166666668 0.6237037037037038 0.044947916666666664 0.23351851851851851
0 0.16778645833333336 0.19643518518518518 0.02765625 0.15824074074074074
0 0.03036458333333333 0.7584722222222222 0.035416666666666666 0.21064814814814814
0 0.12263020833333332 0.19717592592592592 0.026302083333333334 0.15231481481481482
0 0.6877604166666667 0.2635648148148148 0.024583333333333336 0.15583333333333335
0 0.074921875 0.4167592592592593 0.024947916666666667 0.17777777777777778
0 0.241796875 0.0849074074074074 0.02765625 0.14851851851851852
0 0.29325520833333335 0.1361111111111111 0.02546875 0.15592592592592594
0 0.751171875 0.27046296296296296 0.031614583333333335 0.17851851851851852
0 0.209609375 0.09111111111111111 0.02765625 0.14685185185185184
0 0.7789322916666667 0.2575 0.029114583333333333 0.1625925925925926
0 0.14888020833333335 0.16939814814814813 0.03171875 0.16916666666666666
0 0.46752604166666667 0.2684259259259259 0.029531250000000002 0.15462962962962962
0 0.4471614583333334 0.25787037037037036 0.03328125 0.16777777777777778
0 0.2655989583333333 0.19874999999999998 0.029322916666666664 0.14824074074074073
0 0.42992187499999995 0.2227314814814815 0.031302083333333335 0.15787037037037038
0 0.26674479166666665 0.10875 0.028281249999999997 0.1499074074074074
