0 0.6523697916666668 0.08361111111111111 0.031927083333333335 0.10981481481481481
0 0.37822916666666667 0.24375 0.041875 0.10435185185185185
0 0.22395833333333334 0.6186574074074074 0.050312499999999996 0.2225
0 0.7909114583333333 0.1311111111111111 0.02796875 0.13814814814814813
0 0.43049479166666665 0.22087962962962965 0.03078125 0.1676851851851852
0 0.19958333333333333 0.18157407407407408 0.027916666666666666 0.16703703703703704
0 0.38169270833333335 0.07439814814814814 0.028802083333333332 0.14694444444444443
0 0.24643229166666666 0.2716203703703704 0.039739583333333335 0.19879629629629628
0 0.164609375 0.19694444444444442 0.028489583333333336 0.16
0 0.83765625 0.06625 0.03104166666666667 0.1300925925925926
0 0.06989583333333332 0.4124537037037037 0.026145833333333333 0.1763888888888889
0 0.12466145833333334 0.19453703703703706 0.029114583333333333 0.15537037037037038
0 0.628671875 0.19305555555555556 0.025572916666666667 0.14240740740740743
0 0.9165625 0.52125 0.04041666666666666 0.19546296296296295
0 0.734765625 0.63875 0.054114583333333334 0.22490740740740742
0 0.5901302083333333 0.2011111111111111 0.03328125 0.16944444444444445
0 0.28184895833333334 0.19328703703703703 0.025052083333333332 0.16268518518518518
0 0.4974739583333333 0.20342592592592593 0.03911458333333333 0.16499999999999998
0 0.2825520833333333 0.41939814814814813 0.036562500000000005 0.2023148148148148
0 0.12953125000000001 0.5521759259259259 0.0315625 0.18972222222222224
0 0.4532552083333333 0.3961574074074074 0.03890625 0.1786111111111111
0 0.10895833333333332 0.7606018518518518 0.05333333333333334 0.24101851851851852
0 0.4244010416666667 0.3926851851851852 0.03828125 0.19277777777777777
0 0.323828125 0.4150462962962963 0.03171875 0.18101851851851852
0 0.07830729166666667 0.7026851851851852 0.04692708333333333 0.23592592592592593
0 0.506015625 0.9181481481481482 0.037760416666666664 0.16555555555555557
