0 0.37856770833333336 0.24337962962962964 0.04130208333333333 0.10435185185185185
0 0.7870833333333334 0.07060185185185185 0.03145833333333333 0.1350925925925926
0 0.301484375 0.1840277777777778 0.032552083333333336 0.1612037037037037
0 0.6231770833333333 0.05768518518518518 0.036145833333333335 0.11351851851851852
0 0.9163020833333333 0.5191203703703704 0.051041666666666666 0.19342592592592592
0 0.4344791666666667 0.21407407407407406 0.03395833333333333 0.16074074074074074
0 0.6527864583333334 0.08310185185185186 0.03244791666666667 0.1149074074074074
0 0.20033854166666665 0.18416666666666665 0.02671875 0.1575925925925926
0 0.1903125 0.40300925925925923 0.0359375 0.1915740740740741
0 0.8595572916666666 0.24550925925925923 0.03786458333333333 0.17324074074074072
0 0.8459375 0.6550925925925926 0.05 0.21907407407407406
0 0.25578125 0.6080092592592592 0.0440625 0.22805555555555557
0 0.4035416666666667 0.14606481481481481 0.024166666666666666 0.14472222222222222
0 0.15682291666666667 0.30217592592592596 0.03125 0.16564814814814816
0 0.22869791666666667 0.07356481481481482 0.030312500000000003 0.14527777777777778
0 0.12861979166666665 0.2971759259259259 0.029427083333333333 0.1884259259259259
0 0.2577864583333333 0.1788425925925926 0.024739583333333332 0.1628703703703704
0 0.23601562499999998 0.18453703703703705 0.028593749999999998 0.14925925925925926
0 0.1637239583333333 0.19458333333333333 0.02703125 0.15675925925925926
0 0.7742968749999999 0.9221759259259259 0.045885416666666665 0.1575
0 0.19778645833333333 0.06773148148148149 0.027760416666666666 0.13361111111111112
0 0.7321875 0.9333333333333333 0.044375000000000005 0.13518518518518519
0 0.48385416666666664 0.9311111111111111 0.03677083333333333 0.13962962962962963
