0 0.8845572916666667 0.5783333333333334 0.039531250000000004 0.1312962962962963
0 0.7084374999999999 0.5756481481481482 0.0271875 0.1262962962962963
0 0.08268229166666667 0.5851388888888889 0.013802083333333333 0.07527777777777778
0 0.4636458333333333 0.524212962962963 0.0134375 0.05824074074074074
0 0.5381770833333334 0.5241203703703704 0.015416666666666667 0.06287037037037038
0 0.43333333333333335 0.5063425925925926 0.008437499999999999 0.041944444444444444
0 0.625078125 0.5651388888888889 0.02723958333333333 0.11305555555555555
0 0.5828645833333334 0.5390740740740741 0.0153125 0.07537037037037038
0 0.031197916666666665 0.5740740740740741 0.015625 0.08
0 0.013723958333333335 0.5776851851851853 0.016927083333333332 0.08
0 0.022473958333333332 0.5762962962962963 0.015364583333333333 0.08074074074074074
0 0.5140104166666667 0.523287037037037 0.013020833333333334 0.060648148148148145
0 0.573515625 0.5368055555555555 0.014635416666666668 0.06972222222222221
0 0.527109375 0.5241666666666667 0.013072916666666667 0.058333333333333334
0 0.5479427083333334 0.5252777777777777 0.014427083333333333 0.06351851851851852
