0 0.8631770833333333 0.5982407407407407 0.030000000000000002 0.155
0 0.211015625 0.5774074074074075 0.026093750000000002 0.11592592592592593
0 0.18734375 0.5743981481481482 0.025416666666666664 0.11842592592592593
0 0.8976041666666666 0.5350925925925926 0.02041666666666667 0.09240740740740741
0 0.930546875 0.555787037037037 0.02390625 0.09416666666666666
0 0.38807291666666666 0.49550925925925926 0.0115625 0.05212962962962963
0 0.7315625 0.5024074074074074 0.013125 0.0575925925925926
0 0.4254166666666667 0.5022222222222222 0.010624999999999999 0.04962962962962963
0 0.666640625 0.4879166666666667 0.013072916666666667 0.04675925925925926
0 0.7778385416666667 0.495462962962963 0.01171875 0.051111111111111114
0 0.29192708333333334 0.5543055555555555 0.020104166666666666 0.0912037037037037
0 0.31158854166666666 0.5502314814814815 0.01921875 0.1000925925925926
0 0.5396354166666666 0.4735648148148149 0.008645833333333333 0.031203703703703706
0 0.6432291666666666 0.4780555555555555 0.009270833333333334 0.039629629629629626
0 0.8266145833333333 0.5014351851851853 0.011979166666666667 0.051759259259259255
0 0.2728645833333333 0.5542592592592592 0.018125 0.08611111111111111
0 0.8726041666666666 0.5016666666666667 0.013854166666666667 0.04925925925925926
0 0.26307291666666666 0.551574074074074 0.0153125 0.07833333333333332
0 0.6537760416666667 0.48148148148148145 0.010677083333333334 0.03944444444444445
0 0.8657291666666667 0.49898148148148147 0.012708333333333332 0.04740740740740741
0 0.8365625 0.5020833333333333 0.011770833333333335 0.04842592592592592
0 0.412421875 0.4993518518518518 0.010052083333333333 0.04611111111111111
0 0.7221875000000001 0.49504629629629626 0.012395833333333333 0.04842592592592592
0 0.25481770833333334 0.5444907407407407 0.014427083333333333 0.07157407407407407
0 0.418984375 0.5004166666666667 0.010364583333333333 0.047870370370370376
0 0.8871354166666666 0.509074074074074 0.011979166666666667 0.05
0 0.8197916666666667 0.5000462962962963 0.011354166666666667 0.04675925925925926
0 0.5352604166666667 0.47064814814814815 0.007916666666666666 0.030740740740740742
