0 0.3652864583333333 0.4060185185185185 0.01984375 0.1061111111111111
0 0.026640624999999998 0.45629629629629626 0.04984375 0.22111111111111112
0 0.4884375 0.43439814814814814 0.03770833333333334 0.1599074074074074
0 0.43080729166666665 0.40935185185185186 0.02744791666666667 0.12296296296296297
0 0.24518229166666666 0.41759259259259257 0.03307291666666667 0.13462962962962963
0 0.1153125 0.430787037037037 0.030312500000000003 0.1337962962962963
0 0.5165104166666666 0.40791666666666665 0.026354166666666668 0.13435185185185183
0 0.3265885416666666 0.40050925925925923 0.01984375 0.0475
0 0.7300520833333333 0.4163888888888889 0.0271875 0.1288888888888889
0 0.063046875 0.4217592592592593 0.017864583333333333 0.09481481481481482
0 0.46270833333333333 0.4009259259259259 0.018020833333333333 0.10388888888888889
0 0.965234375 0.5916666666666667 0.07057291666666667 0.5424074074074073
0 0.22130208333333334 0.4100925925925926 0.013125 0.07648148148148147
0 0.38382812499999996 0.38699074074074075 0.013177083333333334 0.05935185185185184
0 0.21151041666666667 0.4123611111111111 0.011770833333333335 0.07194444444444445
0 0.3477864583333333 0.3985648148148148 0.018072916666666668 0.0612037037037037
