0 0.8695833333333334 0.6064814814814815 0.030416666666666665 0.15388888888888888
0 0.204765625 0.5755555555555556 0.026406250000000003 0.11833333333333333
0 0.17888020833333332 0.5736111111111111 0.026614583333333334 0.11851851851851852
0 0.8996875000000001 0.5373611111111111 0.019791666666666666 0.0936111111111111
0 0.9381770833333333 0.5596759259259259 0.022916666666666665 0.09564814814814815
0 0.3841145833333333 0.4946296296296297 0.0109375 0.05185185185185185
0 0.7315104166666667 0.5050925925925925 0.013645833333333333 0.06
0 0.8220312500000001 0.506712962962963 0.012395833333333333 0.050462962962962966
0 0.4215885416666667 0.5011111111111112 0.010364583333333333 0.051111111111111114
0 0.28513020833333336 0.5551851851851852 0.02109375 0.09111111111111111
0 0.5352864583333333 0.47291666666666665 0.00796875 0.03231481481481481
0 0.30541666666666667 0.55 0.018229166666666668 0.0987037037037037
0 0.6634114583333334 0.4885648148148148 0.012552083333333333 0.04398148148148148
0 0.25692708333333336 0.5545370370370372 0.01583333333333333 0.07722222222222223
0 0.6456770833333334 0.4794444444444444 0.009791666666666667 0.037222222222222226
0 0.26614583333333336 0.55625 0.013541666666666667 0.08324074074074074
0 0.7180208333333333 0.49601851851851847 0.012083333333333333 0.04962962962962963
0 0.655703125 0.4850462962962963 0.010989583333333334 0.03935185185185185
0 0.833359375 0.5041666666666667 0.011822916666666666 0.05037037037037037
0 0.7241927083333334 0.5015277777777779 0.012135416666666668 0.05268518518518518
0 0.776796875 0.49851851851851847 0.009947916666666667 0.04740740740740741
0 0.640390625 0.47537037037037033 0.009635416666666667 0.03944444444444445
0 0.24281250000000001 0.5495833333333334 0.013645833333333333 0.06453703703703705
