0 0.6464583333333334 0.37694444444444447 0.030520833333333334 0.13444444444444442
0 0.451015625 0.38162037037037033 0.03453125 0.16657407407407407
0 0.8275 0.39138888888888895 0.052083333333333336 0.22055555555555553
0 0.5983593749999999 0.3527314814814815 0.017239583333333332 0.0687962962962963
0 0.4884114583333333 0.3875462962962963 0.032135416666666666 0.15435185185185185
0 0.566796875 0.40425925925925926 0.03661458333333333 0.10833333333333334
0 0.5427864583333333 0.3975925925925926 0.03369791666666667 0.11314814814814815
0 0.363203125 0.35124999999999995 0.014531249999999999 0.05398148148148148
0 0.42473958333333334 0.3564351851851852 0.018229166666666668 0.06398148148148147
0 0.38221354166666666 0.34842592592592586 0.012343749999999999 0.04703703703703704
0 0.6181510416666666 0.35337962962962965 0.01546875 0.061759259259259264
0 0.6077343749999999 0.34847222222222224 0.012552083333333333 0.0723148148148148
