0 0.13458333333333333 0.5420833333333334 0.06989583333333332 0.2700925925925926
0 0.587265625 0.4926851851851852 0.03671875 0.15962962962962962
0 0.666796875 0.5365740740740741 0.05890625 0.29703703703703704
0 0.041171875 0.5136574074074074 0.04869791666666667 0.18601851851851853
0 0.4763802083333334 0.4640740740740741 0.024427083333333332 0.11166666666666666
0 0.08627604166666666 0.5161574074074075 0.03369791666666667 0.1673148148148148
0 0.4527083333333334 0.47111111111111115 0.02041666666666667 0.10018518518518518
0 0.43442708333333335 0.45435185185185184 0.017395833333333333 0.08425925925925926
0 0.39088541666666665 0.45523148148148146 0.0140625 0.06435185185185185
0 0.2822395833333333 0.4635648148148148 0.012395833333333333 0.07064814814814814
0 0.2305208333333333 0.4561111111111111 0.011666666666666665 0.05444444444444444
0 0.23760416666666667 0.45587962962962963 0.011250000000000001 0.05805555555555556
0 0.24380208333333334 0.4557407407407407 0.011770833333333335 0.06
0 0.2724739583333333 0.45976851851851847 0.011927083333333333 0.06694444444444445
0 0.25786458333333334 0.4561574074074074 0.024583333333333336 0.06601851851851852
0 0.6934895833333333 0.47856481481481483 0.022083333333333333 0.11935185185185186
