0 0.8555989583333333 0.5856481481481481 0.028697916666666667 0.1411111111111111
0 0.19578125000000002 0.5825 0.0253125 0.1175925925925926
0 0.8937239583333334 0.5273611111111112 0.01942708333333333 0.09231481481481482
0 0.22257812500000002 0.5842592592592593 0.025260416666666667 0.11222222222222222
0 0.9245312499999999 0.5476388888888889 0.020625 0.09509259259259259
0 0.7326041666666666 0.4951388888888889 0.0125 0.05472222222222222
0 0.4295833333333333 0.5044444444444444 0.010833333333333334 0.050555555555555555
0 0.6692447916666667 0.4850462962962963 0.01265625 0.04379629629629629
0 0.2998177083333333 0.5577777777777777 0.01963541666666667 0.09166666666666666
0 0.3930208333333333 0.4988425925925926 0.011666666666666665 0.04805555555555555
0 0.779453125 0.4852777777777778 0.011197916666666667 0.05037037037037037
0 0.5428385416666667 0.4743981481481482 0.008697916666666666 0.02935185185185185
0 0.6460416666666667 0.47453703703703703 0.0090625 0.03796296296296296
0 0.3209635416666667 0.5508333333333333 0.016927083333333332 0.09314814814814815
0 0.8260416666666667 0.49504629629629626 0.011770833333333335 0.05138888888888889
0 0.27369791666666665 0.5560185185185185 0.0159375 0.0762962962962963
0 0.8731510416666667 0.49050925925925926 0.015364583333333333 0.05787037037037037
0 0.8334895833333333 0.4944907407407407 0.012708333333333332 0.04953703703703704
0 0.6530208333333334 0.4768055555555556 0.0103125 0.03916666666666666
0 0.4044010416666667 0.4986574074074074 0.01078125 0.04972222222222222
0 0.8846614583333333 0.5051851851851852 0.015572916666666665 0.06611111111111112
0 0.6609114583333332 0.4818055555555556 0.011822916666666666 0.038240740740740735
0 0.8155729166666668 0.4927777777777778 0.011145833333333332 0.04833333333333334
0 0.26005208333333335 0.554537037037037 0.012291666666666668 0.06851851851851852
0 0.7720833333333332 0.482962962962963 0.009479166666666667 0.04518518518518518
0 0.9460416666666667 0.5409722222222222 0.01583333333333333 0.07546296296296297
