0 0.6523958333333333 0.08236111111111111 0.03239583333333333 0.10953703703703703
0 0.37835937499999994 0.24328703703703702 0.04067708333333333 0.10564814814814814
0 0.16440104166666666 0.6276851851851851 0.04192708333333333 0.2212962962962963
0 0.564921875 0.6205555555555555 0.05015625 0.22648148148148148
0 0.4290364583333333 0.20759259259259258 0.03369791666666667 0.16537037037037036
0 0.8666666666666667 0.07527777777777778 0.029270833333333336 0.14629629629629629
0 0.9171875 0.5186111111111111 0.03895833333333333 0.1974074074074074
0 0.8467708333333335 0.6547222222222221 0.0525 0.2172222222222222
0 0.30627604166666667 0.1887037037037037 0.032864583333333336 0.16148148148148148
0 0.2425 0.3278240740740741 0.029062499999999998 0.18009259259259258
0 0.7844531250000001 0.1125 0.030677083333333334 0.14629629629629629
0 0.7547916666666666 0.11162037037037037 0.026875 0.14916666666666667
0 0.4063541666666667 0.1412037037037037 0.0296875 0.15018518518518517
0 0.16739583333333333 0.24212962962962964 0.036458333333333336 0.18222222222222223
0 0.262265625 0.19527777777777777 0.03057291666666667 0.16333333333333333
0 0.21408854166666666 0.3261574074074074 0.038489583333333334 0.16175925925925924
0 0.5227604166666667 0.6356018518518519 0.0390625 0.2200925925925926
0 0.13684895833333333 0.20157407407407407 0.025572916666666667 0.15462962962962962
0 0.23557291666666666 0.19083333333333335 0.030208333333333334 0.16333333333333333
0 0.19406249999999997 0.24157407407407405 0.02625 0.16314814814814813
