0 0.44885416666666667 0.4741666666666667 0.027916666666666666 0.07166666666666667
0 0.18869791666666666 0.5718055555555556 0.10552083333333333 0.37916666666666665
0 0.6073177083333333 0.6598148148148147 0.10286458333333333 0.5479629629629629
0 0.26242187499999997 0.4718981481481482 0.01765625 0.10379629629629629
0 0.5111458333333334 0.6341203703703704 0.07885416666666667 0.48564814814814816
0 0.04471354166666667 0.5723148148148148 0.07911458333333334 0.31851851851851853
0 0.429375 0.4697685185185185 0.029270833333333336 0.05861111111111111
0 0.7890885416666666 0.4565277777777778 0.02744791666666667 0.10435185185185185
0 0.3497916666666666 0.46296296296296297 0.013854166666666667 0.06888888888888889
0 0.33669270833333337 0.4557407407407407 0.012760416666666666 0.05907407407407407
0 0.3077083333333333 0.4527314814814815 0.011770833333333335 0.05435185185185185
0 0.29651041666666667 0.4536574074074074 0.010416666666666666 0.054907407407407405
0 0.3265625 0.4521759259259259 0.020625 0.05805555555555556
0 0.28815104166666666 0.45361111111111113 0.018072916666666668 0.05888888888888889
