0 0.6523177083333334 0.08300925925925927 0.03203125 0.11027777777777777
0 0.7940364583333334 0.06282407407407407 0.031197916666666665 0.12379629629629628
0 0.37838541666666664 0.24449074074074076 0.04177083333333333 0.10546296296296297
0 0.5338802083333333 0.05856481481481481 0.028489583333333336 0.11527777777777778
0 0.22388020833333336 0.2548148148148148 0.033177083333333336 0.17222222222222222
0 0.09786458333333332 0.3918055555555555 0.034583333333333334 0.17583333333333334
0 0.9039322916666667 0.6766666666666666 0.046406249999999996 0.19962962962962963
0 0.18815104166666666 0.23726851851851852 0.026822916666666665 0.15787037037037038
0 0.8870052083333333 0.10189814814814814 0.028593749999999998 0.15805555555555553
0 0.49981770833333333 0.05666666666666667 0.029010416666666667 0.11148148148148149
0 0.25830729166666666 0.21574074074074073 0.038593749999999996 0.17722222222222223
0 0.4733854166666667 0.05851851851851852 0.026770833333333334 0.11425925925925927
0 0.426328125 0.21314814814814814 0.02984375 0.16499999999999998
0 0.9165364583333333 0.5223148148148148 0.04265625 0.1912962962962963
0 0.855859375 0.3710185185185186 0.032864583333333336 0.1835185185185185
0 0.8555729166666667 0.09555555555555556 0.028854166666666667 0.16333333333333333
0 0.9172916666666666 0.3948148148148148 0.04958333333333333 0.18
0 0.44973958333333336 0.6823611111111112 0.0384375 0.23768518518518517
0 0.830625 0.6650462962962963 0.03760416666666667 0.2200925925925926
0 0.5204687499999999 0.7612962962962962 0.06447916666666667 0.23870370370370372
0 0.12942708333333333 0.19953703703703704 0.03270833333333333 0.1496296296296296
0 0.16921875 0.8573611111111111 0.04052083333333333 0.23879629629629628
0 0.979296875 0.27194444444444443 0.039427083333333335 0.18537037037037035
0 0.1642708333333333 0.19296296296296298 0.0275 0.1637037037037037
0 0.1294010416666667 0.8371296296296297 0.04807291666666667 0.2518518518518518
0 0.28294270833333335 0.16666666666666666 0.029322916666666664 0.16
0 0.39520833333333333 0.16472222222222221 0.03520833333333333 0.14944444444444446
0 0.2536979166666667 0.08935185185185185 0.0378125 0.16777777777777778
0 0.92625 0.26694444444444443 0.030625 0.16185185185185186
0 0.21966145833333334 0.09652777777777778 0.025260416666666667 0.1502777777777778
0 0.558359375 0.7802777777777777 0.038802083333333334 0.22833333333333333
0 0.5626822916666666 0.9338888888888889 0.039322916666666666 0.1340740740740741
0 0.20070312499999998 0.18699074074074074 0.023385416666666665 0.1699074074074074
