0 0.6521875 0.0824537037037037 0.03229166666666667 0.11046296296296296
0 0.37846354166666674 0.24319444444444444 0.041093750000000005 0.10490740740740741
0 0.5817708333333333 0.07208333333333333 0.03229166666666667 0.1423148148148148
0 0.7858333333333333 0.1527777777777778 0.030729166666666665 0.14222222222222222
0 0.43315104166666674 0.20944444444444446 0.038489583333333334 0.16092592592592594
0 0.26049479166666667 0.061759259259259264 0.02453125 0.11888888888888889
0 0.9172395833333333 0.5191203703703704 0.040625 0.2000925925925926
0 0.847265625 0.6551851851851852 0.053802083333333334 0.21851851851851853
0 0.175625 0.24064814814814814 0.036875 0.1811111111111111
0 0.30640625000000005 0.1903240740740741 0.030833333333333334 0.16398148148148148
0 0.17026041666666666 0.7131481481481482 0.04375 0.23796296296296296
0 0.4848177083333333 0.5513425925925926 0.03734375 0.2149074074074074
0 0.26554687499999996 0.23986111111111108 0.03171875 0.1673148148148148
0 0.195703125 0.38365740740740745 0.04255208333333334 0.17009259259259257
0 0.8359635416666666 0.09916666666666667 0.02890625 0.13944444444444443
0 0.7536718750000001 0.07625 0.02723958333333333 0.14416666666666667
0 0.8959635416666667 0.12939814814814815 0.02671875 0.15435185185185185
0 0.40677083333333336 0.14199074074074072 0.029166666666666667 0.15064814814814814
0 0.5305989583333334 0.5347685185185185 0.03609375 0.21435185185185185
0 0.14609375 0.057916666666666665 0.02822916666666667 0.11398148148148148
0 0.23776041666666667 0.3789814814814815 0.028854166666666667 0.18925925925925927
0 0.22749999999999998 0.2363888888888889 0.030625 0.16462962962962965
0 0.138515625 0.19805555555555554 0.026822916666666665 0.15592592592592594
0 0.9404427083333332 0.7412037037037037 0.048802083333333336 0.21833333333333335
0 0.7949739583333333 0.0763888888888889 0.029010416666666667 0.14092592592592593
