0 0.6524739583333333 0.08342592592592592 0.032864583333333336 0.1087037037037037
0 0.8536458333333333 0.07513888888888888 0.034791666666666665 0.13805555555555554
0 0.37822916666666667 0.24361111111111114 0.04125 0.10388888888888889
0 0.7851302083333334 0.12282407407407409 0.028177083333333335 0.13935185185185187
0 0.22731770833333337 0.5844907407407407 0.046197916666666665 0.22675925925925927
0 0.16411458333333334 0.1975 0.029479166666666667 0.1590740740740741
0 0.43070312499999996 0.22162037037037038 0.031302083333333335 0.1628703703703704
0 0.12497395833333333 0.1948611111111111 0.029114583333333333 0.1539814814814815
0 0.1991666666666667 0.18175925925925926 0.027708333333333335 0.16796296296296298
0 0.7455729166666667 0.6363888888888889 0.0540625 0.21925925925925926
0 0.916484375 0.52125 0.04057291666666667 0.19490740740740742
0 0.132890625 0.5180092592592593 0.031510416666666666 0.18398148148148147
0 0.6119791666666666 0.1798611111111111 0.026979166666666665 0.15212962962962964
0 0.381015625 0.07347222222222222 0.02796875 0.1449074074074074
0 0.06971354166666667 0.41259259259259257 0.02671875 0.17722222222222223
0 0.25419270833333335 0.2542592592592593 0.03911458333333333 0.1938888888888889
0 0.13955729166666667 0.8018055555555555 0.04796875 0.24175925925925928
0 0.50625 0.18546296296296297 0.036875 0.16740740740740742
0 0.5732291666666666 0.1903240740740741 0.029479166666666667 0.16546296296296295
0 0.08958333333333333 0.642037037037037 0.04375 0.21388888888888888
0 0.282109375 0.19185185185185183 0.028802083333333332 0.16666666666666666
0 0.2738020833333333 0.44597222222222227 0.03989583333333333 0.2121296296296296
0 0.46677083333333336 0.41837962962962966 0.04177083333333333 0.18287037037037038
0 0.4345572916666666 0.4174074074074074 0.04380208333333333 0.19296296296296298
0 0.31947916666666665 0.4492129629629629 0.034166666666666665 0.19398148148148148
0 0.4833854166666667 0.17208333333333337 0.025625000000000002 0.1400925925925926
0 0.41158854166666664 0.17120370370370372 0.026614583333333334 0.15555555555555556
0 0.5044270833333333 0.9201388888888888 0.04010416666666667 0.16157407407407406
