0 0.6522656250000001 0.08259259259259258 0.032239583333333335 0.10981481481481481
0 0.3786197916666667 0.24337962962962964 0.040989583333333336 0.1050925925925926
0 0.43453125 0.20972222222222223 0.04 0.1625925925925926
0 0.7840885416666666 0.1411111111111111 0.03203125 0.14703703703703705
0 0.2628385416666667 0.05981481481481481 0.025572916666666667 0.1174074074074074
0 0.5806510416666666 0.06513888888888889 0.028697916666666667 0.1275
0 0.9170312500000001 0.5185185185185185 0.04114583333333333 0.19722222222222222
0 0.19731770833333334 0.37287037037037035 0.04328125 0.16944444444444445
0 0.8473697916666667 0.6559722222222222 0.05359375 0.21787037037037038
0 0.8935937500000001 0.1175925925925926 0.0278125 0.14981481481481482
0 0.5360677083333333 0.5479166666666667 0.041093750000000005 0.22083333333333333
0 0.166796875 0.6976851851851852 0.045572916666666664 0.23666666666666666
0 0.3061718749999999 0.18916666666666668 0.031302083333333335 0.16185185185185186
0 0.26434895833333333 0.23046296296296298 0.03140625 0.16925925925925928
0 0.17416666666666666 0.2388888888888889 0.036145833333333335 0.17888888888888888
0 0.83546875 0.08513888888888889 0.0253125 0.13361111111111112
0 0.40622395833333336 0.1413425925925926 0.028593749999999998 0.15046296296296297
0 0.48940104166666665 0.5594444444444444 0.03630208333333333 0.2061111111111111
0 0.23869791666666668 0.3712962962962963 0.029375 0.19333333333333336
0 0.7510677083333334 0.08625000000000001 0.025989583333333333 0.1412037037037037
0 0.13820312499999998 0.1999074074074074 0.02723958333333333 0.15333333333333332
0 0.14625000000000002 0.05620370370370371 0.028333333333333332 0.11055555555555556
0 0.23039062500000002 0.22777777777777777 0.030989583333333334 0.16296296296296298
