0 0.80265625 0.5579629629629629 0.12375 0.6803703703703703
0 0.3311979166666667 0.35268518518518516 0.0496875 0.2011111111111111
0 0.933828125 0.5617592592592593 0.13338541666666667 0.7255555555555556
0 0.5913541666666666 0.34870370370370374 0.034166666666666665 0.15425925925925926
0 0.6219010416666666 0.3296759259259259 0.01921875 0.1150925925925926
0 0.44903645833333333 0.3300925925925926 0.02578125 0.11259259259259259
0 0.09541666666666668 0.30972222222222223 0.017604166666666664 0.0811111111111111
0 0.47911458333333334 0.34495370370370365 0.035729166666666666 0.16601851851851854
0 0.560546875 0.33152777777777775 0.02234375 0.1247222222222222
0 0.281953125 0.32819444444444446 0.025989583333333333 0.11027777777777777
0 0.11684895833333334 0.33569444444444446 0.02578125 0.11712962962962963
0 0.4062760416666667 0.3106481481481482 0.011822916666666666 0.05685185185185185
0 0.2296875 0.3477314814814815 0.03260416666666667 0.16435185185185186
0 0.37390625 0.31527777777777777 0.011875 0.05462962962962963
0 0.39377604166666663 0.31277777777777777 0.01203125 0.055
0 0.5230729166666667 0.31157407407407406 0.011666666666666665 0.05388888888888889
0 0.5350781250000001 0.31 0.013177083333333334 0.050555555555555555
0 0.541796875 0.3125 0.014635416666666668 0.06296296296296296
0 0.10403645833333333 0.3245833333333333 0.020364583333333335 0.10398148148148148
0 0.4988541666666667 0.3348611111111111 0.0209375 0.11694444444444445
