0 0.5010677083333334 0.49907407407407406 0.05161458333333333 0.1037037037037037
0 0.44940104166666667 0.47337962962962965 0.028281249999999997 0.07120370370370371
0 0.27945312499999997 0.5567129629629629 0.05838541666666666 0.28953703703703704
0 0.7817708333333333 0.45754629629629634 0.03302083333333333 0.12046296296296295
0 0.20640625 0.4622222222222222 0.022708333333333334 0.09759259259259259
0 0.3453385416666667 0.5369907407407408 0.04682291666666667 0.2571296296296296
0 0.6648958333333334 0.4612962962962963 0.0184375 0.09462962962962963
0 0.5358333333333333 0.4616203703703704 0.0215625 0.1062037037037037
0 0.22864583333333333 0.4639814814814815 0.022291666666666664 0.08074074074074074
0 0.9393750000000001 0.5889814814814816 0.12229166666666667 0.45166666666666666
0 0.42942708333333335 0.46907407407407403 0.029791666666666668 0.05592592592592593
0 0.5590885416666667 0.4996759259259259 0.021302083333333333 0.10361111111111111
0 0.5822916666666667 0.4549537037037037 0.021666666666666667 0.10212962962962963
0 0.576796875 0.49995370370370373 0.017447916666666667 0.10953703703703703
0 0.31330729166666665 0.4893055555555556 0.017760416666666667 0.12175925925925926
0 0.37414062499999995 0.5288888888888889 0.030260416666666668 0.18481481481481482
