0 0.6522916666666667 0.08199074074074074 0.0325 0.10990740740740741
0 0.37838541666666664 0.2434259259259259 0.040937499999999995 0.10537037037037036
0 0.8691145833333334 0.07703703703703704 0.030000000000000002 0.14666666666666667
0 0.4298177083333333 0.2087037037037037 0.03546875 0.16833333333333333
0 0.3065104166666667 0.18958333333333333 0.03229166666666667 0.16324074074074074
0 0.16401041666666666 0.6368055555555555 0.04291666666666667 0.2273148148148148
0 0.5634895833333332 0.6169444444444445 0.049791666666666665 0.2253703703703704
0 0.8470052083333334 0.654074074074074 0.053385416666666664 0.21907407407407406
0 0.7844010416666668 0.11476851851851852 0.030885416666666665 0.14564814814814817
0 0.9169531250000001 0.518287037037037 0.039739583333333335 0.19805555555555557
0 0.4067447916666666 0.14152777777777778 0.02984375 0.15064814814814814
0 0.21130208333333333 0.3349537037037037 0.045000000000000005 0.16620370370370371
0 0.7545572916666666 0.10874999999999999 0.02546875 0.1436111111111111
0 0.13768229166666668 0.19981481481481483 0.026406250000000003 0.15166666666666667
0 0.24221354166666667 0.3286111111111111 0.028593749999999998 0.17944444444444446
0 0.16934895833333335 0.24217592592592588 0.03546875 0.1849074074074074
0 0.5183072916666667 0.6296296296296297 0.038072916666666665 0.21888888888888888
0 0.2625 0.19837962962962963 0.0309375 0.16453703703703704
0 0.234921875 0.1948611111111111 0.029635416666666668 0.16231481481481483
0 0.145703125 0.056527777777777774 0.028593749999999998 0.1112037037037037
0 0.1940364583333333 0.24097222222222223 0.02359375 0.1650925925925926
