0 0.6473177083333332 0.08342592592592592 0.037760416666666664 0.11296296296296296
0 0.378359375 0.24328703703703702 0.04203125 0.10416666666666667
0 0.2242708333333333 0.4575925925925926 0.0465625 0.22037037037037038
0 0.38117187499999994 0.07407407407407407 0.02921875 0.1448148148148148
0 0.7888802083333334 0.1340740740740741 0.028802083333333332 0.1388888888888889
0 0.7365885416666667 0.637824074074074 0.054218749999999996 0.22583333333333333
0 0.9175260416666666 0.5200462962962963 0.03911458333333333 0.1963888888888889
0 0.2783072916666667 0.24074074074074073 0.04515625 0.17703703703703702
0 0.124375 0.19370370370370368 0.024895833333333332 0.15055555555555555
0 0.5273177083333334 0.2673148148148148 0.040364583333333336 0.16518518518518518
0 0.4302864583333334 0.2190277777777778 0.03276041666666667 0.16157407407407406
0 0.11669270833333334 0.43393518518518515 0.03494791666666666 0.1826851851851852
0 0.075390625 0.6234722222222221 0.04442708333333333 0.23435185185185184
0 0.19921875 0.18185185185185185 0.0278125 0.16648148148148148
0 0.16182291666666665 0.19370370370370368 0.028333333333333332 0.15925925925925927
0 0.9715104166666666 0.31634259259259256 0.03395833333333333 0.17731481481481481
0 0.7239583333333334 0.25333333333333335 0.025104166666666667 0.1590740740740741
0 0.46841145833333336 0.21560185185185188 0.02984375 0.17212962962962963
0 0.228125 0.14958333333333335 0.028854166666666667 0.14824074074074073
0 0.015963541666666668 0.8671759259259259 0.030885416666666665 0.21601851851851853
0 0.489453125 0.2172222222222222 0.026614583333333334 0.15074074074074076
0 0.2490625 0.12935185185185183 0.0234375 0.1496296296296296
0 0.844140625 0.29986111111111113 0.02890625 0.16546296296296295
0 0.5465364583333334 0.23055555555555557 0.04026041666666667 0.1737037037037037
