0 0.6212239583333333 0.38101851851851853 0.03109375 0.1340740740740741
0 0.7128385416666666 0.38175925925925924 0.039947916666666666 0.16333333333333333
0 0.5304427083333334 0.40259259259259256 0.031510416666666666 0.10166666666666667
0 0.035520833333333335 0.3772685185185185 0.027395833333333335 0.1087962962962963
0 0.416015625 0.38773148148148145 0.03359375 0.1675
0 0.45703125 0.39287037037037037 0.031875 0.1527777777777778
0 0.5055729166666667 0.39652777777777776 0.03177083333333333 0.10416666666666667
0 0.0140625 0.37902777777777774 0.025729166666666668 0.10453703703703704
0 0.33359375 0.3566666666666667 0.014479166666666666 0.054814814814814816
0 0.5585677083333334 0.3570833333333333 0.016614583333333332 0.06472222222222222
0 0.5866145833333333 0.35731481481481486 0.014166666666666666 0.05888888888888889
0 0.35598958333333336 0.3513425925925926 0.012812500000000001 0.04675925925925926
0 0.3961979166666667 0.36550925925925926 0.019479166666666665 0.06861111111111111
0 0.371171875 0.34953703703703703 0.012343749999999999 0.04518518518518518
0 0.38841145833333335 0.35694444444444445 0.013697916666666667 0.05259259259259259
0 0.9666927083333333 0.4925925925925926 0.06765625 0.6942592592592592
0 0.603359375 0.3660648148148148 0.018281250000000002 0.07342592592592592
