0 0.6526822916666667 0.08310185185185186 0.032239583333333335 0.10953703703703703
0 0.378359375 0.24333333333333335 0.041093750000000005 0.10537037037037036
0 0.5363020833333334 0.07023148148148148 0.030000000000000002 0.1386111111111111
0 0.25398437500000004 0.2547685185185185 0.03786458333333333 0.18009259259259258
0 0.16385416666666666 0.26879629629629626 0.027291666666666665 0.1548148148148148
0 0.5014583333333333 0.0675 0.029895833333333333 0.13314814814814815
0 0.20192708333333334 0.18347222222222223 0.028854166666666667 0.16194444444444445
0 0.9109114583333333 0.5206481481481482 0.05484375 0.19481481481481483
0 0.7985416666666667 0.05592592592592593 0.030520833333333334 0.11
0 0.9545833333333335 0.4352314814814815 0.04625 0.19546296296296295
0 0.470625 0.06300925925925925 0.02666666666666667 0.12361111111111112
0 0.8202604166666667 0.6677314814814814 0.041041666666666664 0.22453703703703703
0 0.4310416666666666 0.21560185185185185 0.024791666666666667 0.16435185185185186
0 0.9153385416666666 0.23907407407407405 0.03421875 0.15
0 0.14341145833333335 0.7688425925925926 0.04671875 0.24768518518518517
0 0.4463020833333333 0.6666203703703704 0.0490625 0.23787037037037034
0 0.87078125 0.40800925925925924 0.03291666666666667 0.18453703703703705
0 0.08015625 0.4046759259259259 0.030520833333333334 0.17379629629629628
0 0.13005208333333335 0.20120370370370372 0.033125 0.15037037037037038
0 0.18890625 0.7918981481481482 0.03927083333333334 0.23453703703703704
0 0.5019270833333332 0.6948611111111112 0.06020833333333333 0.22953703703703704
0 0.9458333333333333 0.2196759259259259 0.043333333333333335 0.1636111111111111
0 0.28356770833333333 0.15893518518518518 0.031614583333333335 0.1597222222222222
0 0.251171875 0.11333333333333333 0.03744791666666667 0.16685185185185183
0 0.9032812500000001 0.1272685185185185 0.026979166666666665 0.15527777777777776
0 0.8795833333333333 0.12050925925925926 0.030208333333333334 0.16046296296296297
0 0.3861197916666666 0.16240740740740742 0.028177083333333335 0.15037037037037038
0 0.406171875 0.15638888888888888 0.027760416666666666 0.12944444444444445
0 0.22708333333333333 0.07703703703703703 0.0240625 0.14092592592592593
0 0.5545572916666667 0.9289814814814815 0.04328125 0.1438888888888889
0 0.5355208333333333 0.7109722222222222 0.0403125 0.21268518518518517
0 0.23880208333333333 0.225 0.029166666666666667 0.16722222222222222
