0 0.7559114583333333 0.5607407407407407 0.02265625 0.11537037037037036
0 0.6603385416666667 0.5160648148148148 0.014739583333333334 0.06657407407407408
0 0.18596354166666668 0.5461111111111111 0.01296875 0.06111111111111111
0 0.571875 0.5091203703703704 0.014166666666666666 0.05824074074074074
0 0.13408854166666667 0.540324074074074 0.014114583333333335 0.06694444444444445
0 0.4760677083333333 0.4900925925925925 0.01046875 0.04611111111111111
0 0.5151302083333333 0.5079166666666666 0.01171875 0.05416666666666667
0 0.6079947916666666 0.5052777777777777 0.01171875 0.05703703703703704
0 0.1516145833333333 0.5343981481481481 0.013229166666666665 0.06583333333333333
0 0.5055729166666667 0.5043981481481481 0.011458333333333333 0.047870370370370376
0 0.5246354166666667 0.5076851851851851 0.0109375 0.05148148148148148
0 0.17239583333333333 0.5383796296296296 0.012291666666666668 0.05768518518518518
0 0.29559895833333333 0.4956481481481482 0.006822916666666666 0.0325925925925926
0 0.3009895833333333 0.4952314814814815 0.007083333333333333 0.03138888888888889
0 0.16000000000000003 0.5344444444444445 0.016770833333333336 0.06574074074074074
0 0.29049479166666664 0.49555555555555547 0.006510416666666667 0.03407407407407407
0 0.484609375 0.4931018518518518 0.010885416666666667 0.048796296296296296
0 0.5536718749999999 0.5083333333333333 0.021822916666666668 0.05407407407407407
