0 0.37856770833333336 0.24375 0.041093750000000005 0.10472222222222222
0 0.78671875 0.07027777777777777 0.03177083333333333 0.13537037037037036
0 0.3013802083333334 0.18458333333333332 0.03328125 0.1625
0 0.9163541666666666 0.5196759259259259 0.04958333333333333 0.19435185185185186
0 0.6524739583333333 0.08402777777777778 0.03296875 0.11305555555555555
0 0.43445312500000005 0.21407407407407406 0.03432291666666667 0.1612962962962963
0 0.200546875 0.18375 0.026406250000000003 0.1597222222222222
0 0.2573697916666667 0.6090740740740741 0.045468749999999995 0.2261111111111111
0 0.191484375 0.4001388888888889 0.03578125 0.19027777777777777
0 0.8459114583333333 0.6547685185185185 0.04953125 0.21972222222222224
0 0.8596093749999999 0.24666666666666665 0.03734375 0.17314814814814813
0 0.4034375 0.14694444444444443 0.023958333333333335 0.1401851851851852
0 0.15609375 0.3033796296296296 0.03177083333333333 0.16898148148148148
0 0.2287239583333333 0.07282407407407408 0.030989583333333334 0.1437962962962963
0 0.12783854166666667 0.2980092592592593 0.02921875 0.18787037037037038
0 0.23557291666666666 0.1838425925925926 0.029270833333333336 0.14824074074074073
0 0.2577864583333333 0.17754629629629629 0.02453125 0.16101851851851853
0 0.6283333333333334 0.057962962962962966 0.03635416666666667 0.11407407407407408
0 0.16325520833333332 0.19564814814814815 0.02703125 0.15814814814814815
0 0.7780208333333333 0.927037037037037 0.04604166666666667 0.14777777777777779
0 0.1972135416666667 0.06555555555555555 0.025052083333333332 0.12703703703703703
0 0.7356250000000001 0.9346296296296296 0.04729166666666666 0.1325925925925926
