0 0.6139062499999999 0.38152777777777774 0.03135416666666667 0.1363888888888889
0 0.04911458333333333 0.3733796296296296 0.028125 0.11064814814814815
0 0.40963541666666664 0.3877777777777778 0.03364583333333333 0.1662962962962963
0 0.49593750000000003 0.39296296296296296 0.03354166666666667 0.10592592592592594
0 0.6939583333333333 0.3848611111111111 0.036875 0.15231481481481482
0 0.020182291666666668 0.37199074074074073 0.02265625 0.10398148148148148
0 0.5223958333333333 0.40273148148148147 0.03104166666666667 0.09824074074074074
0 0.449375 0.390787037037037 0.030312500000000003 0.15953703703703706
0 0.9378385416666667 0.5103703703703704 0.11953125 0.6162962962962963
0 0.5530468749999999 0.3605555555555555 0.016510416666666666 0.06555555555555555
0 0.32924479166666665 0.3560185185185185 0.014322916666666666 0.05407407407407407
0 0.38677083333333334 0.3587962962962963 0.016354166666666666 0.05666666666666667
0 0.35281250000000003 0.3520370370370371 0.012187499999999999 0.04833333333333334
0 0.5895833333333333 0.3610185185185185 0.013229166666666665 0.053518518518518514
0 0.33736979166666664 0.35324074074074074 0.013072916666666667 0.050555555555555555
0 0.3773958333333333 0.3534259259259259 0.0125 0.04870370370370371
