0 0.652265625 0.08324074074074074 0.03234375 0.11055555555555556
0 0.378515625 0.24375 0.04119791666666666 0.10583333333333333
0 0.7869270833333333 0.07143518518518517 0.03104166666666667 0.13398148148148148
0 0.21455729166666665 0.3097685185185185 0.03515625 0.1812037037037037
0 0.43111979166666664 0.21541666666666667 0.03651041666666666 0.1576851851851852
0 0.8742708333333334 0.06458333333333334 0.029895833333333333 0.12731481481481483
0 0.9154947916666667 0.5186111111111111 0.04578125 0.19611111111111112
0 0.3002864583333334 0.18560185185185185 0.02703125 0.15861111111111112
0 0.97125 0.3184722222222222 0.036562500000000005 0.16546296296296295
0 0.8828645833333334 0.3346296296296296 0.03635416666666667 0.18833333333333332
0 0.46763020833333335 0.04958333333333333 0.02671875 0.09731481481481481
0 0.16393229166666667 0.19273148148148148 0.02703125 0.16342592592592592
0 0.12807291666666668 0.20050925925925925 0.02822916666666667 0.15157407407407406
0 0.4045052083333333 0.14601851851851852 0.023072916666666665 0.1438888888888889
0 0.8469010416666667 0.6545833333333334 0.04359375 0.21472222222222223
0 0.09325520833333334 0.3367592592592593 0.032552083333333336 0.19703703703703704
0 0.12466145833333335 0.3503240740740741 0.03380208333333334 0.1789814814814815
0 0.5695833333333334 0.8759722222222222 0.07104166666666667 0.24990740740740738
0 0.24684895833333334 0.1936111111111111 0.02671875 0.1511111111111111
0 0.25888020833333336 0.1502777777777778 0.03276041666666667 0.16462962962962965
0 0.20114583333333333 0.1837037037037037 0.026770833333333334 0.16296296296296298
0 0.39791666666666664 0.6585648148148148 0.04291666666666667 0.2362037037037037
0 0.23177083333333334 0.13398148148148148 0.024270833333333335 0.15444444444444447
0 0.151796875 0.9256944444444445 0.04265625 0.15046296296296297
0 0.544765625 0.9308796296296297 0.037656249999999995 0.1400925925925926
0 0.830859375 0.0647685185185185 0.02390625 0.11916666666666666
0 0.6013802083333333 0.8797685185185186 0.05213541666666666 0.22768518518518518
0 0.5255989583333334 0.039074074074074074 0.028177083333333335 0.07185185185185185
