0 0.5654687499999999 0.34375 0.018333333333333333 0.0699074074074074
0 0.21908854166666666 0.4315277777777778 0.11244791666666668 0.40490740740740744
0 0.07213541666666666 0.385 0.03822916666666667 0.13925925925925928
0 0.4384375 0.36856481481481485 0.03166666666666666 0.15083333333333335
0 0.32440104166666667 0.3547222222222222 0.02276041666666667 0.09685185185185184
0 0.48986979166666667 0.375 0.030885416666666665 0.1375925925925926
0 0.637890625 0.3844444444444444 0.028385416666666666 0.2212962962962963
0 0.5119270833333334 0.3435185185185185 0.014791666666666667 0.05740740740740741
0 0.3687760416666667 0.34652777777777777 0.013489583333333333 0.06027777777777777
0 0.351640625 0.34777777777777774 0.015677083333333335 0.06462962962962962
0 0.5293489583333333 0.3365740740740741 0.011510416666666667 0.040740740740740744
0 0.47130208333333334 0.3614351851851852 0.021875 0.07657407407407407
0 0.33932291666666664 0.3481944444444445 0.014895833333333334 0.07694444444444444
0 0.6155989583333333 0.37634259259259256 0.02359375 0.16027777777777777
