0 0.6521354166666666 0.08249999999999999 0.03239583333333333 0.10962962962962963
0 0.37843750000000004 0.24337962962962958 0.04114583333333333 0.10490740740740741
0 0.26307291666666666 0.05981481481481481 0.025520833333333333 0.11648148148148148
0 0.783984375 0.1401851851851852 0.030989583333333334 0.14166666666666666
0 0.434453125 0.21000000000000002 0.04078125 0.16185185185185186
0 0.5805989583333333 0.0649074074074074 0.028489583333333336 0.12777777777777777
0 0.8928645833333334 0.11777777777777779 0.02802083333333333 0.15166666666666667
0 0.5366927083333334 0.5493055555555556 0.040989583333333336 0.20879629629629629
0 0.8472395833333334 0.6553240740740741 0.05395833333333333 0.21824074074074074
0 0.9168489583333332 0.5185185185185185 0.040989583333333336 0.19703703703703704
0 0.30617187500000004 0.18875 0.031197916666666665 0.16157407407407406
0 0.2643229166666667 0.23060185185185184 0.0309375 0.16824074074074072
0 0.19768229166666668 0.3728703703703704 0.04276041666666666 0.16777777777777778
0 0.16653645833333333 0.695925925925926 0.04463541666666667 0.23981481481481481
0 0.17432291666666666 0.239212962962963 0.035833333333333335 0.17935185185185185
0 0.8348958333333333 0.08569444444444445 0.025416666666666664 0.13305555555555554
0 0.40648437499999995 0.1410648148148148 0.028697916666666667 0.15157407407407406
0 0.146640625 0.05606481481481481 0.028072916666666666 0.11027777777777777
0 0.13830729166666667 0.20023148148148148 0.02734375 0.15212962962962964
0 0.7508593749999999 0.08703703703703704 0.026093750000000002 0.1411111111111111
0 0.49018229166666666 0.5632870370370371 0.03578125 0.20787037037037037
0 0.2387760416666667 0.3681018518518518 0.029010416666666667 0.19101851851851853
0 0.23070312499999998 0.22796296296296298 0.030677083333333334 0.16462962962962965
0 0.19583333333333333 0.23245370370370372 0.017708333333333333 0.15175925925925926
