0 0.7778645833333333 0.6092592592592593 0.11041666666666666 0.6627777777777777
0 0.019947916666666666 0.38842592592592595 0.03885416666666666 0.1824074074074074
0 0.3609114583333334 0.3754166666666667 0.04348958333333333 0.18046296296296296
0 0.5694270833333334 0.39222222222222225 0.03697916666666667 0.15
0 0.4854427083333333 0.3759722222222222 0.028177083333333335 0.14509259259259258
0 0.9159895833333332 0.6049537037037037 0.15947916666666667 0.7025
0 0.15106770833333333 0.35671296296296295 0.022135416666666668 0.10824074074074075
0 0.6122916666666666 0.3672685185185185 0.01875 0.1086111111111111
0 0.5109375 0.37652777777777774 0.026145833333333333 0.13194444444444445
0 0.26609374999999996 0.3647685185185185 0.0259375 0.12175925925925926
0 0.41354166666666664 0.34657407407407403 0.012916666666666667 0.05907407407407407
0 0.13309895833333335 0.3329166666666667 0.01359375 0.06305555555555555
0 0.465234375 0.35208333333333336 0.015885416666666666 0.053425925925925925
0 0.38440104166666667 0.3488425925925926 0.021614583333333333 0.07972222222222222
