0 0.37864583333333335 0.2434722222222222 0.040937499999999995 0.10546296296296297
0 0.7869270833333333 0.07032407407407408 0.03135416666666667 0.13268518518518518
0 0.6197135416666667 0.055185185185185184 0.03588541666666667 0.10851851851851853
0 0.6523697916666666 0.08268518518518518 0.03338541666666666 0.11314814814814815
0 0.9166145833333333 0.5187962962962963 0.050208333333333334 0.19481481481481483
0 0.3026302083333333 0.1836574074074074 0.031302083333333335 0.16157407407407406
0 0.43411458333333336 0.21412037037037038 0.0340625 0.1599074074074074
0 0.200390625 0.18476851851851853 0.026302083333333334 0.1575
0 0.18934895833333334 0.40435185185185185 0.03619791666666667 0.19296296296296298
0 0.8459635416666667 0.6538888888888889 0.05005208333333333 0.2174074074074074
0 0.859609375 0.24435185185185182 0.03911458333333333 0.17277777777777778
0 0.2545572916666667 0.6075462962962963 0.04411458333333333 0.22898148148148148
0 0.227890625 0.07199074074074074 0.029947916666666668 0.14212962962962963
0 0.40346354166666665 0.1464351851851852 0.02411458333333333 0.14305555555555555
0 0.15713541666666667 0.3010648148148148 0.0309375 0.1649074074074074
0 0.12940104166666666 0.2956944444444445 0.029635416666666668 0.1887962962962963
0 0.258359375 0.18166666666666664 0.025052083333333332 0.16314814814814813
0 0.23640624999999998 0.18569444444444447 0.029583333333333333 0.14935185185185187
0 0.16309895833333332 0.19467592592592592 0.02734375 0.16064814814814815
0 0.7719270833333334 0.9211574074074075 0.05072916666666667 0.15953703703703706
0 0.19755208333333335 0.0675462962962963 0.028125 0.13324074074074074
0 0.729765625 0.9320833333333333 0.045885416666666665 0.1376851851851852
