0 0.3785677083333333 0.24356481481481482 0.04119791666666666 0.10527777777777778
0 0.7874479166666667 0.07125000000000001 0.03145833333333333 0.13453703703703704
0 0.6522916666666667 0.0838425925925926 0.0325 0.1075
0 0.43411458333333336 0.21444444444444444 0.034375 0.1590740740740741
0 0.2769791666666667 0.611388888888889 0.04552083333333334 0.22518518518518518
0 0.3012239583333333 0.185 0.03348958333333333 0.16111111111111112
0 0.9157291666666667 0.5200925925925926 0.0515625 0.19777777777777777
0 0.20078125 0.1835185185185185 0.027395833333333335 0.16092592592592594
0 0.19434895833333332 0.38842592592592595 0.03536458333333334 0.1922222222222222
0 0.8455729166666667 0.655 0.051041666666666666 0.21814814814814815
0 0.15317708333333335 0.30930555555555556 0.030000000000000002 0.17157407407407407
0 0.12466145833333334 0.3031481481481481 0.03276041666666667 0.18685185185185185
0 0.8621614583333334 0.2663425925925926 0.03453125 0.17564814814814814
0 0.40328125 0.14629629629629629 0.023854166666666666 0.14685185185185184
0 0.231875 0.07069444444444445 0.0315625 0.1387962962962963
0 0.23309895833333333 0.18125 0.028697916666666667 0.14305555555555555
0 0.16299479166666667 0.19560185185185186 0.026510416666666665 0.15435185185185185
0 0.2547395833333333 0.17185185185185187 0.02645833333333333 0.16240740740740742
0 0.19791666666666666 0.06157407407407407 0.027291666666666665 0.12129629629629629
0 0.26838541666666665 0.12398148148148148 0.02354166666666667 0.15425925925925926
0 0.1349739583333333 0.21310185185185182 0.023489583333333335 0.1612037037037037
