0 0.8151822916666666 0.5920833333333334 0.12505208333333334 0.6525000000000001
0 0.04450520833333333 0.3671759259259259 0.04015625 0.1826851851851852
0 0.6181249999999999 0.3617592592592592 0.036458333333333336 0.15222222222222223
0 0.3807552083333333 0.3564351851851852 0.05161458333333333 0.19527777777777777
0 0.5189583333333334 0.3475462962962963 0.029895833333333333 0.1537962962962963
0 0.6574479166666667 0.33800925925925923 0.019583333333333335 0.11046296296296296
0 0.28260416666666666 0.3506944444444444 0.0228125 0.1310185185185185
0 0.17411458333333335 0.33185185185185184 0.022708333333333334 0.11018518518518519
0 0.448828125 0.31999999999999995 0.012343749999999999 0.060925925925925925
0 0.59359375 0.3360648148148148 0.024374999999999997 0.11990740740740741
0 0.9494791666666667 0.5836111111111111 0.10208333333333333 0.7455555555555556
0 0.5404947916666667 0.34527777777777774 0.025885416666666668 0.1287037037037037
0 0.5770052083333334 0.3169907407407407 0.013697916666666667 0.05453703703703704
0 0.417734375 0.31606481481481485 0.01203125 0.05527777777777778
0 0.3061979166666667 0.3375462962962963 0.02802083333333333 0.13694444444444445
0 0.011432291666666669 0.377962962962963 0.017239583333333332 0.17703703703703702
0 0.16380208333333332 0.3173148148148148 0.0171875 0.08222222222222222
