0 0.45770833333333333 0.6534722222222222 0.13947916666666668 0.5421296296296296
0 0.20502604166666666 0.46379629629629626 0.022135416666666668 0.09888888888888889
0 0.6084375000000001 0.5662499999999999 0.05708333333333333 0.3099074074074074
0 0.331640625 0.5015277777777778 0.02703125 0.16416666666666668
0 0.23375 0.4834259259259259 0.02364583333333333 0.10425925925925926
0 0.2765885416666667 0.47157407407407403 0.018177083333333333 0.1025925925925926
0 0.5584375 0.5 0.021666666666666667 0.09333333333333334
0 0.29380208333333335 0.45125000000000004 0.012708333333333332 0.05898148148148148
0 0.35028645833333333 0.46657407407407403 0.015364583333333333 0.06925925925925926
0 0.5730729166666666 0.5030092592592592 0.01875 0.10083333333333334
0 0.28463541666666664 0.45921296296296293 0.014166666666666666 0.07046296296296296
0 0.25721354166666666 0.4677777777777778 0.016510416666666666 0.09833333333333334
