0 0.65265625 0.08361111111111112 0.03197916666666666 0.10962962962962963
0 0.25135416666666666 0.27194444444444443 0.0359375 0.1824074074074074
0 0.5029687500000001 0.0699537037037037 0.030312500000000003 0.13805555555555554
0 0.378359375 0.24342592592592596 0.04151041666666667 0.10574074074074075
0 0.5393749999999999 0.075 0.02822916666666667 0.1446296296296296
0 0.9190104166666667 0.2278240740740741 0.030416666666666665 0.15305555555555556
0 0.9126041666666667 0.5214351851851852 0.04927083333333333 0.19194444444444445
0 0.4680729166666666 0.06361111111111112 0.029479166666666667 0.12537037037037038
0 0.20151041666666666 0.18273148148148147 0.0275 0.16620370370370371
0 0.15403645833333332 0.2803703703703704 0.02578125 0.1598148148148148
0 0.15203125 0.7430092592592593 0.051145833333333335 0.24583333333333332
0 0.7999739583333334 0.0525 0.029739583333333333 0.1025925925925926
0 0.9721614583333335 0.44666666666666666 0.04026041666666667 0.1887037037037037
0 0.28625 0.14949074074074073 0.029270833333333336 0.1597222222222222
0 0.8243229166666667 0.6787962962962963 0.04010416666666667 0.22425925925925924
0 0.07458333333333332 0.4105555555555555 0.029270833333333336 0.1762962962962963
0 0.19596354166666666 0.765787037037037 0.038489583333333334 0.23064814814814813
0 0.4304427083333333 0.21949074074074076 0.02411458333333333 0.1600925925925926
0 0.8794791666666667 0.420787037037037 0.03302083333333333 0.17824074074074073
0 0.7763541666666668 0.6099074074074075 0.04083333333333334 0.2037037037037037
0 0.8949739583333334 0.13398148148148148 0.03453125 0.16462962962962965
0 0.12994791666666666 0.20189814814814813 0.03270833333333333 0.14694444444444443
0 0.4413020833333333 0.6539351851851852 0.04458333333333333 0.23249999999999998
0 0.16268229166666667 0.1950462962962963 0.028697916666666667 0.15953703703703706
0 0.406171875 0.15546296296296297 0.02796875 0.13685185185185186
0 0.49359375 0.6743055555555556 0.06104166666666667 0.22824074074074074
0 0.22953125 0.07569444444444444 0.02333333333333333 0.14750000000000002
0 0.5327604166666667 0.6837037037037037 0.0465625 0.2101851851851852
0 0.5570572916666666 0.9272222222222222 0.04359375 0.1474074074074074
0 0.24888020833333335 0.12787037037037036 0.03734375 0.1737037037037037
0 0.38520833333333326 0.16314814814814813 0.026875 0.15092592592592594
0 0.23736979166666666 0.20495370370370372 0.026406250000000003 0.13898148148148148
