0 0.3784895833333334 0.2437037037037037 0.04083333333333334 0.10592592592592594
0 0.579453125 0.28087962962962965 0.04244791666666667 0.16898148148148148
0 0.7887760416666667 0.13287037037037036 0.02921875 0.13666666666666666
0 0.38158854166666667 0.07375 0.029010416666666667 0.14546296296296296
0 0.7365625 0.6388888888888888 0.05447916666666666 0.2275925925925926
0 0.29075520833333335 0.21865740740740738 0.05203125 0.1739814814814815
0 0.920546875 0.5212037037037037 0.04026041666666667 0.20037037037037037
0 0.953125 0.27625 0.034583333333333334 0.17416666666666666
0 0.07526041666666666 0.6231944444444445 0.0446875 0.23675925925925925
0 0.4301041666666666 0.21763888888888888 0.0321875 0.16083333333333333
0 0.12726562500000002 0.19527777777777777 0.025572916666666667 0.1525925925925926
0 0.16296875 0.19337962962962965 0.029062499999999998 0.15953703703703706
0 0.47171875 0.20046296296296295 0.03302083333333333 0.16555555555555557
0 0.21703124999999998 0.48652777777777784 0.043645833333333335 0.2200925925925926
0 0.1990625 0.1798611111111111 0.028333333333333332 0.16453703703703704
0 0.6434375 0.08703703703703704 0.03822916666666667 0.10666666666666667
0 0.866015625 0.3261574074074074 0.032864583333333336 0.17379629629629628
0 0.23067708333333334 0.1625925925925926 0.028958333333333332 0.1575925925925926
0 0.13247395833333334 0.45675925925925925 0.03432291666666667 0.19037037037037036
0 0.2543489583333333 0.15064814814814814 0.026614583333333334 0.15833333333333333
0 0.5547916666666666 0.03958333333333333 0.025104166666666667 0.07731481481481481
0 0.7664843749999999 0.3085185185185186 0.028489583333333336 0.16555555555555557
0 0.5585677083333334 0.21425925925925926 0.04015625 0.17685185185185184
0 0.74796875 0.2651388888888889 0.023958333333333335 0.16620370370370371
0 0.5365625 0.03708333333333333 0.024479166666666666 0.06898148148148148
