0 0.355625 0.4722222222222222 0.022083333333333333 0.11074074074074074
0 0.8181770833333333 0.6949537037037037 0.1159375 0.6119444444444444
0 0.45278645833333336 0.5236111111111111 0.06484375 0.2361111111111111
0 0.38174479166666664 0.46199074074074076 0.01671875 0.08731481481481482
0 0.5594270833333332 0.5407407407407407 0.0615625 0.2577777777777778
0 0.30882812499999995 0.46087962962962964 0.018802083333333334 0.07935185185185185
0 0.21138020833333332 0.48194444444444445 0.025989583333333333 0.10666666666666667
0 0.5071614583333334 0.5198611111111111 0.05921875 0.28453703703703703
0 0.228203125 0.4810648148148148 0.02432291666666667 0.09601851851851852
0 0.94515625 0.6719907407407407 0.11072916666666667 0.6578703703703703
0 0.5961458333333334 0.518287037037037 0.04520833333333333 0.2137962962962963
0 0.2908072916666667 0.4626851851851852 0.01484375 0.0712962962962963
0 0.245703125 0.4612037037037037 0.015260416666666667 0.06666666666666667
0 0.62125 0.4560648148148148 0.019791666666666666 0.08009259259259259
