0 0.6521354166666666 0.08347222222222223 0.031875 0.11083333333333334
0 0.378515625 0.24324074074074073 0.04119791666666666 0.10537037037037036
0 0.7868750000000001 0.07050925925925926 0.03166666666666666 0.13398148148148148
0 0.4340625000000001 0.2133796296296296 0.0340625 0.16101851851851853
0 0.20690104166666667 0.3468981481481481 0.03411458333333333 0.1821296296296296
0 0.8587760416666667 0.052222222222222225 0.028697916666666667 0.09944444444444445
0 0.9143229166666667 0.5204166666666667 0.0496875 0.19342592592592592
0 0.14010416666666667 0.3315740740740741 0.03291666666666667 0.17555555555555555
0 0.8770052083333334 0.30194444444444446 0.03661458333333333 0.18462962962962964
0 0.8453385416666667 0.654074074074074 0.05078125 0.2175925925925926
0 0.30591145833333333 0.18537037037037035 0.026510416666666665 0.16425925925925927
0 0.26625 0.16324074074074074 0.023958333333333335 0.1487037037037037
0 0.10354166666666667 0.3227314814814815 0.030729166666666665 0.19305555555555556
0 0.16294270833333332 0.19666666666666668 0.02703125 0.15962962962962962
0 0.128125 0.20074074074074075 0.02802083333333333 0.1475925925925926
0 0.20078125 0.1863888888888889 0.02625 0.16074074074074074
0 0.40338541666666666 0.14569444444444443 0.023020833333333334 0.1439814814814815
0 0.23825520833333333 0.14537037037037037 0.025677083333333333 0.15703703703703703
0 0.5955208333333334 0.9071296296296296 0.06510416666666667 0.1875925925925926
0 0.21916666666666668 0.15833333333333333 0.02625 0.1475925925925926
0 0.348046875 0.6284259259259259 0.047447916666666666 0.23185185185185186
