0 0.8338020833333334 0.5819907407407408 0.029062499999999998 0.14212962962962963
0 0.8782291666666667 0.5361574074074075 0.021145833333333332 0.08972222222222223
0 0.9051822916666665 0.5521759259259258 0.023802083333333335 0.09268518518518518
0 0.20830729166666667 0.5717129629629629 0.02255208333333333 0.1112037037037037
0 0.23312499999999997 0.5744444444444444 0.024895833333333332 0.115
0 0.7263541666666667 0.5029166666666667 0.012187499999999999 0.056574074074074075
0 0.397265625 0.49537037037037035 0.01171875 0.048888888888888885
0 0.4323177083333334 0.5022222222222223 0.01078125 0.049444444444444444
0 0.5502083333333333 0.47537037037037033 0.007916666666666666 0.027962962962962964
0 0.31393229166666664 0.5477314814814815 0.017343749999999998 0.08231481481481483
0 0.6447395833333334 0.4794444444444444 0.009270833333333334 0.039074074074074074
0 0.6661197916666667 0.48680555555555555 0.011093750000000001 0.04675925925925926
0 0.29369791666666667 0.55 0.016145833333333335 0.08148148148148149
0 0.33270833333333333 0.5370833333333332 0.0159375 0.07972222222222222
0 0.3032291666666666 0.5500925925925926 0.016041666666666666 0.0824074074074074
0 0.8840625000000001 0.5066666666666666 0.016041666666666666 0.056296296296296296
0 0.780078125 0.49476851851851855 0.008906250000000001 0.045648148148148146
0 0.9029166666666666 0.48995370370370367 0.013020833333333334 0.047685185185185185
