0 0.44950520833333335 0.47310185185185183 0.02796875 0.0725
0 0.6136197916666667 0.6650925925925926 0.11036458333333334 0.5633333333333334
0 0.26231770833333334 0.5602314814814814 0.10317708333333334 0.3560185185185185
0 0.060807291666666666 0.5993055555555555 0.11973958333333333 0.3756481481481481
0 0.52109375 0.6306018518518518 0.07479166666666666 0.48712962962962963
0 0.42963541666666666 0.46912037037037035 0.029479166666666667 0.05731481481481481
0 0.8154427083333334 0.45620370370370367 0.02421875 0.10518518518518517
0 0.33424479166666665 0.45875 0.014947916666666667 0.06842592592592593
0 0.134140625 0.5590740740740741 0.062135416666666665 0.30574074074074076
0 0.4696354166666667 0.4492129629629629 0.014270833333333333 0.06101851851851852
0 0.3153125 0.45157407407407407 0.010729166666666668 0.0512962962962963
0 0.29765625 0.4543055555555555 0.0090625 0.054907407407407405
0 0.34869791666666666 0.46004629629629634 0.0125 0.06435185185185185
