0 0.5994270833333334 0.345 0.03125 0.1337037037037037
0 0.49919270833333335 0.35194444444444445 0.024427083333333332 0.08351851851851852
0 0.123359375 0.40300925925925923 0.06078125 0.2708333333333333
0 0.46450520833333336 0.3500462962962963 0.030052083333333333 0.1476851851851852
0 0.3648697916666667 0.33870370370370373 0.02328125 0.10185185185185185
0 0.4225260416666667 0.3446296296296297 0.033177083333333336 0.16648148148148148
0 0.52859375 0.3215277777777778 0.015729166666666666 0.06231481481481481
0 0.734453125 0.3977777777777778 0.05234375 0.35555555555555557
0 0.5548697916666667 0.3159722222222222 0.01296875 0.05361111111111111
0 0.6138541666666667 0.33092592592592596 0.02364583333333333 0.10888888888888888
0 0.39377604166666663 0.3197222222222222 0.013802083333333333 0.05444444444444444
0 0.325625 0.3175925925925926 0.013645833333333333 0.04574074074074074
