0 0.6519270833333334 0.08337962962962962 0.03229166666666667 0.11083333333333334
0 0.37828124999999996 0.24416666666666664 0.04114583333333333 0.10481481481481482
0 0.19934895833333333 0.1811574074074074 0.02713541666666667 0.16601851851851854
0 0.38177083333333334 0.0749074074074074 0.028958333333333332 0.1474074074074074
0 0.12492187500000002 0.1938425925925926 0.02921875 0.15416666666666667
0 0.7913802083333333 0.13333333333333333 0.02755208333333333 0.13814814814814813
0 0.06994791666666668 0.41032407407407406 0.026145833333333333 0.17342592592592593
0 0.733671875 0.6390740740740741 0.054010416666666665 0.22685185185185186
0 0.23249999999999998 0.6520370370370371 0.043958333333333335 0.2288888888888889
0 0.16453125 0.19768518518518519 0.028333333333333332 0.1577777777777778
0 0.9166927083333333 0.5212037037037037 0.03984375 0.19648148148148148
0 0.6057552083333333 0.2113888888888889 0.03234375 0.17444444444444446
0 0.4877083333333333 0.21925925925925926 0.03739583333333333 0.1725925925925926
0 0.08221354166666668 0.7322685185185185 0.05307291666666667 0.22935185185185183
0 0.4295572916666667 0.21902777777777777 0.031197916666666665 0.15527777777777776
0 0.6388802083333333 0.20328703703703704 0.023802083333333335 0.15138888888888888
0 0.2823958333333333 0.40125 0.03833333333333333 0.19972222222222222
0 0.536640625 0.19564814814814813 0.025572916666666667 0.14648148148148146
0 0.24213541666666666 0.28532407407407406 0.0390625 0.20046296296296295
0 0.13208333333333333 0.575925925925926 0.03114583333333333 0.19185185185185183
0 0.28442708333333333 0.1971296296296296 0.025625000000000002 0.1625925925925926
0 0.4554947916666667 0.18129629629629632 0.03057291666666667 0.15833333333333333
0 0.44283854166666664 0.38523148148148145 0.03921875 0.17527777777777778
0 0.03888020833333334 0.6764814814814815 0.05619791666666667 0.22425925925925924
0 0.30986979166666667 0.32814814814814813 0.03015625 0.1648148148148148
0 0.4144791666666667 0.37754629629629627 0.03927083333333334 0.19194444444444445
0 0.5125520833333334 0.9219444444444443 0.038125 0.15796296296296294
0 0.07049479166666667 0.6021296296296296 0.03369791666666667 0.17222222222222222
