0 0.65234375 0.08273148148148148 0.03197916666666666 0.10935185185185185
0 0.6625520833333333 0.23111111111111113 0.03958333333333333 0.1496296296296296
0 0.38138020833333336 0.07490740740740741 0.029322916666666664 0.14796296296296296
0 0.7888020833333333 0.13374999999999998 0.029166666666666667 0.1400925925925926
0 0.20002604166666668 0.18055555555555555 0.028489583333333336 0.1648148148148148
0 0.7353645833333334 0.6374074074074074 0.0546875 0.22518518518518518
0 0.23664062500000002 0.40842592592592597 0.04359375 0.21388888888888888
0 0.276796875 0.28050925925925924 0.040364583333333336 0.18398148148148147
0 0.37835937499999994 0.24435185185185182 0.04171875 0.1061111111111111
0 0.9170312500000001 0.5200925925925926 0.039375 0.19407407407407407
0 0.07567708333333334 0.6237037037037038 0.0446875 0.23314814814814816
0 0.5295572916666667 0.26064814814814813 0.03682291666666667 0.17148148148148148
0 0.4164322916666667 0.2580092592592592 0.03015625 0.17157407407407407
0 0.16609375 0.19574074074074072 0.026875 0.15574074074074074
0 0.025156249999999998 0.7801388888888888 0.036041666666666666 0.21805555555555556
0 0.22807291666666665 0.9121759259259259 0.05229166666666667 0.1775
0 0.7018489583333334 0.26643518518518516 0.021510416666666664 0.15305555555555556
0 0.123515625 0.19708333333333336 0.026614583333333334 0.15083333333333335
0 0.7606510416666666 0.2752777777777778 0.03619791666666667 0.17592592592592593
0 0.0803125 0.4180092592592593 0.025104166666666667 0.17805555555555558
0 0.4511979166666667 0.24796296296296297 0.030416666666666665 0.1725925925925926
0 0.2933072916666667 0.13875 0.024947916666666667 0.16231481481481483
0 0.47359375 0.25819444444444445 0.028645833333333332 0.1562037037037037
0 0.23958333333333334 0.0962962962962963 0.028645833333333332 0.15055555555555555
0 0.7898958333333332 0.2698611111111111 0.02666666666666667 0.16842592592592592
0 0.26283854166666665 0.18796296296296297 0.031197916666666665 0.14851851851851852
0 0.2120052083333333 0.10064814814814815 0.028281249999999997 0.1512962962962963
0 0.14692708333333335 0.17175925925925925 0.030000000000000002 0.16333333333333333
