0 0.37835937499999994 0.24319444444444444 0.04171875 0.10453703703703704
0 0.4323697916666667 0.2099074074074074 0.038489583333333334 0.15925925925925927
0 0.6521614583333334 0.08310185185185186 0.03203125 0.11027777777777777
0 0.7833072916666667 0.20342592592592595 0.03432291666666667 0.15166666666666667
0 0.7840364583333332 0.05162037037037037 0.029010416666666667 0.10138888888888889
0 0.868984375 0.17935185185185185 0.028281249999999997 0.155
0 0.5026041666666666 0.42203703703703704 0.039375 0.20592592592592593
0 0.8472135416666667 0.6536111111111111 0.053385416666666664 0.2172222222222222
0 0.40565104166666666 0.14162037037037037 0.029322916666666664 0.1497222222222222
0 0.9165885416666666 0.5192129629629629 0.04067708333333333 0.19712962962962963
0 0.46169270833333337 0.4327314814814815 0.03526041666666667 0.1950925925925926
0 0.6136197916666666 0.15240740740740744 0.030260416666666668 0.15537037037037038
0 0.1920833333333333 0.839675925925926 0.050416666666666665 0.25046296296296294
0 0.7473177083333334 0.053425925925925925 0.02411458333333333 0.1024074074074074
0 0.301875 0.18680555555555556 0.029062499999999998 0.1599074074074074
0 0.9341406250000001 0.21407407407407406 0.03401041666666667 0.16425925925925927
0 0.22153645833333335 0.4664351851851852 0.03494791666666666 0.20212962962962963
0 0.23851562499999998 0.3076851851851851 0.03567708333333333 0.17888888888888888
0 0.18747395833333336 0.4706018518518518 0.04151041666666667 0.1812037037037037
0 0.13546874999999997 0.20324074074074075 0.029583333333333333 0.15407407407407409
0 0.24205729166666667 0.1512962962962963 0.029010416666666667 0.16333333333333333
0 0.6680208333333334 0.8176388888888888 0.04916666666666667 0.2523148148148148
0 0.19382812500000002 0.30606481481481485 0.03338541666666666 0.17212962962962963
0 0.2669270833333333 0.29074074074074074 0.03208333333333333 0.16740740740740742
0 0.9319270833333333 0.7429166666666667 0.04895833333333333 0.23175925925925928
0 0.26453125 0.11499999999999999 0.028541666666666667 0.1474074074074074
0 0.14088541666666668 0.06018518518518518 0.02822916666666667 0.11481481481481481
0 0.16408854166666667 0.19662037037037036 0.02765625 0.1562037037037037
0 0.18091145833333336 0.24833333333333332 0.026302083333333334 0.18055555555555555
0 0.174921875 0.06319444444444444 0.023489583333333335 0.12453703703703704
