0 0.7980989583333334 0.6481944444444444 0.04078125 0.19194444444444445
0 0.4457552083333333 0.5738888888888889 0.029427083333333333 0.11537037037037036
0 0.7088020833333333 0.6995833333333334 0.04802083333333333 0.19046296296296295
0 0.7430989583333333 0.6675462962962964 0.046406249999999996 0.17009259259259257
0 0.41059895833333326 0.57875 0.02296875 0.11231481481481481
0 0.13916666666666666 0.837037037037037 0.05260416666666667 0.3277777777777778
0 0.5361458333333334 0.5745370370370371 0.024895833333333332 0.1201851851851852
0 0.49830729166666665 0.5923148148148148 0.022239583333333333 0.13518518518518519
0 0.3782291666666666 0.5016666666666666 0.014479166666666666 0.05981481481481481
0 0.40643229166666667 0.5109259259259259 0.01421875 0.05888888888888889
0 0.5221354166666666 0.5851851851851851 0.019791666666666666 0.12314814814814815
0 0.3866145833333333 0.5033796296296296 0.0140625 0.0600925925925926
0 0.48122395833333337 0.5827314814814815 0.014531249999999999 0.10305555555555555
0 0.4159114583333333 0.5206018518518518 0.014739583333333334 0.06046296296296296
0 0.397265625 0.5037499999999999 0.020572916666666666 0.07175925925925926
