0 0.8229947916666667 0.4551851851851852 0.022864583333333334 0.10203703703703704
0 0.3385677083333334 0.48629629629629634 0.047760416666666666 0.19722222222222222
0 0.2934635416666667 0.48462962962962963 0.03421875 0.1712962962962963
0 0.7359375 0.4906481481481481 0.04520833333333333 0.2414814814814815
0 0.23010416666666667 0.485787037037037 0.041666666666666664 0.1686111111111111
0 0.6226822916666667 0.44328703703703703 0.025572916666666667 0.11361111111111111
0 0.5936979166666667 0.45004629629629633 0.022083333333333333 0.1000925925925926
0 0.26880208333333333 0.48837962962962966 0.0325 0.1587962962962963
0 0.17653645833333334 0.4394907407407408 0.015572916666666665 0.06675925925925925
0 0.565234375 0.4375 0.01796875 0.07814814814814815
0 0.428671875 0.4405555555555556 0.01203125 0.06333333333333334
0 0.38671875 0.43499999999999994 0.011666666666666665 0.05907407407407407
0 0.410390625 0.43537037037037035 0.011927083333333333 0.05592592592592593
0 0.41736979166666666 0.43800925925925926 0.01140625 0.0612037037037037
0 0.37494791666666666 0.43916666666666665 0.011875 0.05981481481481481
