0 0.65234375 0.08305555555555556 0.0321875 0.11055555555555556
0 0.3783333333333333 0.2434259259259259 0.042291666666666665 0.10500000000000001
0 0.43304687499999994 0.2099537037037037 0.038697916666666665 0.15842592592592591
0 0.5978385416666666 0.10925925925925926 0.03046875 0.1548148148148148
0 0.6977343749999999 0.889537037037037 0.05057291666666666 0.22277777777777777
0 0.8473177083333334 0.6549537037037038 0.054322916666666665 0.21898148148148147
0 0.305546875 0.1875462962962963 0.030052083333333333 0.15805555555555553
0 0.25799479166666667 0.2752777777777778 0.03546875 0.175
0 0.7853645833333333 0.1723611111111111 0.033125 0.14601851851851852
0 0.9172135416666667 0.5187037037037038 0.040052083333333335 0.2012962962962963
0 0.18330729166666668 0.7752777777777777 0.046197916666666665 0.23851851851851855
0 0.8519010416666667 0.1401851851851852 0.02755208333333333 0.15166666666666667
0 0.7583854166666666 0.06342592592592593 0.024583333333333336 0.12166666666666667
0 0.4058333333333334 0.1422685185185185 0.028854166666666667 0.14731481481481482
0 0.19151041666666666 0.43226851851851855 0.041979166666666665 0.1763888888888889
0 0.5159635416666667 0.4710648148148148 0.03744791666666667 0.2073148148148148
0 0.468203125 0.48657407407407405 0.03411458333333333 0.20148148148148148
0 0.22841145833333334 0.424212962962963 0.030989583333333334 0.19546296296296295
0 0.17486979166666666 0.2425462962962963 0.03609375 0.18472222222222223
0 0.912890625 0.1685185185185185 0.02796875 0.15814814814814815
0 0.7943489583333334 0.06273148148148149 0.03171875 0.12287037037037037
0 0.21044270833333334 0.2727777777777778 0.030052083333333333 0.16166666666666665
0 0.139453125 0.20060185185185186 0.028385416666666666 0.1539814814814815
0 0.9351302083333334 0.7389814814814815 0.05067708333333333 0.22703703703703704
0 0.258125 0.08504629629629629 0.026979166666666665 0.13972222222222222
0 0.23690104166666665 0.14217592592592593 0.03276041666666667 0.16324074074074074
0 0.14638020833333334 0.05814814814814815 0.028385416666666666 0.11314814814814815
0 0.17614583333333333 0.06319444444444444 0.025729166666666668 0.12305555555555556
