0 0.331640625 0.6114814814814815 0.10442708333333334 0.4446296296296296
0 0.2256770833333333 0.4808333333333333 0.030625 0.09703703703703703
0 0.42338541666666674 0.5632407407407407 0.05854166666666667 0.31685185185185183
0 0.6246354166666667 0.4613425925925926 0.0215625 0.09546296296296296
0 0.2050260416666667 0.46152777777777776 0.022239583333333333 0.09712962962962964
0 0.5769270833333333 0.5024074074074074 0.02020833333333333 0.10722222222222222
0 0.25385416666666666 0.48199074074074083 0.018125 0.09990740740740742
0 0.4789322916666666 0.548287037037037 0.061093749999999995 0.2721296296296296
0 0.5580208333333333 0.4986574074074074 0.0209375 0.10379629629629629
0 0.5302604166666667 0.46 0.0203125 0.09814814814814815
0 0.6025781250000001 0.46199074074074076 0.016822916666666667 0.08546296296296296
0 0.2709114583333333 0.4637037037037037 0.014635416666666668 0.08314814814814815
