0 0.34119791666666666 0.484537037037037 0.04645833333333334 0.1974074074074074
0 0.8250520833333332 0.45541666666666664 0.022500000000000003 0.10212962962962963
0 0.5950260416666667 0.4486111111111111 0.021302083333333333 0.09962962962962962
0 0.6242708333333333 0.4424074074074074 0.025 0.11240740740740741
0 0.23252604166666666 0.4856944444444445 0.039635416666666666 0.17120370370370372
0 0.29567708333333337 0.48356481481481484 0.03229166666666667 0.16342592592592592
0 0.7348177083333333 0.48837962962962966 0.04348958333333333 0.23601851851851852
0 0.17942708333333332 0.43907407407407406 0.0159375 0.06703703703703705
0 0.27044270833333334 0.48606481481481484 0.03359375 0.15731481481481482
0 0.56765625 0.43555555555555553 0.018020833333333333 0.08
0 0.3863541666666667 0.4366203703703704 0.012083333333333333 0.05990740740740741
0 0.42877604166666666 0.44166666666666665 0.011927083333333333 0.065
0 0.4153385416666666 0.43930555555555556 0.011510416666666667 0.06101851851851852
0 0.40565104166666666 0.43574074074074076 0.011822916666666666 0.05740740740740741
0 0.7579427083333333 0.4858796296296296 0.03203125 0.1884259259259259
0 0.39760416666666665 0.43648148148148147 0.018125 0.06481481481481481
0 0.43796874999999996 0.44023148148148145 0.011041666666666667 0.06527777777777778
