0 0.449453125 0.4736111111111111 0.027864583333333335 0.07203703703703704
0 0.385546875 0.4624537037037037 0.021614583333333333 0.09712962962962964
0 0.6361197916666668 0.5344907407407408 0.06682291666666668 0.25916666666666666
0 0.9336458333333334 0.6799537037037037 0.13375 0.6419444444444444
0 0.211328125 0.4831944444444445 0.025156249999999998 0.10472222222222222
0 0.4295833333333333 0.4695833333333333 0.028541666666666667 0.056018518518518516
0 0.22822916666666668 0.4816666666666667 0.021979166666666668 0.0961111111111111
0 0.5682812500000001 0.51375 0.06114583333333334 0.26583333333333337
0 0.296171875 0.4639814814814815 0.016197916666666666 0.07703703703703704
0 0.3567708333333333 0.4666666666666667 0.020729166666666667 0.09444444444444444
0 0.5281510416666667 0.5158796296296296 0.055677083333333335 0.23083333333333333
0 0.3421614583333333 0.4686111111111111 0.017864583333333333 0.09759259259259259
0 0.31416666666666665 0.4625 0.020104166666666666 0.07722222222222223
0 0.3277083333333333 0.4651851851851852 0.012916666666666667 0.0811111111111111
