0 0.6521614583333334 0.08226851851851852 0.03244791666666667 0.10953703703703703
0 0.3784895833333333 0.24356481481481482 0.04145833333333333 0.10601851851851851
0 0.5646614583333334 0.6198611111111111 0.04973958333333333 0.22435185185185186
0 0.8673958333333333 0.07611111111111112 0.029270833333333336 0.14666666666666667
0 0.8472916666666667 0.6576388888888889 0.051145833333333335 0.21638888888888888
0 0.1640625 0.6294907407407407 0.042604166666666665 0.21916666666666665
0 0.30669270833333334 0.1885648148148148 0.03276041666666667 0.16305555555555554
0 0.4295833333333333 0.20814814814814817 0.034166666666666665 0.16703703703703704
0 0.9170312500000001 0.5185648148148148 0.03927083333333334 0.19768518518518519
0 0.7845572916666667 0.11324074074074075 0.03078125 0.1451851851851852
0 0.242578125 0.3275 0.029114583333333333 0.1787037037037037
0 0.4060677083333334 0.1420833333333333 0.029635416666666668 0.15101851851851852
0 0.26231770833333334 0.1960185185185185 0.030989583333333334 0.16240740740740742
0 0.213828125 0.3300462962962963 0.03890625 0.15787037037037038
0 0.7546093749999999 0.1099074074074074 0.026406250000000003 0.14555555555555555
0 0.5206510416666666 0.6334722222222223 0.038385416666666665 0.21935185185185185
0 0.13713541666666668 0.2008333333333333 0.026041666666666668 0.15425925925925926
0 0.16815104166666664 0.24231481481481482 0.03453125 0.18296296296296297
0 0.235390625 0.1922222222222222 0.03015625 0.16074074074074074
0 0.19359374999999998 0.24194444444444446 0.024479166666666666 0.16518518518518518
0 0.1448697916666667 0.05513888888888888 0.029010416666666667 0.10842592592592593
