0 0.44955729166666664 0.4732407407407407 0.027760416666666666 0.07203703703703704
0 0.6351302083333333 0.5369444444444444 0.06713541666666667 0.2575925925925926
0 0.3857552083333333 0.4624537037037037 0.02140625 0.09731481481481481
0 0.9321875 0.6840277777777778 0.13239583333333332 0.6337962962962963
0 0.21153645833333334 0.4828240740740741 0.025364583333333336 0.10527777777777778
0 0.4295572916666667 0.46921296296296294 0.028489583333333336 0.056574074074074075
0 0.227890625 0.48143518518518524 0.022135416666666668 0.09675925925925925
0 0.5647656249999999 0.5158796296296296 0.06494791666666667 0.26601851851851854
0 0.5251041666666667 0.5183796296296297 0.052187500000000005 0.23249999999999998
0 0.2959895833333333 0.46375 0.0159375 0.07712962962962963
0 0.35630208333333335 0.46662037037037035 0.02 0.09620370370370371
0 0.3427604166666666 0.46875 0.0190625 0.09916666666666667
0 0.31361979166666665 0.46319444444444446 0.022239583333333333 0.0762037037037037
0 0.32674479166666665 0.464537037037037 0.013072916666666667 0.07962962962962963
