0 0.5013541666666667 0.49939814814814815 0.049374999999999995 0.10250000000000001
0 0.205546875 0.4622685185185185 0.022135416666666668 0.09861111111111111
0 0.3266145833333333 0.5812037037037038 0.06791666666666667 0.3531481481481481
0 0.239453125 0.48115740740740737 0.02265625 0.09601851851851852
0 0.576640625 0.5022685185185186 0.01953125 0.10990740740740741
0 0.2684375 0.48171296296296295 0.01864583333333333 0.09787037037037037
0 0.6560416666666666 0.45796296296296296 0.0209375 0.09648148148148149
0 0.3791145833333333 0.5495833333333333 0.0515625 0.28620370370370374
0 0.426953125 0.5352777777777779 0.04703125 0.23203703703703704
0 0.5582552083333334 0.49879629629629635 0.020781249999999998 0.1025925925925926
0 0.5346614583333333 0.4599537037037037 0.020677083333333336 0.09657407407407408
0 0.2876822916666667 0.45875 0.014947916666666667 0.060648148148148145
0 0.27828125 0.46416666666666667 0.015625 0.07222222222222222
