0 0.51203125 0.36069444444444443 0.0275 0.0913888888888889
0 0.01864583333333333 0.3258333333333333 0.030729166666666665 0.13314814814814815
0 0.6079427083333333 0.34375 0.03057291666666667 0.13268518518518518
0 0.6620833333333334 0.3409259259259259 0.03177083333333333 0.13185185185185186
0 0.4068229166666667 0.346712962962963 0.0340625 0.16694444444444445
0 0.4897395833333333 0.35300925925925924 0.030000000000000002 0.09564814814814815
0 0.07419270833333333 0.32263888888888886 0.023697916666666666 0.1012037037037037
0 0.05109375 0.32458333333333333 0.02375 0.09805555555555556
0 0.8735677083333333 0.4562962962962963 0.08432291666666666 0.5700000000000001
0 0.5416666666666666 0.321712962962963 0.016458333333333335 0.06583333333333333
0 0.45 0.35300925925925924 0.029479166666666667 0.1502777777777778
0 0.8217968750000001 0.4275462962962963 0.07619791666666667 0.4676851851851852
0 0.3227604166666667 0.31296296296296294 0.013541666666666667 0.050555555555555555
0 0.5739062500000001 0.32138888888888884 0.0134375 0.060925925925925925
0 0.38286458333333334 0.33041666666666664 0.017083333333333332 0.06842592592592593
0 0.34119791666666666 0.31101851851851847 0.011666666666666665 0.04611111111111111
0 0.33343749999999994 0.3115277777777778 0.012291666666666668 0.047129629629629625
0 0.35174479166666667 0.3083796296296296 0.011927083333333333 0.046203703703703705
0 0.58453125 0.3230092592592592 0.015729166666666666 0.0637962962962963
