0 0.8028385416666667 0.5568518518518518 0.12619791666666666 0.6809259259259259
0 0.325625 0.35208333333333336 0.051666666666666666 0.20120370370370372
0 0.4747395833333333 0.3458333333333333 0.03760416666666667 0.1625925925925926
0 0.9328125 0.5604629629629629 0.13541666666666666 0.7235185185185184
0 0.5901562499999999 0.34805555555555556 0.033854166666666664 0.15148148148148147
0 0.4442447916666667 0.33185185185185184 0.026822916666666665 0.11055555555555556
0 0.621171875 0.3296296296296296 0.019010416666666665 0.11277777777777777
0 0.5595833333333334 0.33185185185185184 0.0234375 0.12481481481481482
0 0.11278645833333334 0.3388888888888889 0.024010416666666666 0.11481481481481481
0 0.2797135416666666 0.329537037037037 0.026093750000000002 0.11092592592592593
0 0.09299479166666666 0.3141203703703704 0.018177083333333333 0.07953703703703704
0 0.40341145833333336 0.31236111111111114 0.011822916666666666 0.057129629629629634
0 0.22679687499999998 0.34675925925925927 0.030885416666666665 0.15722222222222224
0 0.370703125 0.31625000000000003 0.012135416666666668 0.05472222222222222
0 0.52078125 0.31157407407407406 0.011770833333333335 0.05185185185185185
0 0.36265624999999996 0.31712962962962965 0.013020833333333334 0.05444444444444444
0 0.496796875 0.3375 0.020468749999999997 0.11888888888888889
0 0.10250000000000001 0.3278703703703703 0.017604166666666664 0.09666666666666668
0 0.5385416666666667 0.3125925925925926 0.014791666666666667 0.055
