0 0.6917708333333333 0.522361111111111 0.058124999999999996 0.2434259259259259
0 0.269921875 0.4728703703703704 0.024635416666666667 0.10074074074074074
0 0.5887760416666665 0.6618055555555555 0.11078125 0.5725
0 0.9385416666666667 0.6265277777777778 0.12395833333333334 0.45675925925925925
0 0.22604166666666667 0.48203703703703704 0.024687499999999998 0.09833333333333334
0 0.5034375 0.6369444444444445 0.07020833333333334 0.4848148148148148
0 0.7472395833333334 0.4593055555555556 0.028854166666666667 0.10842592592592593
0 0.34932291666666665 0.4623611111111111 0.013333333333333334 0.06824074074074074
0 0.4352604166666667 0.5075000000000001 0.034479166666666665 0.19333333333333336
0 0.04341145833333334 0.5891203703703703 0.08276041666666667 0.4313888888888889
0 0.21005208333333333 0.4823148148148148 0.023125 0.10425925925925926
0 0.633046875 0.45981481481481484 0.01921875 0.09037037037037036
0 0.307890625 0.45296296296296296 0.012135416666666668 0.05259259259259259
0 0.29440104166666664 0.454212962962963 0.011927083333333333 0.05361111111111111
0 0.3296875 0.4521296296296296 0.012708333333333332 0.053518518518518514
0 0.287890625 0.4555092592592592 0.012552083333333333 0.05675925925925926
