0 0.8706250000000001 0.5549999999999999 0.11270833333333334 0.7081481481481481
0 0.4246875 0.3355092592592593 0.04541666666666667 0.19212962962962962
0 0.6045572916666667 0.3255555555555556 0.03546875 0.1446296296296296
0 0.491171875 0.31958333333333333 0.026093750000000002 0.12546296296296297
0 0.2804427083333333 0.3123148148148148 0.026197916666666664 0.10462962962962963
0 0.12760416666666666 0.34569444444444447 0.0446875 0.21824074074074074
0 0.025260416666666667 0.305787037037037 0.01885416666666667 0.08601851851851852
0 0.5574999999999999 0.3130555555555556 0.026875 0.13574074074074075
0 0.45546875 0.31560185185185186 0.029895833333333333 0.14175925925925925
0 0.058203125 0.33078703703703705 0.03109375 0.13657407407407407
0 0.6276822916666666 0.30375 0.018281250000000002 0.1137962962962963
0 0.5224739583333333 0.2855555555555555 0.012552083333333333 0.05074074074074074
0 0.383515625 0.29527777777777775 0.012760416666666666 0.05740740740740741
0 0.39385416666666667 0.29314814814814816 0.010624999999999999 0.05648148148148148
0 0.3486197916666667 0.29814814814814816 0.01171875 0.05611111111111111
0 0.359609375 0.2988425925925926 0.011822916666666666 0.05805555555555556
0 0.10648437499999999 0.35657407407407404 0.032552083333333336 0.18462962962962964
0 0.33677083333333335 0.2965740740740741 0.011875 0.057962962962962966
