0 0.3252083333333334 0.4909259259259259 0.04864583333333334 0.19962962962962963
0 0.8111197916666666 0.4583333333333333 0.023489583333333335 0.10148148148148148
0 0.21307291666666667 0.48546296296296304 0.044375000000000005 0.1725925925925926
0 0.611484375 0.44277777777777777 0.025364583333333336 0.11
0 0.7369791666666666 0.4976851851851852 0.04645833333333334 0.2525925925925926
0 0.5819791666666667 0.4487037037037037 0.020833333333333332 0.09925925925925926
0 0.28049479166666663 0.48703703703703705 0.03390625 0.17092592592592593
0 0.15895833333333334 0.4408796296296296 0.016354166666666666 0.06712962962962964
0 0.253515625 0.48680555555555555 0.03390625 0.16231481481481483
0 0.55484375 0.43675925925925924 0.017916666666666668 0.08
0 0.41583333333333333 0.4423148148148149 0.011354166666666667 0.06222222222222223
0 0.3712239583333333 0.43555555555555553 0.012239583333333333 0.056296296296296296
0 0.3969531250000001 0.4386111111111111 0.01140625 0.05611111111111111
0 0.3905989583333333 0.4362037037037037 0.01203125 0.05388888888888889
0 0.3623177083333333 0.4387037037037037 0.012135416666666668 0.055740740740740743
