0 0.534765625 0.40162037037037035 0.03578125 0.15694444444444444
0 0.43296875 0.3790277777777778 0.022500000000000003 0.11805555555555555
0 0.03424479166666667 0.4373611111111111 0.060468749999999995 0.23879629629629628
0 0.18341145833333336 0.40055555555555555 0.026614583333333334 0.12037037037037036
0 0.4709895833333333 0.38101851851851853 0.0259375 0.12185185185185185
0 0.9395572916666667 0.5783796296296297 0.12192708333333332 0.5686111111111112
0 0.33479166666666665 0.3897685185185185 0.034895833333333334 0.1449074074074074
0 0.28247395833333333 0.3834722222222222 0.021614583333333333 0.10416666666666667
0 0.5956770833333334 0.3880092592592592 0.03197916666666666 0.17009259259259257
0 0.12278645833333333 0.39162037037037034 0.020364583333333335 0.10046296296296296
0 0.3920052083333333 0.37254629629629626 0.01963541666666667 0.045648148148148146
0 0.8320572916666668 0.3939351851851852 0.03401041666666667 0.1400925925925926
0 0.09729166666666665 0.372037037037037 0.012083333333333333 0.060925925925925925
0 0.49338541666666663 0.3720833333333334 0.018020833333333333 0.10342592592592594
0 0.26203125 0.3809722222222222 0.012916666666666667 0.07583333333333334
0 0.10377604166666667 0.3762037037037037 0.012135416666666668 0.07055555555555555
0 0.411328125 0.3743518518518519 0.020885416666666667 0.05462962962962963
