0 0.449296875 0.47310185185185183 0.02765625 0.07138888888888888
0 0.6062760416666666 0.6483333333333334 0.10255208333333334 0.5614814814814815
0 0.510078125 0.6338425925925926 0.07536458333333333 0.48787037037037034
0 0.2618489583333333 0.47199074074074077 0.018385416666666664 0.10583333333333333
0 0.19184895833333332 0.5674074074074074 0.09994791666666666 0.38740740740740737
0 0.42934895833333336 0.46925925925925926 0.029427083333333333 0.0587037037037037
0 0.7939583333333334 0.4568055555555556 0.024166666666666666 0.10435185185185185
0 0.3500520833333333 0.4631018518518518 0.013958333333333333 0.06935185185185186
0 0.054375 0.5662499999999999 0.07270833333333333 0.31916666666666665
0 0.3393489583333334 0.45819444444444446 0.012864583333333334 0.060648148148148145
0 0.30971354166666665 0.4522222222222222 0.011510416666666667 0.05462962962962963
0 0.2965364583333333 0.45337962962962963 0.009947916666666667 0.05453703703703704
0 0.3284114583333333 0.45379629629629625 0.021927083333333333 0.05962962962962964
