0 0.5012500000000001 0.49907407407407406 0.051250000000000004 0.10333333333333333
0 0.4493489583333333 0.4734259259259259 0.02796875 0.0712962962962963
0 0.2790885416666667 0.5542592592592592 0.05932291666666667 0.29203703703703704
0 0.20651041666666667 0.462037037037037 0.022604166666666665 0.09962962962962962
0 0.347734375 0.538425925925926 0.04671875 0.2542592592592593
0 0.6657031250000001 0.46069444444444446 0.018385416666666664 0.09601851851851852
0 0.7902604166666667 0.45796296296296296 0.029375 0.12
0 0.22919270833333333 0.4640740740740741 0.02234375 0.08185185185185186
0 0.5356770833333333 0.46300925925925923 0.021770833333333333 0.10583333333333333
0 0.5770052083333332 0.5002777777777777 0.017239583333333332 0.10888888888888888
0 0.5588020833333334 0.4991666666666667 0.02020833333333333 0.10333333333333333
0 0.4290364583333333 0.46828703703703706 0.029322916666666664 0.057129629629629634
0 0.5827343749999999 0.4552777777777778 0.02109375 0.10092592592592593
0 0.3135677083333333 0.48351851851851857 0.02265625 0.1259259259259259
0 0.9592447916666667 0.585138888888889 0.08255208333333333 0.44305555555555554
