0 0.280546875 0.43148148148148147 0.021510416666666664 0.09222222222222222
0 0.6448177083333333 0.45217592592592587 0.023177083333333334 0.11287037037037037
0 0.31817708333333333 0.4232870370370371 0.0140625 0.06824074074074074
0 0.3941145833333333 0.4390277777777778 0.0253125 0.11583333333333333
0 0.020078125000000002 0.46879629629629627 0.03796875 0.19333333333333336
0 0.46536458333333336 0.4633333333333333 0.03677083333333333 0.15722222222222224
0 0.8786979166666666 0.6494907407407408 0.133125 0.7028703703703704
0 0.3690625 0.43810185185185185 0.023125 0.11138888888888888
0 0.439140625 0.4383796296296296 0.022239583333333333 0.11342592592592593
0 0.25122395833333333 0.4311574074074074 0.021822916666666668 0.05731481481481481
0 0.23950520833333336 0.43574074074074076 0.02713541666666667 0.08666666666666666
