0 0.44895833333333335 0.47254629629629624 0.0275 0.07157407407407407
0 0.6179947916666666 0.6574999999999999 0.11203125 0.5840740740740741
0 0.323359375 0.546574074074074 0.07671875 0.3277777777777778
0 0.05880208333333334 0.5717592592592593 0.10354166666666667 0.34925925925925927
0 0.16820312499999998 0.5797222222222221 0.06453125 0.3272222222222222
0 0.4294791666666667 0.4691666666666667 0.029375 0.05703703703703704
0 0.22614583333333332 0.5470833333333333 0.07833333333333334 0.2823148148148148
0 0.5426562500000001 0.6360648148148148 0.07229166666666667 0.4860185185185185
0 0.25494791666666666 0.4695833333333333 0.02020833333333333 0.09657407407407408
0 0.27486979166666664 0.45560185185185187 0.012552083333333333 0.05990740740740741
0 0.5067968749999999 0.49583333333333335 0.032864583333333336 0.18222222222222223
