0 0.8222395833333332 0.5819444444444445 0.125625 0.6909259259259259
0 0.041171875 0.3686574074074074 0.039739583333333335 0.18305555555555555
0 0.38419270833333335 0.35120370370370374 0.04369791666666667 0.1864814814814815
0 0.6221354166666667 0.3592592592592593 0.03697916666666667 0.1537037037037037
0 0.6576041666666667 0.3380092592592593 0.019270833333333334 0.11083333333333334
0 0.17166666666666666 0.335 0.022604166666666665 0.1111111111111111
0 0.51828125 0.34671296296296295 0.03166666666666666 0.16157407407407406
0 0.4493229166666667 0.3196296296296296 0.011979166666666667 0.0587037037037037
0 0.9419270833333333 0.587361111111111 0.1171875 0.7132407407407407
0 0.296953125 0.3453703703703704 0.030885416666666665 0.15648148148148147
0 0.5977864583333333 0.3384259259259259 0.023489583333333335 0.12166666666666667
0 0.5740364583333333 0.317037037037037 0.012864583333333334 0.05
0 0.41578125 0.31754629629629627 0.0125 0.056574074074074075
0 0.15986979166666665 0.31384259259259256 0.015156250000000001 0.07342592592592592
0 0.535546875 0.3445833333333333 0.03109375 0.1391666666666667
0 0.31427083333333333 0.33023148148148146 0.023958333333333335 0.11898148148148148
0 0.4946875 0.33319444444444446 0.0171875 0.08861111111111111
