0 0.3080208333333333 0.42495370370370367 0.07270833333333333 0.34675925925925927
0 0.6105989583333333 0.38083333333333336 0.033177083333333336 0.14685185185185184
0 0.5677083333333334 0.37481481481481477 0.027083333333333334 0.1590740740740741
0 0.5230729166666667 0.34703703703703703 0.014166666666666666 0.0587037037037037
0 0.6669531250000001 0.36680555555555555 0.020468749999999997 0.11287037037037037
0 0.48289062499999996 0.3715277777777778 0.02744791666666667 0.12768518518518518
0 0.446171875 0.37287037037037035 0.029531250000000002 0.14685185185185184
0 0.3538802083333333 0.34509259259259256 0.013072916666666667 0.06703703703703705
0 0.3769010416666667 0.3448148148148148 0.011927083333333333 0.061481481481481484
0 0.24466145833333333 0.3527314814814815 0.017343749999999998 0.09712962962962964
0 0.3679947916666667 0.3447685185185185 0.01609375 0.06657407407407408
0 0.1981510416666667 0.4144907407407407 0.06994791666666668 0.29898148148148146
0 0.49830729166666665 0.3500462962962963 0.01578125 0.06638888888888889
