0 0.652265625 0.0836574074074074 0.03234375 0.10916666666666668
0 0.7729687500000001 0.07712962962962963 0.028854166666666667 0.13518518518518519
0 0.3781770833333333 0.24421296296296297 0.040937499999999995 0.10379629629629629
0 0.23234375 0.1112962962962963 0.03114583333333333 0.15537037037037038
0 0.184140625 0.6535648148148148 0.04453125 0.23157407407407407
0 0.4294791666666667 0.21851851851851853 0.030729166666666665 0.1612962962962963
0 0.91640625 0.5215277777777778 0.041041666666666664 0.1965740740740741
0 0.07005208333333333 0.4135648148148148 0.027395833333333335 0.17620370370370372
0 0.20104166666666667 0.1846759259259259 0.028958333333333332 0.1636111111111111
0 0.898984375 0.11884259259259261 0.030052083333333333 0.14842592592592593
0 0.2554166666666667 0.20828703703703702 0.03958333333333333 0.1863888888888889
0 0.13825520833333332 0.4403240740740741 0.029947916666666668 0.1763888888888889
0 0.5025 0.12842592592592592 0.03270833333333333 0.1612962962962963
0 0.8010416666666667 0.6655092592592593 0.0475 0.22546296296296298
0 0.159453125 0.20189814814814816 0.02890625 0.15787037037037038
0 0.1275 0.19819444444444445 0.029166666666666667 0.15305555555555556
0 0.5381510416666667 0.15680555555555556 0.032864583333333336 0.17009259259259257
0 0.3813541666666667 0.07439814814814816 0.0278125 0.14564814814814817
0 0.29260416666666667 0.5234722222222222 0.03520833333333333 0.20027777777777778
0 0.4814322916666666 0.48814814814814816 0.03755208333333333 0.18185185185185185
0 0.5655208333333334 0.15050925925925926 0.028854166666666667 0.15305555555555556
0 0.4535677083333333 0.4866203703703703 0.04203125 0.1950925925925926
0 0.196640625 0.9071296296296296 0.05182291666666667 0.1875925925925926
0 0.39427083333333335 0.17092592592592593 0.02364583333333333 0.1575925925925926
0 0.24971354166666665 0.5138425925925927 0.03640625 0.2187962962962963
0 0.22557291666666668 0.4802314814814815 0.0421875 0.21694444444444447
0 0.2778385416666667 0.17421296296296296 0.02359375 0.15916666666666668
0 0.5038541666666666 0.9219444444444443 0.04114583333333333 0.15796296296296294
0 0.218359375 0.8585648148148148 0.055260416666666666 0.24509259259259258
