0 0.6525000000000001 0.08277777777777778 0.0321875 0.11037037037037037
0 0.378359375 0.24365740740740738 0.04161458333333334 0.10490740740740741
0 0.43286458333333333 0.2098611111111111 0.03864583333333334 0.16064814814814815
0 0.7894791666666666 0.05541666666666667 0.0325 0.10898148148148148
0 0.24770833333333334 0.29550925925925925 0.035520833333333335 0.1749074074074074
0 0.6055729166666667 0.1388888888888889 0.03333333333333333 0.15648148148148147
0 0.7847395833333334 0.19143518518518518 0.03114583333333333 0.14953703703703702
0 0.8473958333333333 0.6547222222222221 0.05364583333333333 0.22
0 0.3038541666666667 0.18726851851851853 0.029895833333333333 0.15916666666666668
0 0.4051822916666667 0.13995370370370372 0.029427083333333333 0.15138888888888888
0 0.8616927083333333 0.16643518518518519 0.03015625 0.15638888888888888
0 0.13874999999999998 0.20208333333333334 0.030520833333333334 0.15657407407407406
0 0.9164322916666666 0.52 0.040468750000000005 0.19703703703703704
0 0.19296875 0.8161111111111111 0.049479166666666664 0.2474074074074074
0 0.6796354166666667 0.8568055555555556 0.049479166666666664 0.26342592592592595
0 0.200625 0.2932407407407408 0.03166666666666666 0.16833333333333333
0 0.4638541666666667 0.45643518518518517 0.03333333333333333 0.19675925925925927
0 0.22302083333333333 0.4512037037037037 0.034270833333333334 0.20222222222222222
0 0.9229947916666666 0.20078703703703704 0.030052083333333333 0.16175925925925924
0 0.7511979166666667 0.0562962962962963 0.024687499999999998 0.10962962962962963
0 0.2621614583333333 0.10013888888888889 0.028281249999999997 0.14083333333333334
0 0.5086979166666666 0.44296296296296295 0.03520833333333333 0.20314814814814816
0 0.9327604166666668 0.7402777777777778 0.04739583333333333 0.2312962962962963
0 0.19164062499999998 0.45166666666666666 0.041093750000000005 0.17814814814814817
0 0.14611979166666667 0.0563425925925926 0.02744791666666667 0.11083333333333334
0 0.24072916666666666 0.15041666666666664 0.029062499999999998 0.16842592592592592
0 0.17770833333333333 0.24208333333333332 0.03270833333333333 0.18305555555555555
0 0.2646614583333333 0.2784259259259259 0.024739583333333332 0.16425925925925927
