0 0.32390625 0.609675925925926 0.08364583333333334 0.42694444444444446
0 0.6325781250000001 0.46111111111111114 0.020468749999999997 0.09222222222222222
0 0.22429687499999998 0.4820833333333333 0.03307291666666667 0.0975
0 0.408203125 0.5603703703703704 0.06276041666666667 0.31574074074074077
0 0.5769791666666666 0.5011111111111112 0.020520833333333332 0.10851851851851853
0 0.5321354166666666 0.4585185185185185 0.0203125 0.09722222222222222
0 0.20546875 0.462037037037037 0.0234375 0.09796296296296296
0 0.4581510416666667 0.5474537037037037 0.04317708333333334 0.26694444444444443
0 0.2559375 0.4839814814814815 0.020833333333333332 0.10444444444444444
0 0.558203125 0.4988425925925926 0.020885416666666667 0.10305555555555555
0 0.59703125 0.4638425925925926 0.017812500000000002 0.08472222222222223
0 0.48658854166666665 0.5154629629629629 0.03755208333333333 0.22092592592592591
0 0.2690885416666667 0.46574074074074073 0.015260416666666667 0.08722222222222223
