0 0.11044270833333333 0.3761574074074074 0.047447916666666666 0.14694444444444443
0 0.513671875 0.36523148148148155 0.02921875 0.13953703703703701
0 0.46507812499999995 0.36185185185185187 0.03078125 0.1487037037037037
0 0.5802604166666666 0.3360648148148148 0.0171875 0.06305555555555555
0 0.6458333333333334 0.3744444444444444 0.030833333333333334 0.20203703703703701
0 0.21080729166666667 0.42412037037037037 0.09505208333333333 0.37601851851851853
0 0.3464583333333333 0.35041666666666665 0.022291666666666664 0.09583333333333334
0 0.14966145833333336 0.37462962962962965 0.03276041666666667 0.13870370370370372
0 0.2886197916666667 0.3727314814814815 0.026302083333333334 0.1486111111111111
0 0.3858333333333333 0.3420370370370371 0.0159375 0.06685185185185186
0 0.48854166666666665 0.3543055555555556 0.022916666666666665 0.06953703703703704
0 0.5447916666666667 0.33231481481481484 0.0115625 0.041851851851851855
0 0.531875 0.33296296296296296 0.022916666666666665 0.06407407407407407
0 0.3617708333333333 0.3426388888888888 0.023854166666666666 0.07435185185185185
0 0.39609375 0.337037037037037 0.013229166666666665 0.058333333333333334
0 0.5009895833333333 0.360787037037037 0.021770833333333333 0.09657407407407408
