0 0.6525260416666666 0.08287037037037037 0.032656250000000005 0.10981481481481481
0 0.5034635416666666 0.07472222222222223 0.031510416666666666 0.1475925925925926
0 0.3782552083333333 0.24328703703703702 0.04119791666666666 0.10527777777777778
0 0.201015625 0.18300925925925926 0.028072916666666666 0.16620370370370371
0 0.5388020833333333 0.08472222222222223 0.029062499999999998 0.14592592592592593
0 0.2538020833333333 0.2930092592592593 0.03833333333333333 0.18175925925925926
0 0.7296093750000001 0.5918055555555556 0.03901041666666667 0.19342592592592592
0 0.9161718750000001 0.5202314814814815 0.04078125 0.19842592592592595
0 0.07223958333333333 0.41152777777777777 0.0278125 0.17675925925925925
0 0.4596354166666667 0.06611111111111112 0.027083333333333334 0.1303703703703704
0 0.16309895833333332 0.19652777777777777 0.028281249999999997 0.15916666666666668
0 0.4297395833333333 0.22013888888888888 0.027395833333333335 0.15805555555555553
0 0.9290104166666666 0.2196759259259259 0.035 0.1587962962962963
0 0.16111979166666668 0.715462962962963 0.046614583333333334 0.24111111111111108
0 0.8326822916666666 0.6808333333333334 0.038697916666666665 0.22333333333333333
0 0.14075520833333333 0.3002314814814815 0.026510416666666665 0.1663888888888889
0 0.2068229166666667 0.7341666666666666 0.0396875 0.22685185185185186
0 0.424375 0.64625 0.03947916666666666 0.23342592592592593
0 0.4890625 0.6522685185185185 0.0609375 0.22546296296296298
0 0.89 0.42907407407407405 0.03625 0.18166666666666664
0 0.2894270833333333 0.14425925925925928 0.02802083333333333 0.1585185185185185
0 0.9808072916666666 0.46120370370370367 0.039427083333333335 0.19296296296296298
0 0.129765625 0.1988425925925926 0.029427083333333333 0.14435185185185187
0 0.23177083333333334 0.06412037037037037 0.022708333333333334 0.12638888888888888
0 0.23908854166666668 0.19134259259259256 0.031614583333333335 0.15842592592592591
0 0.9032812499999999 0.1749537037037037 0.0359375 0.15861111111111112
0 0.204765625 0.06425925925925927 0.031822916666666666 0.1225925925925926
0 0.5243229166666666 0.6567592592592593 0.043645833333333335 0.20351851851851852
0 0.39234375 0.04476851851851852 0.026354166666666668 0.08675925925925926
0 0.38656250000000003 0.16305555555555554 0.0309375 0.16074074074074074
0 0.40578125000000004 0.15134259259259258 0.025104166666666667 0.14342592592592593
0 0.550625 0.9272685185185184 0.04552083333333334 0.14731481481481482
0 0.25229166666666664 0.1325925925925926 0.0340625 0.19037037037037036
