0 0.5009635416666667 0.4988425925925926 0.048906250000000005 0.10379629629629629
0 0.4493229166666666 0.4728703703703704 0.0275 0.0712962962962963
0 0.32796875000000003 0.5332870370370371 0.043854166666666666 0.24583333333333332
0 0.26265625 0.5435648148148148 0.0665625 0.26416666666666666
0 0.20666666666666667 0.46259259259259256 0.022395833333333334 0.09703703703703703
0 0.5390885416666666 0.45560185185185187 0.021927083333333333 0.10657407407407407
0 0.6636458333333334 0.4613888888888889 0.018020833333333333 0.09351851851851851
0 0.4292447916666667 0.4689814814814815 0.029010416666666667 0.058333333333333334
0 0.7821614583333333 0.5614351851851851 0.06890625 0.3712037037037037
0 0.5766145833333333 0.5018981481481483 0.017812500000000002 0.10916666666666668
0 0.736328125 0.4638888888888889 0.031197916666666665 0.11722222222222221
0 0.5595572916666668 0.4999537037037036 0.019947916666666666 0.1000925925925926
0 0.583359375 0.45578703703703705 0.02140625 0.1000925925925926
0 0.8348697916666665 0.5574537037037036 0.07484375 0.32935185185185184
0 0.22781250000000003 0.46435185185185185 0.021666666666666667 0.08
0 0.3561458333333334 0.5120833333333334 0.02625 0.16194444444444445
