0 0.09932291666666666 0.35625 0.06125 0.24194444444444446
0 0.41937499999999994 0.3421759259259259 0.048854166666666664 0.2200925925925926
0 0.4697135416666667 0.3200462962962963 0.03046875 0.1462037037037037
0 0.6261979166666667 0.33046296296296296 0.0334375 0.14351851851851852
0 0.9266145833333334 0.5713425925925926 0.13354166666666664 0.7039814814814814
0 0.5754947916666667 0.3183796296296296 0.02723958333333333 0.14527777777777778
0 0.5064583333333333 0.32055555555555554 0.0265625 0.12648148148148147
0 0.6490885416666666 0.3101388888888889 0.019947916666666666 0.11361111111111111
0 0.024401041666666668 0.30504629629629626 0.018802083333333334 0.09157407407407409
0 0.53671875 0.29310185185185184 0.012395833333333333 0.05472222222222222
0 0.38546875 0.2947222222222222 0.011458333333333333 0.065
0 0.3 0.31384259259259256 0.025 0.09768518518518518
0 0.36976562500000004 0.2982870370370371 0.010885416666666667 0.06583333333333333
