0 0.4535677083333333 0.3475 0.032239583333333335 0.16925925925925928
0 0.6283072916666667 0.34629629629629627 0.032135416666666666 0.13777777777777778
0 0.49296875 0.35236111111111107 0.028645833333333332 0.14324074074074072
0 0.38054687500000006 0.3367592592592593 0.020781249999999998 0.09925925925925926
0 0.08611979166666668 0.5278703703703704 0.16723958333333336 0.6633333333333333
0 0.33596354166666664 0.32675925925925925 0.018281250000000002 0.0674074074074074
0 0.738359375 0.3826851851851852 0.05723958333333334 0.32296296296296295
0 0.5211458333333333 0.3524537037037037 0.025416666666666664 0.07601851851851851
0 0.5512499999999999 0.32212962962962965 0.014895833333333334 0.06314814814814815
0 0.18916666666666665 0.4062962962962963 0.04583333333333333 0.24592592592592594
0 0.5768749999999999 0.3176388888888889 0.011041666666666667 0.046203703703703705
0 0.40424479166666666 0.32458333333333333 0.012760416666666666 0.059722222222222225
0 0.365625 0.31930555555555556 0.0134375 0.050462962962962966
