0 0.8962239583333333 0.6377777777777779 0.04171875 0.18907407407407406
0 0.14760416666666665 0.5949074074074074 0.027083333333333334 0.12574074074074076
0 0.9389322916666667 0.5662499999999999 0.02432291666666667 0.09583333333333334
0 0.11820312499999999 0.5910648148148149 0.025364583333333336 0.12342592592592594
0 0.25677083333333334 0.5697222222222222 0.0209375 0.10777777777777778
0 0.38893229166666665 0.5085648148148149 0.011093750000000001 0.05453703703703704
0 0.7196614583333333 0.5154166666666666 0.01484375 0.060833333333333336
0 0.6442447916666667 0.4938425925925926 0.012239583333333333 0.04675925925925926
0 0.3508072916666667 0.5032407407407408 0.010885416666666667 0.05666666666666667
0 0.22791666666666668 0.5757870370370369 0.021458333333333336 0.09824074074074074
0 0.8363541666666666 0.5043981481481481 0.012708333333333332 0.05472222222222222
0 0.49940104166666666 0.4788425925925926 0.0066145833333333326 0.02861111111111111
0 0.6939322916666666 0.5014351851851853 0.012343749999999999 0.048796296296296296
0 0.20997395833333335 0.5769444444444444 0.018072916666666668 0.09685185185185184
0 0.798046875 0.5087037037037037 0.013177083333333334 0.05277777777777778
0 0.19481770833333334 0.5700000000000001 0.016614583333333332 0.08277777777777778
0 0.6183072916666666 0.4833796296296296 0.008697916666666666 0.04175925925925926
0 0.8234895833333333 0.5063425925925926 0.0115625 0.05138888888888889
0 0.2676822916666667 0.5564814814814815 0.01765625 0.0961111111111111
0 0.79109375 0.507175925925926 0.011145833333333332 0.04842592592592592
0 0.6522135416666667 0.4940740740740741 0.011093750000000001 0.04555555555555556
0 0.7124739583333334 0.5112962962962962 0.01203125 0.05259259259259259
0 0.738359375 0.5050925925925925 0.010364583333333333 0.04259259259259259
0 0.7793229166666666 0.5047222222222222 0.010729166666666668 0.042222222222222223
