0 0.8466145833333333 0.6974537037037037 0.04645833333333334 0.1834259259259259
0 0.7355989583333333 0.6687962962962962 0.047760416666666666 0.19314814814814815
0 0.7757031249999999 0.7241666666666667 0.03578125 0.19111111111111112
0 0.061822916666666665 0.7069444444444445 0.024479166666666666 0.1585185185185185
0 0.02755208333333333 0.736574074074074 0.023958333333333335 0.15055555555555555
0 0.8108072916666667 0.5647685185185186 0.018593750000000003 0.09694444444444444
0 0.768671875 0.562962962962963 0.020677083333333336 0.07518518518518519
0 0.7132031249999999 0.5160185185185184 0.011302083333333332 0.04796296296296296
0 0.7484635416666666 0.5591203703703704 0.016927083333333332 0.07361111111111111
0 0.0428125 0.7235648148148148 0.023125 0.1439814814814815
0 0.7978645833333334 0.559212962962963 0.0153125 0.08046296296296297
0 0.722265625 0.5293055555555556 0.01421875 0.05009259259259259
