0 0.9411197916666667 0.6006481481481482 0.11880208333333334 0.5048148148148148
0 0.2946354166666667 0.4146296296296296 0.019895833333333335 0.09648148148148149
0 0.44192708333333336 0.4439814814814815 0.034687499999999996 0.15722222222222224
0 0.25908854166666667 0.4061111111111111 0.020572916666666666 0.04666666666666667
0 0.1678125 0.41393518518518513 0.017916666666666668 0.08361111111111111
0 0.6611979166666667 0.4304166666666666 0.024270833333333335 0.11601851851851852
0 0.36015625 0.41814814814814816 0.022708333333333334 0.11314814814814815
0 0.3973697916666667 0.4124537037037037 0.018177083333333333 0.10212962962962963
0 0.3132291666666667 0.40046296296296297 0.0153125 0.06574074074074074
0 0.380546875 0.4139814814814815 0.025364583333333336 0.11388888888888889
0 0.148359375 0.40837962962962965 0.011614583333333334 0.05824074074074074
