0 0.6522395833333333 0.08212962962962964 0.03229166666666667 0.11
0 0.37854166666666667 0.24328703703703702 0.04145833333333333 0.10490740740740741
0 0.4351041666666667 0.21041666666666667 0.039375 0.16212962962962962
0 0.8859895833333333 0.10486111111111111 0.028125 0.15046296296296297
0 0.26614583333333336 0.056157407407407406 0.024583333333333336 0.1050925925925926
0 0.16236979166666668 0.679074074074074 0.04380208333333333 0.2288888888888889
0 0.7824479166666667 0.13430555555555557 0.03135416666666667 0.14527777777777778
0 0.8471354166666667 0.6549537037037036 0.0540625 0.21768518518518518
0 0.9170572916666667 0.518425925925926 0.04078125 0.19648148148148148
0 0.19895833333333332 0.35962962962962963 0.04020833333333333 0.17037037037037037
0 0.749453125 0.09453703703703703 0.02734375 0.14407407407407408
0 0.24000000000000002 0.3594444444444445 0.029270833333333336 0.1887037037037037
0 0.3068489583333333 0.1886574074074074 0.03036458333333333 0.16027777777777777
0 0.5759114583333333 0.056805555555555554 0.03057291666666667 0.11175925925925927
0 0.4064583333333333 0.14125000000000001 0.028645833333333332 0.15287037037037038
0 0.17408854166666668 0.24027777777777778 0.038385416666666665 0.1811111111111111
0 0.14661458333333333 0.05740740740740741 0.028333333333333332 0.11259259259259259
0 0.13921875 0.1985185185185185 0.028541666666666667 0.15333333333333332
0 0.5417187499999999 0.5700462962962963 0.04447916666666667 0.2200925925925926
0 0.26315104166666664 0.2226388888888889 0.03171875 0.17379629629629628
0 0.4984895833333333 0.5819444444444445 0.037083333333333336 0.215
0 0.23286458333333335 0.21550925925925926 0.031875 0.16342592592592592
0 0.8298437500000001 0.07685185185185185 0.0259375 0.13222222222222224
