0 0.6524739583333333 0.08263888888888889 0.03203125 0.1087962962962963
0 0.3784635416666667 0.2434259259259259 0.04151041666666667 0.10462962962962963
0 0.787265625 0.07421296296296295 0.03046875 0.13712962962962963
0 0.3069270833333333 0.1835185185185185 0.02802083333333333 0.16685185185185183
0 0.9164843749999999 0.5186574074074074 0.04953125 0.1913888888888889
0 0.8531770833333334 0.21425925925925923 0.036145833333333335 0.1688888888888889
0 0.7823177083333335 0.20189814814814816 0.02671875 0.16194444444444445
0 0.23536458333333335 0.21643518518518517 0.03864583333333334 0.15305555555555556
0 0.26489583333333333 0.2147685185185185 0.024791666666666667 0.1686111111111111
0 0.84515625 0.6534259259259259 0.050520833333333334 0.21833333333333335
0 0.25958333333333333 0.08680555555555555 0.02322916666666667 0.1297222222222222
0 0.20052083333333334 0.1814814814814815 0.026354166666666668 0.1612962962962963
0 0.17419270833333333 0.4528240740740741 0.03911458333333333 0.19916666666666666
0 0.661328125 0.8781944444444445 0.04807291666666667 0.24212962962962964
0 0.7056770833333333 0.856574074074074 0.04791666666666667 0.25092592592592594
0 0.4303645833333334 0.21069444444444443 0.024583333333333336 0.1636111111111111
0 0.40377604166666664 0.14680555555555558 0.026093750000000002 0.1436111111111111
0 0.21838541666666667 0.616111111111111 0.035416666666666666 0.22777777777777777
0 0.5441927083333333 0.041851851851851855 0.032135416666666666 0.08185185185185186
0 0.14880208333333333 0.2751851851851852 0.030729166666666665 0.18166666666666664
0 0.22807291666666668 0.0987037037037037 0.030312500000000003 0.15185185185185185
0 0.173828125 0.2793981481481482 0.03046875 0.17046296296296296
0 0.13236979166666668 0.20069444444444445 0.02744791666666667 0.1537962962962963
0 0.456484375 0.9308796296296297 0.040364583333333336 0.1400925925925926
