0 0.6523177083333334 0.08388888888888889 0.032552083333333336 0.11222222222222222
0 0.3783333333333333 0.24375 0.040937499999999995 0.1062037037037037
0 0.7915364583333333 0.07060185185185185 0.03046875 0.13305555555555554
0 0.426640625 0.21430555555555555 0.03411458333333333 0.1649074074074074
0 0.2941145833333333 0.1836574074074074 0.03208333333333333 0.16268518518518518
0 0.9550520833333334 0.3010185185185185 0.03697916666666667 0.17055555555555554
0 0.214453125 0.29361111111111116 0.033177083333333336 0.18129629629629632
0 0.8879947916666666 0.3574537037037037 0.04567708333333333 0.19212962962962962
0 0.9158072916666666 0.5206944444444445 0.04463541666666667 0.1960185185185185
0 0.4690364583333333 0.05143518518518518 0.027864583333333335 0.10101851851851851
0 0.11690104166666666 0.36634259259259255 0.03328125 0.17916666666666667
0 0.4203645833333333 0.6704166666666667 0.05072916666666667 0.23712962962962966
0 0.16440104166666666 0.19398148148148148 0.027760416666666666 0.16074074074074074
0 0.52765625 0.046851851851851846 0.027604166666666666 0.08944444444444444
0 0.1490625 0.9075 0.04145833333333333 0.18685185185185185
0 0.8784114583333333 0.07212962962962964 0.028072916666666666 0.14055555555555557
0 0.12921875 0.19962962962962963 0.029791666666666668 0.14722222222222223
0 0.843125 0.07092592592592592 0.028854166666666667 0.1385185185185185
0 0.8491927083333333 0.6539351851851852 0.03734375 0.22768518518518518
0 0.085703125 0.3501388888888889 0.027760416666666666 0.20083333333333334
0 0.229296875 0.20444444444444446 0.026197916666666664 0.15185185185185185
0 0.254921875 0.17273148148148149 0.033177083333333336 0.16472222222222221
0 0.40489583333333334 0.14763888888888888 0.025104166666666667 0.14287037037037037
0 0.20109375000000002 0.18254629629629626 0.027916666666666666 0.16027777777777777
0 0.5866145833333333 0.8483333333333334 0.049791666666666665 0.23425925925925925
0 0.4991666666666667 0.04537037037037037 0.030416666666666665 0.0887037037037037
0 0.5566666666666666 0.8341666666666666 0.06072916666666666 0.22518518518518518
0 0.5541927083333333 0.9386574074074074 0.041093750000000005 0.12453703703703704
