0 0.6522135416666667 0.0825462962962963 0.03203125 0.1100925925925926
0 0.37838541666666664 0.24393518518518517 0.04135416666666667 0.1050925925925926
0 0.43200520833333333 0.21009259259259258 0.03692708333333334 0.15888888888888889
0 0.9167187499999999 0.52 0.04302083333333333 0.19592592592592592
0 0.27239583333333334 0.3774074074074074 0.03822916666666667 0.1811111111111111
0 0.16424479166666667 0.19648148148148148 0.02765625 0.15592592592592594
0 0.13674479166666667 0.20574074074074075 0.029739583333333333 0.15351851851851853
0 0.6760416666666667 0.24680555555555556 0.03395833333333333 0.15546296296296297
0 0.45786458333333335 0.3284259259259259 0.033854166666666664 0.18203703703703702
0 0.5052083333333334 0.3199537037037037 0.034375 0.18675925925925924
0 0.40531249999999996 0.14472222222222222 0.0284375 0.1496296296296296
0 0.2098697916666667 0.3902777777777778 0.039427083333333335 0.18518518518518517
0 0.8466666666666668 0.6568981481481481 0.05385416666666667 0.22138888888888889
0 0.9034895833333333 0.2700462962962963 0.03239583333333333 0.16712962962962963
0 0.613828125 0.6440740740740741 0.04526041666666667 0.23148148148148148
0 0.17122395833333334 0.38685185185185184 0.03515625 0.1877777777777778
0 0.21229166666666668 0.5734722222222223 0.03364583333333333 0.21305555555555555
0 0.8982552083333334 0.7414814814814814 0.04265625 0.22
0 0.173125 0.5818981481481482 0.04572916666666667 0.19527777777777777
0 0.20890625000000002 0.1789351851851852 0.030312500000000003 0.16231481481481483
0 0.98 0.31430555555555556 0.03333333333333333 0.1834259259259259
0 0.7839062499999999 0.2684722222222222 0.0359375 0.15046296296296297
0 0.3208072916666666 0.616574074074074 0.03609375 0.22870370370370371
0 0.17020833333333335 0.061759259259259264 0.0190625 0.11925925925925927
0 0.24338541666666663 0.23689814814814814 0.0321875 0.15138888888888888
0 0.29705729166666667 0.1911574074074074 0.03203125 0.15916666666666668
0 0.27151041666666664 0.24310185185185182 0.034687499999999996 0.1821296296296296
