0 0.18067708333333332 0.5768981481481482 0.0265625 0.12009259259259258
0 0.8817708333333333 0.6161574074074073 0.03333333333333333 0.15861111111111112
0 0.9372395833333333 0.5585185185185184 0.023125 0.09314814814814815
0 0.9025260416666666 0.5376388888888889 0.02015625 0.09268518518518518
0 0.15447916666666667 0.5731944444444446 0.0253125 0.11916666666666666
0 0.3699739583333333 0.49319444444444444 0.011510416666666667 0.05583333333333333
0 0.26171875 0.5583333333333333 0.022708333333333334 0.09925925925925926
0 0.40934895833333335 0.4984259259259259 0.01078125 0.05259259259259259
0 0.2856510416666667 0.5508796296296297 0.02015625 0.10342592592592594
0 0.7275520833333334 0.5066203703703703 0.012916666666666667 0.057129629629629634
0 0.6571874999999999 0.48935185185185187 0.012187499999999999 0.044259259259259255
0 0.8129427083333333 0.5037499999999999 0.011822916666666666 0.051944444444444446
0 0.5203125 0.4700462962962963 0.0069791666666666665 0.029537037037037035
0 0.23359375 0.5547222222222221 0.0175 0.08481481481481482
0 0.636640625 0.4775462962962963 0.009947916666666667 0.03916666666666666
0 0.24453125 0.5562037037037038 0.01625 0.08796296296296297
0 0.713203125 0.49722222222222223 0.01265625 0.049444444444444444
0 0.7048958333333333 0.4943981481481482 0.012083333333333333 0.05138888888888889
0 0.8302864583333334 0.5015277777777778 0.011197916666666667 0.05398148148148148
0 0.8195052083333334 0.5051388888888888 0.013177083333333334 0.05305555555555555
0 0.6714322916666667 0.48976851851851844 0.010572916666666666 0.043611111111111114
0 0.631171875 0.4736111111111111 0.010052083333333333 0.0374074074074074
0 0.40296875 0.4968518518518519 0.011250000000000001 0.04962962962962963
