0 0.65234375 0.08421296296296296 0.03145833333333333 0.1100925925925926
0 0.37838541666666664 0.24393518518518517 0.04020833333333333 0.10472222222222222
0 0.8605989583333334 0.07226851851851851 0.03640625 0.1426851851851852
0 0.7625260416666666 0.05333333333333334 0.025989583333333333 0.10166666666666667
0 0.5483333333333333 0.48226851851851854 0.035416666666666666 0.18398148148148147
0 0.9264322916666666 0.15157407407407406 0.030989583333333334 0.14648148148148146
0 0.2440885416666667 0.40564814814814815 0.04255208333333334 0.19611111111111112
0 0.91640625 0.5217592592592593 0.04020833333333333 0.19907407407407407
0 0.5513802083333332 0.1340740740740741 0.028489583333333336 0.15574074074074074
0 0.16401041666666666 0.20180555555555554 0.028854166666666667 0.15916666666666668
0 0.07049479166666667 0.4117592592592593 0.02734375 0.17703703703703702
0 0.250625 0.17467592592592593 0.03625 0.18824074074074076
0 0.20458333333333334 0.1827314814814815 0.028645833333333332 0.16416666666666668
0 0.12325520833333332 0.20333333333333334 0.029635416666666668 0.14796296296296296
0 0.430859375 0.2196759259259259 0.03171875 0.1612037037037037
0 0.5183333333333333 0.13060185185185186 0.033125 0.15953703703703706
0 0.8348958333333333 0.6889814814814815 0.04958333333333333 0.22814814814814816
0 0.96734375 0.5386111111111112 0.036458333333333336 0.19240740740740742
0 0.13 0.3878240740740741 0.029479166666666667 0.1699074074074074
0 0.281640625 0.6454629629629629 0.05348958333333333 0.22555555555555554
0 0.22257812500000002 0.5771759259259259 0.04567708333333333 0.22675925925925927
0 0.2790885416666667 0.16157407407407406 0.022135416666666668 0.1537037037037037
0 0.4922395833333333 0.5422685185185185 0.04145833333333333 0.19472222222222224
0 0.45143229166666665 0.04685185185185185 0.025364583333333336 0.09111111111111111
0 0.9807552083333333 0.1288888888888889 0.026822916666666665 0.15018518518518517
0 0.4979427083333333 0.0824074074074074 0.03307291666666667 0.14925925925925926
0 0.461015625 0.5346759259259259 0.04505208333333333 0.20953703703703705
0 0.4095052083333333 0.1577314814814815 0.02276041666666667 0.14101851851851852
0 0.5177343750000001 0.9302314814814815 0.04151041666666667 0.14138888888888887
0 0.38421875 0.1648148148148148 0.02822916666666667 0.15814814814814815
