0 0.65234375 0.08412037037037036 0.03291666666666667 0.10990740740740741
0 0.2285677083333333 0.6518981481481482 0.05098958333333334 0.23416666666666666
0 0.37807291666666665 0.24351851851851852 0.040937499999999995 0.10407407407407408
0 0.8421354166666667 0.060231481481481476 0.03125 0.11861111111111111
0 0.25322916666666667 0.19152777777777777 0.0378125 0.1763888888888889
0 0.7688802083333334 0.06180555555555556 0.029010416666666667 0.12101851851851851
0 0.07013020833333333 0.41300925925925924 0.02755208333333333 0.17675925925925925
0 0.9126041666666667 0.13527777777777777 0.030625 0.14277777777777775
0 0.9165625 0.5225462962962963 0.04041666666666666 0.1950925925925926
0 0.43052083333333335 0.21833333333333335 0.0321875 0.16074074074074074
0 0.16200520833333334 0.20296296296296296 0.028697916666666667 0.1598148148148148
0 0.5285937500000001 0.14337962962962966 0.03145833333333333 0.1650925925925926
0 0.13770833333333335 0.41606481481481483 0.030312500000000003 0.17601851851851852
0 0.20401041666666667 0.18037037037037038 0.030000000000000002 0.16666666666666666
0 0.9713020833333333 0.5624074074074074 0.036875 0.19444444444444445
0 0.4998958333333333 0.10652777777777779 0.033854166666666664 0.1628703703703704
0 0.12531250000000002 0.20453703703703704 0.027916666666666666 0.14703703703703705
0 0.8208854166666667 0.6761574074074074 0.04416666666666667 0.22583333333333333
0 0.4857552083333333 0.5093981481481481 0.03630208333333333 0.1923148148148148
0 0.2818229166666667 0.16972222222222225 0.021041666666666667 0.15555555555555556
0 0.555859375 0.1437037037037037 0.02671875 0.14981481481481482
0 0.3891145833333333 0.16708333333333333 0.0271875 0.1575
0 0.28252604166666667 0.5587962962962963 0.03640625 0.20814814814814817
0 0.45882812500000003 0.5075000000000001 0.04255208333333334 0.20185185185185187
0 0.5103125 0.4586111111111111 0.0359375 0.17981481481481482
0 0.23393229166666668 0.12296296296296297 0.030260416666666668 0.1562962962962963
0 0.4167708333333333 0.1612037037037037 0.021666666666666667 0.14592592592592593
0 0.5072656249999999 0.9235185185185185 0.03598958333333333 0.1548148148148148
0 0.22138020833333333 0.9286574074074073 0.05130208333333333 0.14453703703703702
0 0.24671875 0.9035185185185186 0.04145833333333333 0.19481481481481483
