0 0.7857552083333332 0.6175 0.10682291666666667 0.6075925925925927
0 0.19658854166666667 0.3952777777777778 0.02755208333333333 0.11962962962962961
0 0.9275520833333334 0.61625 0.12291666666666666 0.6615740740740741
0 0.515859375 0.41583333333333333 0.03473958333333334 0.15092592592592594
0 0.32330729166666666 0.40398148148148144 0.04401041666666667 0.16555555555555557
0 0.4641145833333333 0.3957870370370371 0.0284375 0.13083333333333336
0 0.10145833333333333 0.39310185185185187 0.022500000000000003 0.10453703703703704
0 0.43507812500000004 0.39699074074074076 0.02734375 0.13453703703703704
0 0.2578385416666667 0.38592592592592595 0.02296875 0.115
0 0.5460677083333334 0.3877777777777778 0.017760416666666667 0.10888888888888888
0 0.6489322916666667 0.4337962962962963 0.04505208333333333 0.24444444444444444
0 0.41328125 0.3858333333333333 0.021458333333333336 0.05444444444444444
0 0.08265625 0.3672222222222222 0.013020833333333334 0.06018518518518518
0 0.49583333333333335 0.3921296296296296 0.020729166666666667 0.10981481481481481
0 0.3501822916666667 0.3712962962962963 0.012447916666666666 0.05814814814814814
0 0.24195312500000002 0.3829166666666667 0.01546875 0.0850925925925926
