0 0.334765625 0.6109259259259259 0.11046874999999999 0.44425925925925924
0 0.22588541666666667 0.4807407407407408 0.028958333333333332 0.09648148148148149
0 0.4840364583333333 0.5477314814814814 0.06619791666666666 0.2713888888888889
0 0.5772135416666667 0.5017592592592592 0.019947916666666666 0.10777777777777778
0 0.623203125 0.46194444444444444 0.020885416666666667 0.09351851851851851
0 0.20518229166666666 0.46125000000000005 0.022447916666666668 0.09731481481481481
0 0.4243229166666666 0.5698611111111112 0.059270833333333335 0.3221296296296296
0 0.5582812500000001 0.49745370370370373 0.020833333333333332 0.10305555555555555
0 0.254453125 0.4812962962962963 0.017760416666666667 0.10018518518518518
0 0.529375 0.45787037037037037 0.02 0.09796296296296296
0 0.6051041666666667 0.461712962962963 0.0171875 0.0862037037037037
0 0.271796875 0.46749999999999997 0.01578125 0.08833333333333333
0 0.26328125 0.4730555555555555 0.014791666666666667 0.09296296296296297
