0 0.44906250000000003 0.47337962962962965 0.028125 0.07157407407407407
0 0.10330729166666666 0.5706944444444444 0.09536458333333334 0.33694444444444444
0 0.3472395833333333 0.5371759259259259 0.06291666666666666 0.3202777777777778
0 0.6181770833333334 0.6530092592592592 0.11291666666666668 0.5526851851851852
0 0.20739583333333333 0.5785648148148147 0.08833333333333333 0.329537037037037
0 0.42942708333333335 0.46949074074074076 0.028958333333333332 0.05731481481481481
0 0.4922916666666666 0.4894907407407407 0.03104166666666667 0.1649074074074074
0 0.5434895833333333 0.6299074074074074 0.06875 0.47370370370370374
0 0.25341145833333334 0.5501388888888888 0.06234375 0.27768518518518515
0 0.29539062499999996 0.45384259259259263 0.01015625 0.05101851851851852
0 0.28325520833333334 0.45625 0.012239583333333333 0.0512037037037037
