0 0.3785416666666667 0.24361111111111108 0.04083333333333334 0.10537037037037036
0 0.7887760416666667 0.1335185185185185 0.02890625 0.13703703703703704
0 0.7369010416666666 0.6387962962962963 0.05546875 0.22666666666666668
0 0.29049479166666664 0.21564814814814814 0.05151041666666667 0.17148148148148148
0 0.38153645833333333 0.07356481481481482 0.02921875 0.14527777777777778
0 0.586484375 0.2809259259259259 0.03651041666666666 0.16833333333333333
0 0.9219010416666666 0.5225462962962963 0.040052083333333335 0.19916666666666666
0 0.43059895833333334 0.21791666666666668 0.03244791666666667 0.1625
0 0.16380208333333332 0.19518518518518518 0.029166666666666667 0.15814814814814815
0 0.6430208333333334 0.08736111111111111 0.03739583333333333 0.1050925925925926
0 0.9515885416666666 0.27578703703703705 0.03546875 0.17212962962962963
0 0.5594010416666666 0.20935185185185187 0.04140625 0.16999999999999998
0 0.07557291666666667 0.6227777777777777 0.0446875 0.23574074074074072
0 0.8681249999999999 0.3300925925925926 0.034375 0.17444444444444446
0 0.216328125 0.4903703703703704 0.04401041666666667 0.22648148148148148
0 0.12799479166666666 0.19453703703703706 0.025052083333333332 0.15148148148148147
0 0.470390625 0.19712962962962963 0.03203125 0.1627777777777778
0 0.19911458333333334 0.1788425925925926 0.027916666666666666 0.16657407407407407
0 0.23057291666666666 0.16356481481481483 0.029166666666666667 0.1613888888888889
0 0.5537500000000001 0.040231481481481486 0.0253125 0.0775
0 0.1333072916666667 0.45819444444444446 0.032864583333333336 0.19101851851851853
0 0.7679166666666666 0.31083333333333335 0.029479166666666667 0.16148148148148148
0 0.25549479166666667 0.15416666666666667 0.02713541666666667 0.16111111111111112
0 0.15276041666666668 0.4425925925925926 0.03333333333333333 0.21185185185185187
0 0.48723958333333334 0.19300925925925924 0.02333333333333333 0.14935185185185187
0 0.5339583333333333 0.03819444444444445 0.024687499999999998 0.07157407407407407
