0 0.5014583333333333 0.4991666666666667 0.050625 0.10166666666666667
0 0.20583333333333334 0.4621296296296296 0.022604166666666665 0.09944444444444445
0 0.23976562499999998 0.48064814814814816 0.02203125 0.09666666666666668
0 0.5766666666666667 0.502175925925926 0.019583333333333335 0.11046296296296296
0 0.3238020833333334 0.5856018518518519 0.07052083333333334 0.35083333333333333
0 0.6566927083333333 0.45861111111111114 0.02109375 0.09537037037037037
0 0.37604166666666666 0.5537037037037037 0.0525 0.29203703703703704
0 0.26927083333333335 0.4816666666666667 0.0190625 0.10037037037037037
0 0.42486979166666666 0.5331944444444444 0.044947916666666664 0.23212962962962963
0 0.5579166666666667 0.4983796296296296 0.020729166666666667 0.10138888888888889
0 0.5344791666666667 0.4597685185185185 0.020104166666666666 0.0925
0 0.2864322916666666 0.4602777777777778 0.01421875 0.06388888888888888
0 0.446953125 0.473287037037037 0.02713541666666667 0.07898148148148147
0 0.2947916666666667 0.46601851851851855 0.0134375 0.06888888888888889
