0 0.20153645833333333 0.3965740740740741 0.02734375 0.11981481481481482
0 0.32744791666666667 0.40425925925925926 0.045000000000000005 0.16722222222222222
0 0.7859114583333332 0.6189351851851852 0.10817708333333333 0.6260185185185185
0 0.9287500000000001 0.6099537037037037 0.1215625 0.6547222222222222
0 0.5213541666666667 0.4160185185185185 0.0384375 0.15555555555555556
0 0.43984375 0.397037037037037 0.02802083333333333 0.13425925925925927
0 0.6564583333333334 0.4289351851851852 0.04708333333333334 0.2539814814814815
0 0.10747395833333333 0.39185185185185184 0.02203125 0.10648148148148148
0 0.4672916666666666 0.3958796296296296 0.0275 0.1289814814814815
0 0.2632552083333334 0.38768518518518524 0.025364583333333336 0.12574074074074076
0 0.55140625 0.3902777777777778 0.01864583333333333 0.10851851851851853
0 0.41507812499999996 0.38791666666666663 0.021510416666666664 0.050277777777777775
0 0.08679687500000001 0.36875 0.012552083333333333 0.056388888888888884
0 0.35348958333333336 0.37300925925925926 0.013125 0.0625
0 0.0934375 0.37574074074074076 0.015416666666666667 0.08092592592592593
0 0.24333333333333335 0.3857407407407408 0.014166666666666666 0.08703703703703704
0 0.501171875 0.3915277777777778 0.021197916666666667 0.10564814814814814
