0 0.44955729166666664 0.473287037037037 0.02765625 0.0725
0 0.38580729166666666 0.46291666666666664 0.021927083333333333 0.09898148148148149
0 0.6363802083333333 0.5343055555555555 0.06598958333333334 0.25472222222222224
0 0.21140625 0.4831481481481481 0.025208333333333333 0.10444444444444444
0 0.4295833333333333 0.4690740740740741 0.0284375 0.05648148148148148
0 0.5675 0.5171296296296296 0.06145833333333333 0.26833333333333337
0 0.22820312499999998 0.4819907407407407 0.022135416666666668 0.09564814814814815
0 0.5284895833333333 0.5138425925925927 0.05447916666666666 0.22768518518518518
0 0.9350781250000001 0.6852777777777777 0.13088541666666667 0.6312962962962962
0 0.29664062500000005 0.4633333333333333 0.016614583333333332 0.07814814814814815
0 0.3564322916666667 0.4672222222222222 0.020260416666666666 0.09574074074074075
0 0.31427083333333333 0.46347222222222223 0.021770833333333333 0.07768518518518519
0 0.34356770833333333 0.46824074074074074 0.018385416666666664 0.09888888888888889
0 0.3271875 0.4647685185185185 0.013229166666666665 0.08046296296296297
