0 0.501484375 0.4992592592592593 0.05015625 0.10388888888888889
0 0.43921875 0.5385185185185185 0.0478125 0.24185185185185185
0 0.6485416666666667 0.4591203703703704 0.022187500000000002 0.0936111111111111
0 0.23216145833333332 0.4804166666666667 0.032656250000000005 0.09675925925925925
0 0.20596354166666667 0.46231481481481485 0.02203125 0.09777777777777777
0 0.33502604166666666 0.5947685185185184 0.07432291666666666 0.3712037037037037
0 0.576171875 0.5015740740740741 0.020260416666666666 0.1075925925925926
0 0.5336197916666666 0.4591203703703704 0.020364583333333335 0.09694444444444444
0 0.2655208333333333 0.48328703703703707 0.019375 0.09861111111111111
0 0.3840104166666667 0.5521296296296296 0.052187500000000005 0.30018518518518517
0 0.5585156250000001 0.49851851851851847 0.020260416666666666 0.10148148148148148
0 0.283046875 0.4569907407407407 0.016197916666666666 0.06787037037037037
