0 0.6523697916666666 0.08342592592592592 0.032552083333333336 0.11037037037037037
0 0.5063020833333334 0.08333333333333333 0.0334375 0.155
0 0.3782552083333333 0.24351851851851852 0.04151041666666667 0.10666666666666667
0 0.20104166666666667 0.18337962962962964 0.02822916666666667 0.1625
0 0.254375 0.3125462962962963 0.040937499999999995 0.1862037037037037
0 0.07127604166666666 0.4114814814814815 0.028489583333333336 0.18018518518518517
0 0.8877864583333334 0.15537037037037038 0.03369791666666667 0.16333333333333333
0 0.9157291666666667 0.519861111111111 0.042604166666666665 0.1936111111111111
0 0.45151041666666664 0.06337962962962963 0.0275 0.12490740740740741
0 0.5397916666666667 0.09518518518518518 0.028645833333333332 0.14777777777777779
0 0.17234375 0.6881481481481481 0.0496875 0.23222222222222225
0 0.4091666666666667 0.633425925925926 0.04114583333333333 0.23444444444444443
0 0.2962239583333333 0.14337962962962963 0.029010416666666667 0.15416666666666667
0 0.6861458333333333 0.5662499999999999 0.03739583333333333 0.19046296296296295
0 0.9316666666666668 0.20685185185185187 0.029583333333333333 0.15018518518518517
0 0.16281249999999997 0.19722222222222222 0.02802083333333333 0.15296296296296294
0 0.844453125 0.6823611111111112 0.04942708333333334 0.22583333333333333
0 0.42971354166666664 0.21995370370370368 0.028281249999999997 0.16083333333333333
0 0.12786458333333334 0.3159722222222222 0.027708333333333335 0.16583333333333333
0 0.2043489583333333 0.06060185185185185 0.03640625 0.11712962962962963
0 0.21856770833333333 0.7063425925925926 0.037135416666666664 0.2225
0 0.47919270833333333 0.6260648148148148 0.053281249999999995 0.21916666666666665
0 0.13450520833333332 0.20458333333333334 0.03901041666666667 0.1502777777777778
0 0.23895833333333333 0.17625000000000002 0.028854166666666667 0.1526851851851852
0 0.51484375 0.6308796296296296 0.04583333333333333 0.2073148148148148
0 0.38833333333333336 0.16319444444444445 0.0321875 0.16268518518518518
0 0.23216145833333332 0.060138888888888895 0.022135416666666668 0.11824074074074074
0 0.3891145833333333 0.05444444444444444 0.0259375 0.10629629629629629
0 0.9533072916666666 0.14884259259259258 0.04203125 0.16342592592592592
0 0.9834635416666667 0.4793518518518519 0.03411458333333333 0.17851851851851852
0 0.25385416666666666 0.1410648148148148 0.035520833333333335 0.18009259259259258
0 0.537109375 0.9314814814814815 0.04276041666666666 0.1388888888888889
