0 0.5010416666666667 0.49898148148148147 0.050416666666666665 0.10481481481481482
0 0.205859375 0.4625925925925926 0.02265625 0.09907407407407408
0 0.44888020833333336 0.47324074074074074 0.028385416666666666 0.0712962962962963
0 0.244765625 0.4810185185185185 0.023489583333333335 0.09759259259259259
0 0.6618750000000001 0.4603240740740741 0.02020833333333333 0.09324074074074075
0 0.5765364583333332 0.5026851851851851 0.019114583333333334 0.10981481481481481
0 0.32106770833333337 0.5784722222222223 0.06505208333333333 0.3358333333333333
0 0.41763020833333336 0.5335185185185186 0.04348958333333333 0.21925925925925926
0 0.5338020833333332 0.45925925925925926 0.0209375 0.09962962962962962
0 0.3701302083333333 0.5489814814814815 0.053697916666666665 0.2851851851851852
0 0.5577864583333334 0.49796296296296294 0.020989583333333332 0.10203703703703704
0 0.2724739583333333 0.4791203703703703 0.017864583333333333 0.09731481481481481
