0 0.75203125 0.5608796296296297 0.022604166666666665 0.1150925925925926
0 0.18046875 0.5473611111111112 0.012812500000000001 0.06194444444444445
0 0.656015625 0.5161111111111111 0.014010416666666666 0.06648148148148147
0 0.5678906250000001 0.5087037037037037 0.013489583333333333 0.058333333333333334
0 0.47244791666666663 0.49041666666666667 0.010208333333333335 0.04694444444444445
0 0.1284375 0.5417592592592593 0.013541666666666667 0.06851851851851852
0 0.51359375 0.5077314814814814 0.011770833333333335 0.05564814814814815
0 0.6044531249999999 0.5043518518518519 0.011302083333333332 0.059444444444444446
0 0.14783854166666666 0.5349999999999999 0.013697916666666667 0.0662962962962963
0 0.2905208333333334 0.4956481481481482 0.0069791666666666665 0.032777777777777774
0 0.5068489583333333 0.5063888888888889 0.012135416666666668 0.051666666666666666
0 0.488125 0.4945833333333333 0.0103125 0.047685185185185185
0 0.539375 0.5062037037037037 0.011145833333333332 0.0512962962962963
0 0.15854166666666666 0.5350462962962962 0.0153125 0.06675925925925925
0 0.5324739583333333 0.506574074074074 0.011302083333333332 0.05148148148148148
0 0.12130208333333334 0.5394907407407408 0.011875 0.06472222222222222
0 0.28617187499999996 0.4990277777777778 0.007447916666666667 0.03287037037037037
0 0.5543229166666667 0.5084722222222222 0.022187500000000002 0.05583333333333333
