0 0.5015104166666666 0.49907407407407406 0.049374999999999995 0.1025925925925926
0 0.20588541666666668 0.46212962962962967 0.021354166666666667 0.09648148148148149
0 0.43364583333333334 0.5359722222222223 0.049479166666666664 0.22935185185185183
0 0.237265625 0.48300925925925925 0.023802083333333335 0.09657407407407408
0 0.3296354166666667 0.5889814814814816 0.07135416666666666 0.3627777777777778
0 0.576640625 0.5027777777777778 0.01953125 0.10814814814814815
0 0.654296875 0.46027777777777773 0.02015625 0.09425925925925925
0 0.26809895833333336 0.48384259259259255 0.018281250000000002 0.09583333333333334
0 0.38109375 0.5515740740740741 0.051666666666666666 0.29259259259259257
0 0.5340624999999999 0.4593518518518519 0.02041666666666667 0.09740740740740741
0 0.5582812500000001 0.4987037037037037 0.020520833333333332 0.10111111111111111
0 0.28455729166666666 0.4584722222222222 0.01609375 0.06787037037037037
