0 0.6523697916666666 0.08416666666666667 0.031822916666666666 0.10944444444444444
0 0.3783333333333333 0.24342592592592596 0.04145833333333333 0.10481481481481482
0 0.24903645833333332 0.16828703703703704 0.03588541666666667 0.18324074074074076
0 0.24885416666666665 0.389212962962963 0.03791666666666667 0.20027777777777778
0 0.5690364583333334 0.49398148148148147 0.03401041666666667 0.1835185185185185
0 0.21130208333333333 0.5912037037037037 0.04479166666666667 0.2114814814814815
0 0.8623177083333332 0.08199074074074074 0.029739583333333333 0.14953703703703702
0 0.7595572916666667 0.04856481481481481 0.027760416666666666 0.09287037037037037
0 0.5459635416666667 0.12912037037037036 0.028281249999999997 0.15305555555555556
0 0.96828125 0.1411574074074074 0.03229166666666667 0.14509259259259258
0 0.12515625 0.20490740740740743 0.03145833333333333 0.1488888888888889
0 0.931484375 0.16393518518518518 0.03078125 0.14305555555555555
0 0.07067708333333332 0.4124074074074074 0.027083333333333334 0.1748148148148148
0 0.27903645833333335 0.16018518518518518 0.025156249999999998 0.15388888888888888
0 0.2025 0.1834722222222222 0.028125 0.1599074074074074
0 0.9162239583333333 0.5212037037037037 0.04171875 0.19814814814814816
0 0.447578125 0.051898148148148145 0.028072916666666666 0.10194444444444443
0 0.16322916666666668 0.19949074074074072 0.027916666666666666 0.15694444444444444
0 0.5141666666666667 0.12226851851851853 0.03291666666666667 0.16268518518518518
0 0.43020833333333336 0.21976851851851853 0.0309375 0.16027777777777777
0 0.9596874999999999 0.5204166666666666 0.034166666666666665 0.1928703703703704
0 0.12575520833333334 0.37578703703703703 0.028593749999999998 0.1723148148148148
0 0.8439843749999999 0.6956018518518519 0.04359375 0.2273148148148148
0 0.494765625 0.55125 0.04015625 0.19175925925925924
0 0.30611979166666664 0.6425462962962962 0.05192708333333333 0.2287962962962963
0 0.260390625 0.6065277777777779 0.03505208333333333 0.21175925925925926
0 0.40747395833333333 0.15495370370370373 0.023072916666666665 0.13324074074074074
0 0.46390624999999996 0.5486574074074073 0.0440625 0.2121296296296296
0 0.20997395833333335 0.043194444444444445 0.02328125 0.08101851851851852
0 0.5226302083333334 0.9265277777777777 0.040989583333333336 0.1487962962962963
0 0.498671875 0.0725 0.030885416666666665 0.14166666666666666
