0 0.9428906250000001 0.5971296296296297 0.11526041666666667 0.508888888888889
0 0.2950260416666667 0.41398148148148145 0.020260416666666666 0.09481481481481482
0 0.4401041666666667 0.4439351851851852 0.0340625 0.15305555555555556
0 0.2591145833333333 0.4063425925925926 0.0196875 0.048240740740740744
0 0.661328125 0.4294907407407408 0.02432291666666667 0.11435185185185186
0 0.16981770833333334 0.41064814814814815 0.018072916666666668 0.08481481481481482
0 0.36041666666666666 0.41810185185185184 0.021770833333333333 0.1162037037037037
0 0.38039062500000004 0.41430555555555554 0.02390625 0.11712962962962963
0 0.3146614583333333 0.3990740740740741 0.015364583333333333 0.0637037037037037
0 0.39593749999999994 0.4109259259259259 0.017604166666666664 0.10185185185185185
0 0.14846354166666667 0.4073148148148148 0.01203125 0.06574074074074074
0 0.6401302083333333 0.42625 0.014010416666666666 0.08898148148148148
