0 0.501171875 0.4994444444444444 0.05078125 0.1037037037037037
0 0.44942708333333337 0.4732407407407407 0.027291666666666665 0.0725925925925926
0 0.20611979166666666 0.4622222222222222 0.02328125 0.09796296296296296
0 0.6659114583333333 0.4616666666666666 0.018072916666666668 0.09333333333333334
0 0.5763802083333333 0.5026851851851851 0.01963541666666667 0.11055555555555556
0 0.31468749999999995 0.5685185185185185 0.06020833333333333 0.30777777777777776
0 0.40205729166666665 0.527175925925926 0.04901041666666666 0.21638888888888888
0 0.5342708333333334 0.46004629629629634 0.0215625 0.0987962962962963
0 0.25161458333333336 0.4794907407407408 0.021145833333333332 0.09287037037037037
0 0.5592968749999999 0.4989351851851852 0.020885416666666667 0.10175925925925926
0 0.3542447916666667 0.5477314814814814 0.05359375 0.27231481481481484
0 0.23171875000000003 0.46532407407407406 0.019895833333333335 0.08175925925925925
0 0.27114583333333336 0.47236111111111106 0.0153125 0.09027777777777778
0 0.2619270833333333 0.47291666666666665 0.017395833333333333 0.08935185185185185
