0 0.652109375 0.08398148148148149 0.031822916666666666 0.11037037037037037
0 0.37835937499999994 0.24435185185185182 0.04119791666666666 0.10462962962962963
0 0.7730208333333334 0.07125000000000001 0.029062499999999998 0.13527777777777777
0 0.19502604166666665 0.6551851851851852 0.055260416666666666 0.22777777777777777
0 0.9029166666666667 0.1201851851851852 0.030625 0.14592592592592593
0 0.07028645833333333 0.41194444444444445 0.02703125 0.17703703703703702
0 0.9164843749999999 0.5219444444444444 0.04151041666666667 0.19796296296296298
0 0.2013802083333333 0.18430555555555556 0.03015625 0.1686111111111111
0 0.42994791666666665 0.21875 0.030104166666666664 0.16268518518518518
0 0.25502604166666665 0.2023148148148148 0.03901041666666667 0.18925925925925927
0 0.8068229166666666 0.67 0.04645833333333334 0.22777777777777777
0 0.5009895833333333 0.1262037037037037 0.03229166666666667 0.16055555555555556
0 0.138515625 0.43527777777777776 0.030052083333333333 0.17722222222222223
0 0.5632291666666666 0.15004629629629632 0.029270833333333336 0.15657407407407406
0 0.23325520833333335 0.11898148148148148 0.028697916666666667 0.15703703703703703
0 0.3811458333333333 0.0735648148148148 0.027083333333333334 0.14138888888888887
0 0.535 0.15435185185185185 0.0315625 0.16444444444444445
0 0.48265625 0.4964814814814814 0.036562500000000005 0.18203703703703702
0 0.1604947916666667 0.20092592592592592 0.02796875 0.1638888888888889
0 0.24601562500000002 0.5193981481481482 0.038593749999999996 0.21842592592592594
0 0.12596354166666665 0.19819444444444445 0.028593749999999998 0.15657407407407406
0 0.2899479166666667 0.5375 0.0340625 0.20148148148148148
0 0.45109375 0.4941203703703704 0.04010416666666667 0.1887962962962963
0 0.207890625 0.9106481481481481 0.04963541666666667 0.18055555555555555
0 0.39164062499999996 0.1698148148148148 0.023489583333333335 0.17148148148148148
0 0.27763020833333335 0.17217592592592593 0.021718750000000002 0.15675925925925926
0 0.5035416666666667 0.9219444444444443 0.04145833333333333 0.15796296296296294
0 0.832578125 0.05439814814814815 0.030989583333333334 0.10305555555555555
