0 0.604921875 0.35194444444444445 0.031927083333333335 0.13518518518518519
0 0.4878645833333333 0.3573148148148148 0.029583333333333333 0.10037037037037037
0 0.5088020833333333 0.36541666666666667 0.027395833333333335 0.09101851851851851
0 0.06216145833333333 0.32851851851851854 0.023489583333333335 0.10388888888888889
0 0.40036458333333336 0.3537037037037037 0.0334375 0.16462962962962965
0 0.038515625000000005 0.32935185185185184 0.021302083333333333 0.10055555555555555
0 0.5409895833333334 0.3275 0.01625 0.0637037037037037
0 0.6647135416666666 0.3460648148148148 0.032552083333333336 0.13787037037037037
0 0.44752604166666665 0.35680555555555554 0.03015625 0.15453703703703706
0 0.8952604166666667 0.46606481481481477 0.09104166666666667 0.6113888888888889
0 0.3203385416666667 0.32060185185185186 0.013385416666666667 0.05138888888888889
0 0.83921875 0.44763888888888886 0.08260416666666666 0.49898148148148147
0 0.57796875 0.33134259259259263 0.0140625 0.05805555555555556
0 0.33856770833333333 0.31805555555555554 0.013072916666666667 0.04555555555555556
0 0.381640625 0.33361111111111114 0.018072916666666668 0.06907407407407407
0 0.569921875 0.32916666666666666 0.011927083333333333 0.055740740740740743
0 0.35453125 0.3161574074074074 0.0115625 0.04398148148148148
0 0.3695572916666666 0.3235185185185185 0.014739583333333334 0.048888888888888885
0 0.9447135416666667 0.45407407407407413 0.05942708333333333 0.47611111111111115
