0 0.4494270833333333 0.4734259259259259 0.027708333333333335 0.07277777777777777
0 0.614140625 0.6610648148148148 0.11109375 0.5602777777777778
0 0.268828125 0.5551851851851852 0.09338541666666668 0.3514814814814815
0 0.5290104166666666 0.6335185185185186 0.07114583333333332 0.47759259259259257
0 0.4295833333333334 0.46958333333333335 0.029375 0.0575
0 0.20963541666666666 0.48268518518518516 0.025 0.10888888888888888
0 0.09830729166666667 0.5868055555555556 0.06796875 0.3584259259259259
0 0.3339583333333333 0.4575925925925926 0.015416666666666667 0.06722222222222221
0 0.16333333333333336 0.5503240740740741 0.08697916666666666 0.3010185185185185
0 0.8202083333333333 0.45611111111111113 0.025 0.1024074074074074
0 0.226015625 0.48222222222222216 0.020572916666666666 0.10018518518518518
0 0.4702604166666667 0.4489351851851852 0.013541666666666667 0.05435185185185185
0 0.3093229166666667 0.457037037037037 0.01375 0.06703703703703705
