0 0.3895572916666667 0.3776851851851852 0.022239583333333333 0.11925925925925927
0 0.8744791666666667 0.560138888888889 0.10010416666666666 0.5726851851851852
0 0.484375 0.3978703703703704 0.03854166666666667 0.15685185185185185
0 0.13734375 0.40314814814814814 0.027291666666666665 0.11944444444444445
0 0.5640885416666668 0.38416666666666666 0.03505208333333333 0.1835185185185185
0 0.29770833333333335 0.38685185185185184 0.03822916666666667 0.15425925925925926
0 0.23664062500000002 0.3850925925925926 0.01984375 0.10425925925925926
0 0.351875 0.3756481481481481 0.017812500000000002 0.04685185185185185
0 0.07192708333333334 0.3909722222222222 0.022291666666666664 0.09768518518518518
0 0.4343489583333333 0.37865740740740744 0.02723958333333333 0.1247222222222222
0 0.7983072916666667 0.3934259259259259 0.03109375 0.14703703703703705
0 0.9638802083333332 0.5460185185185186 0.07328124999999999 0.5887037037037036
0 0.21770833333333334 0.38620370370370366 0.0171875 0.08555555555555557
0 0.22716145833333332 0.3846759259259259 0.01609375 0.09194444444444444
0 0.04604166666666666 0.37652777777777774 0.011250000000000001 0.06231481481481481
0 0.4465104166666667 0.3743518518518519 0.017291666666666667 0.11388888888888889
0 0.057343750000000006 0.38680555555555557 0.012395833333333333 0.08861111111111111
