0 0.205390625 0.4627777777777778 0.02255208333333333 0.09814814814814815
0 0.44619791666666664 0.6490277777777779 0.1284375 0.544537037037037
0 0.5983333333333333 0.570787037037037 0.05447916666666666 0.3087962962962963
0 0.33010416666666664 0.5025462962962963 0.029062499999999998 0.16805555555555557
0 0.27710937500000005 0.47152777777777777 0.018072916666666668 0.10342592592592594
0 0.23541666666666666 0.4834259259259259 0.02333333333333333 0.10407407407407408
0 0.5584375 0.4988425925925926 0.021354166666666667 0.10268518518518518
0 0.5021614583333334 0.5893518518518519 0.06932291666666666 0.38481481481481483
0 0.2935416666666667 0.4536111111111111 0.013020833333333334 0.06018518518518518
0 0.3509114583333333 0.46499999999999997 0.014322916666666666 0.06851851851851852
0 0.28630208333333335 0.45787037037037037 0.0140625 0.06888888888888889
0 0.25122395833333333 0.4723148148148148 0.01921875 0.09944444444444445
0 0.3169010416666667 0.4097222222222222 0.010364583333333333 0.03425925925925926
