0 0.646875 0.45749999999999996 0.022395833333333334 0.10777777777777778
0 0.32320312500000004 0.43064814814814817 0.015052083333333332 0.06666666666666667
0 0.40140624999999996 0.44574074074074077 0.02333333333333333 0.11351851851851852
0 0.47874999999999995 0.4740740740740741 0.039375 0.16296296296296298
0 0.255625 0.4499537037037037 0.027604166666666666 0.11435185185185186
0 0.43898437500000004 0.4439814814814815 0.023177083333333334 0.11037037037037037
0 0.3746875 0.44930555555555557 0.021249999999999998 0.10379629629629629
0 0.8073958333333333 0.607037037037037 0.09458333333333332 0.5937037037037037
0 0.279140625 0.4386111111111111 0.01932291666666667 0.0874074074074074
0 0.03536458333333334 0.4794907407407408 0.04010416666666667 0.18564814814814815
0 0.01375 0.49657407407407406 0.02645833333333333 0.1824074074074074
0 0.0596875 0.4673611111111111 0.030000000000000002 0.14250000000000002
