0 0.6519270833333334 0.0825462962962963 0.0321875 0.11027777777777777
0 0.37856770833333336 0.24310185185185187 0.04140625 0.10472222222222222
0 0.7871614583333333 0.07064814814814814 0.031822916666666666 0.13185185185185186
0 0.9165364583333333 0.5193981481481482 0.05078125 0.1913888888888889
0 0.20052083333333334 0.1824537037037037 0.025625000000000002 0.1547222222222222
0 0.434453125 0.21314814814814817 0.03307291666666667 0.16
0 0.6050520833333334 0.05236111111111111 0.03510416666666667 0.10287037037037036
0 0.3048177083333333 0.1848611111111111 0.02744791666666667 0.1636111111111111
0 0.2618229166666667 0.1874537037037037 0.0234375 0.1613888888888889
0 0.8455989583333333 0.6531018518518519 0.05109375 0.2187962962962963
0 0.18473958333333332 0.41 0.037187500000000005 0.19092592592592592
0 0.863203125 0.23847222222222222 0.04015625 0.17175925925925925
0 0.13265625 0.2868981481481482 0.0315625 0.18675925925925924
0 0.4033333333333333 0.14625 0.024583333333333336 0.1449074074074074
0 0.22770833333333335 0.07319444444444445 0.02875 0.1437962962962963
0 0.23666666666666666 0.18810185185185185 0.03666666666666667 0.14935185185185187
0 0.793203125 0.23310185185185187 0.02921875 0.1625
0 0.15958333333333333 0.2943518518518518 0.029583333333333333 0.17055555555555554
0 0.24117187499999998 0.6041666666666666 0.04078125 0.23592592592592593
0 0.7605989583333334 0.9113888888888889 0.05463541666666667 0.17907407407407408
0 0.71609375 0.9206481481481482 0.042499999999999996 0.16055555555555556
0 0.16369791666666667 0.19273148148148145 0.0271875 0.15935185185185186
0 0.19822916666666668 0.07356481481481482 0.027708333333333335 0.13972222222222222
0 0.47044270833333335 0.930601851851852 0.037031249999999995 0.14064814814814816
0 0.168125 0.06453703703703703 0.024166666666666666 0.11870370370370369
