0 0.7403385416666667 0.3116203703703704 0.019947916666666666 0.10916666666666668
0 0.32960937500000004 0.375 0.10869791666666666 0.5003703703703704
0 0.8547916666666667 0.3025925925925926 0.0175 0.09777777777777777
0 0.5432291666666667 0.3641666666666667 0.084375 0.4701851851851852
0 0.45794270833333334 0.3662037037037037 0.09130208333333334 0.4464814814814815
0 0.6027864583333333 0.3179166666666666 0.023177083333333334 0.11231481481481481
0 0.6453125 0.35712962962962963 0.05875 0.34074074074074073
0 0.9629166666666666 0.3043518518518518 0.019375 0.10888888888888888
0 0.9516666666666667 0.3067592592592593 0.019791666666666666 0.10148148148148148
0 0.7018489583333333 0.31092592592592594 0.014114583333333335 0.08370370370370371
0 0.7657031249999999 0.3047222222222222 0.014427083333333333 0.05851851851851852
0 0.7141145833333334 0.31296296296296294 0.014270833333333333 0.08685185185185185
0 0.6924479166666667 0.31074074074074076 0.013020833333333334 0.08166666666666667
