0 0.6527083333333332 0.08388888888888889 0.03239583333333333 0.10888888888888888
0 0.37830729166666666 0.24300925925925926 0.04078125 0.10287037037037036
0 0.21799479166666663 0.08717592592592592 0.031927083333333335 0.14546296296296296
0 0.8700260416666666 0.09125 0.03015625 0.1423148148148148
0 0.16544270833333333 0.19902777777777778 0.028385416666666666 0.15731481481481482
0 0.2565625 0.23555555555555555 0.03916666666666667 0.18925925925925927
0 0.19869791666666667 0.1813888888888889 0.027708333333333335 0.1638888888888889
0 0.556640625 0.18 0.03432291666666667 0.17111111111111113
0 0.9166145833333333 0.5214351851851852 0.040625 0.19694444444444442
0 0.069609375 0.4111111111111111 0.026406250000000003 0.17592592592592593
0 0.5083593750000001 0.16486111111111112 0.03536458333333334 0.16824074074074072
0 0.5934895833333333 0.16712962962962963 0.030312500000000003 0.15592592592592594
0 0.38080729166666666 0.07430555555555556 0.028385416666666666 0.14527777777777778
0 0.4303385416666667 0.21861111111111112 0.031822916666666666 0.15833333333333333
0 0.12864583333333332 0.19569444444444445 0.028333333333333332 0.14953703703703702
0 0.22416666666666665 0.5377314814814815 0.04291666666666667 0.21546296296296294
0 0.7809375000000001 0.10754629629629629 0.028541666666666667 0.14138888888888887
0 0.12236979166666666 0.6481018518518519 0.046197916666666665 0.2323148148148148
0 0.13664062500000002 0.4922685185185185 0.03203125 0.1849074074074074
0 0.16106770833333334 0.8498611111111111 0.04609375 0.2526851851851852
0 0.4434895833333333 0.44009259259259254 0.04583333333333333 0.19925925925925925
0 0.7666406250000001 0.6452314814814815 0.05286458333333333 0.2300925925925926
0 0.395390625 0.3965740740740741 0.03494791666666666 0.1675925925925926
0 0.460234375 0.17375 0.02265625 0.1423148148148148
0 0.47682291666666665 0.44375 0.04020833333333333 0.17675925925925925
0 0.3104427083333333 0.475462962962963 0.03307291666666667 0.2001851851851852
0 0.4041666666666667 0.17402777777777775 0.024583333333333336 0.1600925925925926
0 0.265 0.4684259259259259 0.03697916666666667 0.2062962962962963
0 0.28109375000000003 0.18726851851851853 0.02666666666666667 0.16342592592592592
0 0.5136197916666666 0.9263425925925926 0.04328125 0.14916666666666667
