0 0.7647916666666666 0.6302314814814816 0.03677083333333333 0.15546296296296297
0 0.7287760416666667 0.6000462962962962 0.047864583333333335 0.15564814814814815
0 0.9670572916666667 0.5453240740740741 0.021822916666666668 0.12101851851851851
0 0.09708333333333334 0.6687962962962962 0.01885416666666667 0.12666666666666668
0 0.12164062499999999 0.6472222222222223 0.021718750000000002 0.13722222222222222
0 0.8377864583333333 0.6124537037037037 0.02276041666666667 0.15657407407407406
0 0.6970312500000001 0.49273148148148144 0.012916666666666667 0.05268518518518518
0 0.7057291666666666 0.5085648148148149 0.016979166666666667 0.06027777777777777
0 0.108828125 0.6614814814814816 0.018177083333333333 0.12537037037037038
0 0.7165885416666667 0.5053240740740741 0.011927083333333333 0.05361111111111111
