0 0.5009895833333333 0.4997222222222223 0.050625 0.10388888888888889
0 0.44916666666666666 0.47375 0.0284375 0.07305555555555555
0 0.9122395833333333 0.5859722222222222 0.12864583333333332 0.4312037037037037
0 0.7734635416666666 0.45717592592592593 0.03307291666666667 0.12305555555555556
0 0.2065625 0.46231481481481485 0.022395833333333334 0.09777777777777777
0 0.6642708333333333 0.4618055555555556 0.018333333333333333 0.09305555555555556
0 0.536875 0.46120370370370367 0.022083333333333333 0.10814814814814815
0 0.22880208333333335 0.464212962962963 0.021979166666666668 0.08157407407407406
0 0.2797395833333333 0.5506018518518518 0.059583333333333335 0.2791666666666667
0 0.339921875 0.5373611111111112 0.045989583333333334 0.2562037037037037
0 0.5765885416666666 0.5021296296296297 0.017552083333333336 0.1087037037037037
0 0.42932291666666667 0.46921296296296294 0.0296875 0.05731481481481481
0 0.5590625 0.5001851851851852 0.02020833333333333 0.10148148148148148
0 0.5817187500000001 0.4593055555555556 0.0203125 0.10435185185185185
0 0.364375 0.5396296296296296 0.030312500000000003 0.17851851851851852
