0 0.46377604166666664 0.34592592592592597 0.030260416666666668 0.15055555555555555
0 0.57234375 0.32222222222222224 0.015625 0.06722222222222221
0 0.30106770833333335 0.34925925925925927 0.029010416666666667 0.14629629629629629
0 0.19872395833333334 0.39069444444444446 0.09213541666666666 0.34879629629629627
0 0.3380989583333333 0.3290277777777778 0.021510416666666664 0.09787037037037037
0 0.5079687500000001 0.34912037037037036 0.029270833333333336 0.1360185185185185
0 0.629375 0.35791666666666666 0.02802083333333333 0.18157407407407408
0 0.39080729166666667 0.31847222222222227 0.016822916666666667 0.07101851851851852
0 0.3730208333333333 0.3183333333333333 0.015416666666666667 0.07111111111111111
0 0.5264062500000001 0.3200925925925926 0.0153125 0.060555555555555564
0 0.6445833333333334 0.35583333333333333 0.030416666666666665 0.1537037037037037
0 0.49203125000000003 0.33796296296296297 0.025208333333333333 0.09333333333333334
