0 0.5015364583333334 0.4983333333333333 0.04869791666666667 0.10518518518518517
0 0.44958333333333333 0.47337962962962965 0.027604166666666666 0.07138888888888888
0 0.7464583333333333 0.5623148148148148 0.09000000000000001 0.3514814814814815
0 0.2066927083333333 0.462037037037037 0.02203125 0.09703703703703703
0 0.25856770833333337 0.5423148148148148 0.05765625 0.2544444444444445
0 0.328125 0.534537037037037 0.04510416666666666 0.24981481481481482
0 0.429296875 0.4686574074074074 0.02921875 0.05805555555555556
0 0.6633854166666667 0.4624537037037037 0.017708333333333333 0.0936111111111111
0 0.5769010416666667 0.5010648148148148 0.018177083333333333 0.10916666666666668
0 0.5401822916666668 0.4537037037037037 0.02255208333333333 0.11055555555555556
0 0.5595052083333333 0.4986111111111111 0.020364583333333335 0.10055555555555555
0 0.5833072916666666 0.457037037037037 0.021718750000000002 0.10166666666666667
0 0.8044791666666666 0.5657407407407408 0.057916666666666665 0.30037037037037034
