0 0.70734375 0.863287037037037 0.05979166666666667 0.2752777777777778
0 0.9075 0.6471759259259259 0.0378125 0.16601851851851854
0 0.7008333333333334 0.5763425925925927 0.028854166666666667 0.11101851851851853
0 0.7733854166666667 0.5714814814814814 0.024687499999999998 0.11629629629629629
0 0.6702604166666666 0.5763425925925927 0.023020833333333334 0.11064814814814815
0 0.5972395833333334 0.7410648148148148 0.034270833333333334 0.2550925925925926
0 0.5714322916666666 0.7324537037037037 0.04432291666666666 0.24027777777777778
0 0.647578125 0.5276851851851853 0.015156250000000001 0.06425925925925927
0 0.7268229166666667 0.571111111111111 0.01583333333333333 0.0962962962962963
0 0.73609375 0.5741666666666667 0.019895833333333335 0.10814814814814815
