0 0.45291666666666663 0.34837962962962965 0.03208333333333333 0.16435185185185186
0 0.6277083333333333 0.34782407407407406 0.03197916666666666 0.13694444444444445
0 0.492265625 0.35504629629629636 0.026197916666666664 0.14138888888888887
0 0.380859375 0.33907407407407414 0.020989583333333332 0.10111111111111111
0 0.08296875 0.5314814814814814 0.1590625 0.6575925925925926
0 0.7389583333333333 0.3888888888888889 0.0546875 0.32203703703703707
0 0.3352604166666666 0.3298611111111111 0.018541666666666668 0.0700925925925926
0 0.1884375 0.4048148148148148 0.04770833333333333 0.26351851851851854
0 0.5506510416666667 0.3236111111111111 0.01484375 0.062037037037037036
0 0.5207552083333333 0.35412037037037036 0.025052083333333332 0.0723148148148148
0 0.5749218749999999 0.32013888888888886 0.011197916666666667 0.04694444444444445
0 0.40403645833333335 0.32851851851851854 0.01328125 0.06388888888888888
0 0.5605208333333334 0.3221759259259259 0.013020833333333334 0.05287037037037037
