0 0.6523697916666666 0.08337962962962964 0.03234375 0.1100925925925926
0 0.5031770833333333 0.07337962962962963 0.030208333333333334 0.1449074074074074
0 0.25109375 0.28560185185185183 0.03770833333333334 0.1812037037037037
0 0.37830729166666666 0.24328703703703702 0.04088541666666667 0.10527777777777778
0 0.07312500000000001 0.41171296296296295 0.029791666666666668 0.17564814814814814
0 0.20098958333333333 0.1824537037037037 0.028333333333333332 0.16712962962962963
0 0.5388541666666666 0.08208333333333334 0.028125 0.14287037037037037
0 0.9144270833333332 0.5193981481481481 0.04645833333333334 0.19546296296296295
0 0.7554947916666667 0.60375 0.047343750000000004 0.19101851851851853
0 0.923671875 0.22217592592592594 0.030885416666666665 0.15861111111111112
0 0.8278385416666667 0.6793981481481481 0.040052083333333335 0.2263888888888889
0 0.16380208333333332 0.19611111111111112 0.028125 0.15703703703703703
0 0.28718750000000004 0.14907407407407408 0.028854166666666667 0.15888888888888889
0 0.46489583333333334 0.06592592592592593 0.028541666666666667 0.1275925925925926
0 0.1994270833333333 0.7471759259259259 0.03802083333333333 0.2287962962962963
0 0.97734375 0.45726851851851846 0.04375 0.19342592592592592
0 0.14791666666666667 0.28907407407407404 0.027708333333333335 0.16333333333333333
0 0.42953125000000003 0.21916666666666665 0.025208333333333333 0.15685185185185185
0 0.8834375 0.4234259259259259 0.034375 0.18314814814814817
0 0.49234374999999997 0.6675925925925926 0.0603125 0.2275925925925926
0 0.154765625 0.7252314814814815 0.05078125 0.23953703703703702
0 0.43585937499999994 0.649537037037037 0.044843749999999995 0.22907407407407407
0 0.406171875 0.15550925925925924 0.027760416666666666 0.14287037037037037
0 0.12971354166666668 0.20185185185185187 0.03036458333333333 0.1488888888888889
0 0.23059895833333333 0.06759259259259259 0.023489583333333335 0.13333333333333333
0 0.23674479166666668 0.19518518518518518 0.028593749999999998 0.1461111111111111
0 0.8003645833333334 0.04972222222222222 0.029479166666666667 0.09759259259259259
0 0.5288541666666666 0.6739814814814815 0.043125 0.21166666666666667
0 0.5553124999999999 0.9268981481481482 0.043854166666666666 0.14805555555555555
0 0.38533854166666665 0.16398148148148148 0.026614583333333334 0.15925925925925927
0 0.20343750000000002 0.06837962962962962 0.03229166666666667 0.1247222222222222
0 0.25052083333333336 0.12675925925925927 0.0378125 0.19111111111111112
