0 0.22411458333333334 0.48162037037037037 0.02666666666666667 0.09805555555555556
0 0.38807291666666666 0.6401851851851852 0.0871875 0.48648148148148146
0 0.31419270833333335 0.49666666666666665 0.03380208333333334 0.16074074074074074
0 0.4647135416666667 0.5797222222222222 0.08088541666666667 0.35574074074074075
0 0.532578125 0.5624074074074074 0.054427083333333334 0.29444444444444445
0 0.20510416666666667 0.4618518518518518 0.02354166666666667 0.09796296296296296
0 0.603125 0.46296296296296297 0.0196875 0.09833333333333334
0 0.2748958333333333 0.47314814814814815 0.018125 0.10092592592592593
0 0.6245312500000001 0.46 0.019166666666666665 0.09092592592592592
0 0.5668749999999999 0.5356944444444444 0.05479166666666667 0.25972222222222224
0 0.248046875 0.4824074074074074 0.018802083333333334 0.10092592592592593
0 0.3149479166666667 0.4136111111111111 0.012604166666666666 0.04259259259259259
0 0.309296875 0.4202777777777778 0.012239583333333333 0.03814814814814815
0 0.32046874999999997 0.4056481481481481 0.011770833333333335 0.04574074074074074
0 0.29763020833333337 0.43689814814814815 0.01921875 0.08527777777777777
