0 0.22507812500000002 0.4812962962962963 0.02713541666666667 0.10055555555555555
0 0.39385416666666667 0.6412037037037037 0.09072916666666667 0.49907407407407406
0 0.6282291666666667 0.46069444444444446 0.018958333333333334 0.08861111111111111
0 0.31817708333333333 0.4988425925925926 0.03364583333333333 0.1575
0 0.5406510416666667 0.5579166666666666 0.04932291666666667 0.28824074074074074
0 0.470390625 0.5791666666666667 0.08359375 0.3498148148148148
0 0.20479166666666665 0.46277777777777773 0.0234375 0.09796296296296296
0 0.2753125 0.4728703703703704 0.017083333333333332 0.1012962962962963
0 0.572578125 0.5354629629629629 0.04838541666666667 0.2661111111111111
0 0.6004166666666667 0.4633333333333334 0.0196875 0.09222222222222222
0 0.24690104166666668 0.48138888888888887 0.017239583333333332 0.1025925925925926
0 0.31411458333333336 0.40879629629629627 0.011354166666666667 0.040185185185185185
0 0.30739583333333337 0.4133796296296296 0.011145833333333332 0.03638888888888889
0 0.34890625 0.4681481481481481 0.012395833333333333 0.06703703703703705
0 0.284453125 0.46324074074074073 0.013697916666666667 0.08259259259259259
0 0.29661458333333335 0.4306481481481481 0.018958333333333334 0.08648148148148149
