0 0.697578125 0.5147685185185186 0.04994791666666667 0.27416666666666667
0 0.2548958333333334 0.512962962962963 0.05322916666666667 0.2262962962962963
0 0.139453125 0.5068981481481482 0.04265625 0.17212962962962963
0 0.5509114583333333 0.4590740740740741 0.02546875 0.11407407407407408
0 0.08236979166666666 0.45222222222222225 0.016927083333333332 0.0737037037037037
0 0.7579947916666666 0.46722222222222226 0.023177083333333334 0.10055555555555555
0 0.18888020833333333 0.5074074074074074 0.03609375 0.16722222222222222
0 0.2128385416666667 0.5029629629629631 0.031614583333333335 0.16944444444444445
0 0.3564583333333333 0.4545370370370371 0.012291666666666668 0.065
0 0.5038541666666666 0.44930555555555557 0.017604166666666664 0.08064814814814815
0 0.5234114583333334 0.460787037037037 0.01953125 0.1012037037037037
0 0.31322916666666667 0.4482407407407408 0.0115625 0.054259259259259264
0 0.668828125 0.48967592592592596 0.03796875 0.17175925925925925
0 0.32427083333333334 0.44796296296296295 0.0115625 0.055740740740740743
0 0.3434635416666667 0.4489814814814815 0.01171875 0.06018518518518518
0 0.30442708333333335 0.4492129629629629 0.0115625 0.05453703703703704
0 0.538359375 0.4598611111111111 0.018072916666666668 0.1050925925925926
0 0.09361979166666666 0.4434259259259259 0.014322916666666666 0.05648148148148148
0 0.47927083333333337 0.4404166666666667 0.0140625 0.0649074074074074
