0 0.5009374999999999 0.49953703703703706 0.0509375 0.1037037037037037
0 0.4496354166666666 0.47365740740740736 0.028125 0.07342592592592592
0 0.27768229166666664 0.5505092592592592 0.05973958333333333 0.2758333333333333
0 0.9019270833333334 0.5834722222222222 0.11604166666666667 0.43824074074074076
0 0.206484375 0.4625 0.02203125 0.09814814814814815
0 0.7729166666666667 0.4589814814814815 0.0334375 0.12074074074074075
0 0.33843750000000006 0.5377777777777777 0.04708333333333334 0.255
0 0.22901041666666666 0.46439814814814817 0.021875 0.08120370370370371
0 0.6639322916666667 0.46199074074074076 0.018385416666666664 0.09324074074074075
0 0.5765625 0.5024537037037037 0.017916666666666668 0.10824074074074075
0 0.429375 0.46935185185185185 0.030104166666666664 0.05722222222222222
0 0.5365364583333334 0.4635648148148148 0.02203125 0.10972222222222222
0 0.559453125 0.5000462962962963 0.020468749999999997 0.10250000000000001
0 0.5820572916666666 0.4576388888888889 0.020677083333333336 0.10083333333333334
