0 0.7650000000000001 0.45861111111111114 0.02802083333333333 0.10481481481481482
0 0.2677083333333333 0.47194444444444444 0.02364583333333333 0.1025925925925926
0 0.09411458333333332 0.5840740740740741 0.144375 0.4122222222222222
0 0.5039583333333334 0.6334259259259258 0.07552083333333333 0.4948148148148148
0 0.5991666666666666 0.6597222222222222 0.10166666666666666 0.5598148148148149
0 0.22580729166666663 0.4832407407407407 0.02411458333333333 0.09666666666666668
0 0.45291666666666663 0.5123148148148148 0.0440625 0.20333333333333334
0 0.34986979166666665 0.46273148148148147 0.01390625 0.06861111111111111
0 0.2098697916666667 0.4821296296296297 0.02328125 0.10388888888888889
0 0.6608333333333334 0.5219907407407407 0.05875 0.23324074074074075
0 0.9504427083333333 0.5818518518518518 0.08984375 0.41944444444444445
0 0.31177083333333333 0.45222222222222225 0.0115625 0.05388888888888889
0 0.42768229166666666 0.4691203703703704 0.024010416666666666 0.061759259259259264
0 0.332109375 0.45208333333333334 0.012864583333333334 0.05583333333333333
0 0.2955729166666667 0.45319444444444446 0.011666666666666665 0.05453703703703704
