0 0.6145312500000001 0.37560185185185185 0.03177083333333333 0.1350925925925926
0 0.35843749999999996 0.36291666666666667 0.021145833333333332 0.10305555555555555
0 0.49591145833333333 0.37800925925925927 0.023072916666666665 0.14083333333333334
0 0.44703125 0.37282407407407403 0.030729166666666665 0.15712962962962962
0 0.145078125 0.5113425925925926 0.15703125 0.5263888888888889
0 0.698671875 0.4039351851851852 0.047343750000000004 0.28453703703703703
0 0.5342708333333334 0.3484259259259259 0.0146875 0.060740740740740734
0 0.5579166666666667 0.3430092592592593 0.010833333333333334 0.043240740740740746
0 0.3337760416666667 0.35064814814814815 0.017552083333333336 0.06666666666666667
0 0.39026041666666667 0.3500462962962963 0.012812500000000001 0.05731481481481481
0 0.5455989583333333 0.3453703703703704 0.013072916666666667 0.05092592592592592
0 0.37145833333333333 0.3536574074074074 0.016354166666666666 0.08046296296296297
