0 0.3782291666666666 0.2437037037037037 0.041979166666666665 0.10537037037037036
0 0.6502343749999999 0.08407407407407406 0.03890625 0.11018518518518519
0 0.22638020833333336 0.44902777777777775 0.044843749999999995 0.22083333333333333
0 0.788828125 0.13402777777777777 0.029114583333333333 0.1399074074074074
0 0.3815104166666667 0.0737962962962963 0.029166666666666667 0.14574074074074075
0 0.7367708333333334 0.6381944444444444 0.054375 0.22712962962962965
0 0.9170572916666667 0.5201388888888889 0.039427083333333335 0.1950925925925926
0 0.27687500000000004 0.24648148148148147 0.0496875 0.1837037037037037
0 0.49888020833333335 0.26425925925925925 0.048281250000000005 0.1724074074074074
0 0.12440104166666667 0.19527777777777774 0.025885416666666668 0.15222222222222223
0 0.07489583333333334 0.6243055555555556 0.04479166666666667 0.23657407407407408
0 0.5466145833333333 0.2334722222222222 0.041562499999999995 0.17324074074074072
0 0.198359375 0.17962962962962964 0.028489583333333336 0.16518518518518518
0 0.43031250000000004 0.21842592592592594 0.031875 0.16185185185185186
0 0.10843749999999999 0.43180555555555555 0.03520833333333333 0.17824074074074073
0 0.16203125 0.1950925925925926 0.0275 0.15462962962962962
0 0.46505208333333337 0.22166666666666665 0.03145833333333333 0.16907407407407407
0 0.017890625 0.8513888888888889 0.03473958333333334 0.2225925925925926
0 0.7138020833333333 0.2526851851851852 0.02875 0.1587037037037037
0 0.9799479166666667 0.33055555555555555 0.04010416666666667 0.1827777777777778
0 0.245703125 0.12148148148148147 0.028072916666666666 0.15722222222222224
0 0.22114583333333332 0.15092592592592594 0.02802083333333333 0.15
0 0.79359375 0.29504629629629625 0.029583333333333333 0.18101851851851852
0 0.26752604166666666 0.11037037037037037 0.024635416666666667 0.14148148148148149
0 0.29388020833333334 0.1398148148148148 0.022447916666666668 0.16592592592592592
