0 0.12309895833333334 0.5399537037037037 0.07286458333333333 0.2886111111111111
0 0.6668489583333332 0.5314814814814814 0.06328125 0.3075925925925926
0 0.5801041666666666 0.48893518518518514 0.03729166666666666 0.1625
0 0.033671875000000004 0.5148148148148148 0.04442708333333333 0.18907407407407406
0 0.47 0.4603703703703704 0.025625000000000002 0.10814814814814815
0 0.2758072916666667 0.46152777777777776 0.012864583333333334 0.0723148148148148
0 0.4454427083333333 0.4647685185185186 0.02234375 0.10250000000000001
0 0.3860677083333333 0.4519907407407407 0.015364583333333333 0.06657407407407408
0 0.077734375 0.5164351851851852 0.03598958333333333 0.17472222222222222
0 0.42739583333333336 0.45064814814814813 0.0184375 0.0812962962962963
0 0.22390625 0.45291666666666663 0.011354166666666667 0.055092592592592596
0 0.23565104166666667 0.4530092592592593 0.010885416666666667 0.05620370370370371
0 0.24385416666666665 0.45412037037037034 0.011770833333333335 0.059722222222222225
0 0.25968749999999996 0.45578703703703705 0.024166666666666666 0.06231481481481481
0 0.28244791666666663 0.45773148148148146 0.012812500000000001 0.06472222222222222
