0 0.65234375 0.08259259259259259 0.03270833333333333 0.10925925925925926
0 0.37856770833333336 0.24328703703703702 0.041093750000000005 0.1050925925925926
0 0.4346614583333333 0.20976851851851852 0.04130208333333333 0.16157407407407406
0 0.573125 0.05486111111111111 0.03125 0.10787037037037037
0 0.8471875 0.6552777777777778 0.05395833333333333 0.21777777777777776
0 0.30692708333333335 0.1886574074074074 0.03135416666666667 0.1637962962962963
0 0.9170572916666667 0.5181944444444444 0.04067708333333333 0.19805555555555557
0 0.7816927083333333 0.1297222222222222 0.031302083333333335 0.14444444444444443
0 0.40648437499999995 0.14101851851851852 0.028697916666666667 0.14925925925925926
0 0.15958333333333335 0.6647685185185186 0.0428125 0.22546296296296298
0 0.17359375000000002 0.24018518518518517 0.03760416666666667 0.1827777777777778
0 0.878125 0.1 0.027395833333333335 0.14777777777777779
0 0.7503385416666666 0.09925925925925926 0.028489583333333336 0.1438888888888889
0 0.20268229166666665 0.3541666666666667 0.03828125 0.16944444444444445
0 0.50328125 0.6002314814814815 0.03677083333333333 0.21824074074074074
0 0.13877604166666666 0.19949074074074072 0.02765625 0.15361111111111111
0 0.14575520833333336 0.056712962962962965 0.028489583333333336 0.11157407407407408
0 0.24075520833333333 0.34629629629629627 0.02796875 0.18092592592592593
0 0.26171875 0.21351851851851852 0.03125 0.16740740740740742
0 0.547265625 0.5791203703703705 0.03796875 0.2210185185185185
0 0.23309895833333333 0.2073611111111111 0.03203125 0.15712962962962962
0 0.26901041666666664 0.051666666666666666 0.024583333333333336 0.10148148148148148
