0 0.6290625 0.44199074074074074 0.025729166666666668 0.1126851851851852
0 0.8266666666666667 0.45458333333333334 0.022187500000000002 0.09916666666666667
0 0.7279947916666667 0.4823148148148148 0.04234375 0.21888888888888888
0 0.35083333333333333 0.48361111111111105 0.044895833333333336 0.19444444444444445
0 0.5990104166666668 0.44731481481481483 0.0215625 0.09925925925925926
0 0.24393229166666666 0.4838888888888889 0.04057291666666667 0.16999999999999998
0 0.19033854166666667 0.4386111111111112 0.015260416666666667 0.06592592592592593
0 0.304296875 0.48250000000000004 0.032239583333333335 0.16907407407407407
0 0.7640885416666666 0.4793518518518518 0.038385416666666665 0.16537037037037036
0 0.2828385416666667 0.4863425925925926 0.03432291666666667 0.15898148148148147
0 0.572265625 0.4361574074074074 0.018072916666666668 0.07805555555555556
0 0.43375 0.43949074074074074 0.0115625 0.06194444444444445
0 0.41143229166666667 0.4360648148148148 0.012239583333333333 0.0587962962962963
0 0.3975 0.4362962962962963 0.0115625 0.05648148148148148
0 0.42507812500000003 0.43703703703703706 0.011927083333333333 0.05962962962962964
0 0.39138020833333337 0.4417129629629629 0.01171875 0.05398148148148148
