0 0.0690625 0.6328703703703704 0.028958333333333332 0.14777777777777779
0 0.964453125 0.7380092592592593 0.06088541666666667 0.25527777777777777
0 0.11588541666666667 0.5921296296296297 0.0234375 0.11962962962962961
0 0.9097395833333334 0.5718518518518518 0.03260416666666667 0.10666666666666667
0 0.036145833333333335 0.635 0.029062499999999998 0.13222222222222224
0 0.6702864583333332 0.5308796296296296 0.01703125 0.07305555555555555
0 0.545546875 0.49000000000000005 0.009114583333333334 0.03888888888888889
0 0.2892708333333333 0.5276388888888889 0.011875 0.06324074074074074
0 0.24325520833333333 0.5196296296296297 0.01171875 0.05962962962962964
0 0.7507291666666666 0.5166203703703703 0.012291666666666668 0.05842592592592593
0 0.5824999999999999 0.5081944444444445 0.012083333333333333 0.050277777777777775
0 0.39666666666666667 0.4885648148148148 0.009270833333333334 0.030277777777777782
0 0.011536458333333333 0.6356481481481482 0.020052083333333335 0.13222222222222224
0 0.6449999999999999 0.5111111111111111 0.012291666666666668 0.05259259259259259
0 0.725234375 0.5207407407407407 0.014739583333333334 0.05388888888888889
0 0.26 0.513287037037037 0.011041666666666667 0.05453703703703704
0 0.5682291666666667 0.5026851851851852 0.01 0.040185185185185185
0 0.7440364583333334 0.5210648148148148 0.01265625 0.05583333333333333
