0 0.9046093749999999 0.605138888888889 0.032552083333333336 0.12861111111111112
0 0.7426822916666667 0.5404166666666667 0.018385416666666664 0.09287037037037037
0 0.8538802083333333 0.6060185185185185 0.029947916666666668 0.1261111111111111
0 0.8058072916666666 0.5289351851851852 0.020364583333333335 0.07712962962962963
0 0.282265625 0.5569444444444445 0.018697916666666665 0.08833333333333333
0 0.09677083333333333 0.632361111111111 0.033229166666666664 0.15009259259259258
0 0.25981770833333334 0.5545833333333333 0.018802083333333334 0.08546296296296296
0 0.04533854166666666 0.6255092592592593 0.028281249999999997 0.16305555555555554
0 0.6277604166666666 0.4750925925925926 0.008645833333333333 0.03574074074074074
0 0.782578125 0.5193518518518518 0.015572916666666665 0.07648148148148147
0 0.4359375 0.49689814814814814 0.0096875 0.04231481481481482
0 0.6752604166666667 0.48143518518518524 0.008229166666666668 0.041944444444444444
0 0.341953125 0.5268055555555555 0.014947916666666667 0.06972222222222221
0 0.5637500000000001 0.47375 0.008020833333333333 0.028425925925925924
0 0.32122395833333334 0.5234722222222222 0.01296875 0.06138888888888889
0 0.41750000000000004 0.48995370370370367 0.01 0.04083333333333333
0 0.33005208333333336 0.5265277777777777 0.013125 0.06342592592592593
0 0.43049479166666665 0.49425925925925923 0.010052083333333333 0.04092592592592593
0 0.7665364583333333 0.5019907407407407 0.013489583333333333 0.05064814814814815
0 0.68125 0.4833796296296296 0.008020833333333333 0.04101851851851852
0 0.7925260416666667 0.523287037037037 0.020260416666666666 0.07435185185185185
