0 0.4345572916666667 0.5234259259259259 0.04526041666666667 0.24444444444444444
0 0.5379166666666666 0.5396296296296296 0.055 0.2607407407407408
0 0.211796875 0.48143518518518524 0.02578125 0.10805555555555556
0 0.4896875 0.5180092592592593 0.04645833333333334 0.28250000000000003
0 0.3072135416666667 0.462037037037037 0.017447916666666667 0.07925925925925925
0 0.36364583333333333 0.4740740740740741 0.02354166666666667 0.11203703703703703
0 0.5824479166666666 0.517037037037037 0.0534375 0.22148148148148147
0 0.7825260416666667 0.6862962962962963 0.11296875 0.592037037037037
0 0.6235156249999999 0.4559722222222223 0.01932291666666667 0.08398148148148149
0 0.9114322916666667 0.6713888888888888 0.17661458333333335 0.659074074074074
0 0.383203125 0.45810185185185187 0.016822916666666667 0.08527777777777777
0 0.22880208333333335 0.4812962962962963 0.02375 0.0962962962962963
0 0.2901302083333333 0.46245370370370376 0.015260416666666667 0.07101851851851852
0 0.3468229166666667 0.4633333333333333 0.016354166666666666 0.08462962962962964
0 0.24713541666666666 0.4591666666666667 0.014791666666666667 0.06537037037037037
0 0.3004947916666667 0.41810185185185184 0.010364583333333333 0.035277777777777776
