0 0.32960937500000004 0.61 0.09817708333333333 0.44185185185185183
0 0.22526041666666666 0.48125 0.030833333333333334 0.09657407407407408
0 0.42096354166666666 0.5649074074074074 0.05848958333333333 0.31037037037037035
0 0.6260156250000001 0.4609722222222222 0.020989583333333332 0.09212962962962963
0 0.5769270833333333 0.5022222222222222 0.020520833333333332 0.10833333333333334
0 0.20533854166666668 0.4621296296296296 0.022239583333333333 0.09759259259259259
0 0.5305989583333334 0.45861111111111114 0.01921875 0.0987037037037037
0 0.4742447916666667 0.5466666666666666 0.05619791666666667 0.26425925925925925
0 0.5577343750000001 0.4987037037037037 0.021510416666666664 0.10388888888888889
0 0.25385416666666666 0.4813425925925926 0.01875 0.09953703703703703
0 0.6020052083333334 0.46259259259259256 0.016614583333333332 0.08685185185185185
0 0.27072916666666663 0.4613425925925926 0.013125 0.08305555555555556
0 0.4990364583333334 0.5286574074074074 0.039531250000000004 0.2200925925925926
