0 0.6522916666666666 0.08356481481481481 0.03239583333333333 0.1112037037037037
0 0.3784895833333334 0.24375 0.04114583333333333 0.10564814814814814
0 0.7891145833333334 0.07111111111111111 0.03114583333333333 0.1361111111111111
0 0.8866666666666667 0.3447222222222222 0.04052083333333333 0.1885185185185185
0 0.4280989583333333 0.2162037037037037 0.03390625 0.16333333333333333
0 0.8382552083333333 0.06824074074074074 0.02890625 0.12962962962962962
0 0.21299479166666666 0.29907407407407405 0.03380208333333334 0.17888888888888888
0 0.296796875 0.18726851851851853 0.030989583333333334 0.16027777777777777
0 0.9172395833333333 0.518425925925926 0.042291666666666665 0.1962962962962963
0 0.9644791666666667 0.30430555555555555 0.03666666666666667 0.1723148148148148
0 0.46848958333333335 0.0512037037037037 0.02802083333333333 0.10055555555555555
0 0.12052083333333333 0.35800925925925925 0.034583333333333334 0.17620370370370372
0 0.8772395833333333 0.06870370370370371 0.027083333333333334 0.1337037037037037
0 0.08828125 0.3389351851851852 0.028645833333333332 0.19546296296296295
0 0.128984375 0.20078703703703704 0.029947916666666668 0.15138888888888888
0 0.5263020833333333 0.04671296296296296 0.027604166666666666 0.08657407407407407
0 0.16416666666666666 0.1923148148148148 0.027291666666666665 0.1590740740740741
0 0.4053125 0.14504629629629628 0.024583333333333336 0.14416666666666667
0 0.85046875 0.655 0.03635416666666667 0.2201851851851852
0 0.40942708333333333 0.6631481481481482 0.042083333333333334 0.23370370370370372
0 0.236796875 0.20277777777777778 0.026822916666666665 0.1446296296296296
0 0.2003125 0.17962962962962964 0.0271875 0.15888888888888889
0 0.2579166666666667 0.16449074074074074 0.03354166666666667 0.16231481481481483
0 0.14817708333333332 0.9185648148148149 0.041041666666666664 0.16472222222222221
0 0.23028645833333336 0.12638888888888888 0.025885416666666668 0.16166666666666665
0 0.5610416666666667 0.8496296296296295 0.0615625 0.2485185185185185
0 0.5962760416666666 0.8536111111111111 0.047135416666666666 0.21833333333333335
0 0.5519791666666667 0.9404166666666667 0.036041666666666666 0.12101851851851851
