0 0.6192187499999999 0.38069444444444445 0.03135416666666667 0.13398148148148148
0 0.7092708333333333 0.3840277777777778 0.0396875 0.1600925925925926
0 0.5284114583333334 0.4036574074074074 0.030885416666666665 0.09916666666666667
0 0.455078125 0.3926851851851852 0.03078125 0.15425925925925926
0 0.5027083333333333 0.3974074074074074 0.03166666666666666 0.10277777777777777
0 0.036953125 0.3747685185185185 0.028489583333333336 0.10935185185185185
0 0.413515625 0.38796296296296295 0.03328125 0.1662962962962963
0 0.015859375000000002 0.3776851851851852 0.02744791666666667 0.10537037037037036
0 0.55703125 0.3573611111111111 0.017708333333333333 0.0637962962962963
0 0.33041666666666664 0.3553703703703704 0.014895833333333334 0.054814814814814816
0 0.9600520833333334 0.502824074074074 0.08093750000000001 0.6510185185185186
0 0.35432291666666665 0.350462962962963 0.012395833333333333 0.04703703703703704
0 0.5809114583333332 0.35833333333333334 0.013385416666666667 0.05685185185185185
0 0.39416666666666667 0.3608796296296296 0.016458333333333335 0.06046296296296296
0 0.3770833333333333 0.3517592592592592 0.011875 0.04574074074074074
0 0.5900260416666666 0.35875 0.013385416666666667 0.05824074074074074
0 0.33880208333333334 0.3511111111111111 0.017812500000000002 0.056296296296296296
