0 0.6525260416666667 0.08328703703703703 0.03171875 0.10898148148148148
0 0.3780989583333333 0.24337962962962958 0.04130208333333333 0.10490740740740741
0 0.20791666666666667 0.04865740740740741 0.033749999999999995 0.09527777777777778
0 0.20091145833333332 0.18157407407407408 0.02890625 0.16462962962962965
0 0.8717447916666666 0.10648148148148148 0.038802083333333334 0.16092592592592594
0 0.25354166666666667 0.36310185185185184 0.043125 0.1950925925925926
0 0.9417187499999999 0.17444444444444443 0.036458333333333336 0.15333333333333332
0 0.6024999999999999 0.5242129629629629 0.03802083333333333 0.18768518518518518
0 0.44578124999999996 0.05569444444444444 0.029062499999999998 0.10953703703703703
0 0.24791666666666667 0.6377777777777779 0.0378125 0.21796296296296297
0 0.070390625 0.41277777777777774 0.02765625 0.17666666666666667
0 0.19388020833333333 0.6245833333333333 0.04963541666666667 0.2337962962962963
0 0.5110416666666666 0.10513888888888889 0.03364583333333333 0.16453703703703704
0 0.25518229166666667 0.15722222222222224 0.03630208333333333 0.18055555555555555
0 0.16151041666666666 0.19537037037037036 0.028541666666666667 0.15351851851851853
0 0.42973958333333334 0.2193055555555556 0.03114583333333333 0.1600925925925926
0 0.1296875 0.20328703703703704 0.03104166666666667 0.14453703703703702
0 0.8536197916666667 0.697962962962963 0.04390625 0.23259259259259257
0 0.12265625 0.35379629629629633 0.027916666666666666 0.16962962962962963
0 0.5420572916666667 0.1150462962962963 0.028281249999999997 0.1525
0 0.9161458333333333 0.5200925925925927 0.041875 0.19925925925925925
0 0.4976302083333333 0.5796296296296296 0.04067708333333333 0.1987037037037037
0 0.464453125 0.571111111111111 0.04348958333333333 0.21000000000000002
0 0.9434635416666667 0.4960185185185186 0.03744791666666667 0.19518518518518518
0 0.5326302083333333 0.9198148148148148 0.046406249999999996 0.1622222222222222
0 0.7620052083333333 0.04097222222222222 0.027864583333333335 0.07398148148148148
0 0.4067447916666666 0.1628240740740741 0.025572916666666667 0.12583333333333332
0 0.27820312500000005 0.15537037037037038 0.01973958333333333 0.14925925925925926
0 0.3821354166666666 0.07064814814814815 0.0284375 0.13777777777777778
