0 0.6523177083333334 0.08351851851851852 0.03171875 0.1111111111111111
0 0.37807291666666665 0.24328703703703702 0.04125 0.10583333333333333
0 0.3018489583333333 0.1423148148148148 0.029427083333333333 0.1537037037037037
0 0.25729166666666664 0.3236574074074074 0.041979166666666665 0.1899074074074074
0 0.20106770833333334 0.18328703703703703 0.028385416666666666 0.16157407407407406
0 0.884296875 0.14037037037037037 0.03911458333333333 0.16166666666666665
0 0.508125 0.09259259259259259 0.0321875 0.15611111111111112
0 0.91625 0.5201851851851852 0.04114583333333333 0.1887037037037037
0 0.070859375 0.41060185185185183 0.02713541666666667 0.1749074074074074
0 0.9359375 0.195 0.028958333333333332 0.15018518518518517
0 0.5384114583333334 0.10287037037037036 0.028697916666666667 0.15
0 0.1635677083333333 0.19666666666666668 0.028281249999999997 0.1525925925925926
0 0.850390625 0.6852777777777778 0.05182291666666667 0.2201851851851852
0 0.204609375 0.05472222222222222 0.03567708333333333 0.1075925925925926
0 0.44807291666666665 0.06199074074074074 0.026979166666666665 0.12175925925925926
0 0.659765625 0.5582407407407407 0.037031249999999995 0.1887037037037037
0 0.4296875 0.2187037037037037 0.030000000000000002 0.16092592592592594
0 0.12325520833333334 0.3275 0.028489583333333336 0.16574074074074074
0 0.4764322916666667 0.6143518518518518 0.05713541666666667 0.2274074074074074
0 0.227890625 0.6847222222222222 0.04067708333333333 0.21574074074074073
0 0.13325520833333332 0.20425925925925928 0.037135416666666664 0.14574074074074075
0 0.174609375 0.6656018518518518 0.04671875 0.23083333333333333
0 0.97515625 0.15273148148148147 0.04135416666666667 0.16416666666666668
0 0.23546875 0.16898148148148148 0.027916666666666666 0.1562962962962963
0 0.3873177083333334 0.05935185185185184 0.02703125 0.11685185185185186
0 0.394453125 0.6298148148148147 0.045468749999999995 0.22833333333333333
0 0.25838541666666665 0.15092592592592594 0.036145833333333335 0.17962962962962964
0 0.23317708333333334 0.055370370370370375 0.023958333333333335 0.1087037037037037
0 0.38718749999999996 0.1638888888888889 0.03270833333333333 0.16333333333333333
0 0.508984375 0.6145833333333334 0.04182291666666667 0.20175925925925928
0 0.5326041666666667 0.9291203703703703 0.041979166666666665 0.1436111111111111
