0 0.3784114583333334 0.24305555555555555 0.04151041666666667 0.10481481481481482
0 0.6522656250000001 0.08439814814814815 0.032239583333333335 0.1112037037037037
0 0.4327604166666667 0.2089814814814815 0.03927083333333334 0.1590740740740741
0 0.95640625 0.2604166666666667 0.036562500000000005 0.17416666666666666
0 0.6390625 0.20124999999999998 0.0321875 0.1613888888888889
0 0.22606770833333334 0.3531944444444445 0.03526041666666667 0.18453703703703705
0 0.783671875 0.23939814814814817 0.03348958333333333 0.1489814814814815
0 0.278984375 0.33027777777777784 0.03348958333333333 0.17055555555555554
0 0.8869791666666667 0.22162037037037038 0.03145833333333333 0.1612037037037037
0 0.134609375 0.20277777777777778 0.028385416666666666 0.15425925925925926
0 0.45546875 0.37287037037037035 0.03510416666666667 0.18203703703703702
0 0.196875 0.8958796296296297 0.04916666666666667 0.2100925925925926
0 0.16476562499999997 0.19435185185185186 0.026510416666666665 0.15722222222222224
0 0.8478125000000001 0.6563888888888889 0.0540625 0.21944444444444444
0 0.9170312500000001 0.5199074074074074 0.04083333333333334 0.2024074074074074
0 0.405859375 0.14189814814814813 0.028593749999999998 0.14935185185185187
0 0.49875 0.37083333333333335 0.036875 0.19018518518518518
0 0.6372395833333333 0.7243055555555555 0.04697916666666667 0.24379629629629632
0 0.17890625 0.5224074074074074 0.04479166666666667 0.19055555555555556
0 0.2983854166666667 0.1890277777777778 0.03104166666666667 0.15731481481481482
0 0.18026041666666667 0.34777777777777774 0.03364583333333333 0.1837037037037037
0 0.21807291666666667 0.5209259259259259 0.035416666666666666 0.2048148148148148
0 0.277109375 0.1471296296296296 0.02890625 0.14648148148148146
0 0.17585937499999998 0.0612962962962963 0.02359375 0.12
0 0.9305729166666665 0.7399074074074073 0.04958333333333333 0.22833333333333333
0 0.2446354166666667 0.14069444444444443 0.03135416666666667 0.16212962962962962
0 0.22041666666666665 0.24125000000000002 0.03666666666666667 0.17250000000000001
0 0.342578125 0.6198148148148148 0.05828125 0.2301851851851852
0 0.7638020833333333 0.03874999999999999 0.029270833333333336 0.07324074074074073
0 0.7291145833333333 0.03986111111111111 0.021875 0.07175925925925926
