0 0.7395572916666667 0.31027777777777776 0.020781249999999998 0.1151851851851852
0 0.5517447916666666 0.3446296296296296 0.08317708333333333 0.4777777777777778
0 0.460625 0.35180555555555554 0.09270833333333334 0.4471296296296296
0 0.6391666666666667 0.3497222222222222 0.05229166666666667 0.3194444444444444
0 0.85390625 0.303287037037037 0.018125 0.09916666666666667
0 0.2803645833333333 0.5009259259259259 0.25697916666666665 1.0
0 0.7000781249999999 0.30898148148148147 0.01390625 0.08092592592592593
0 0.7659635416666667 0.30189814814814814 0.01484375 0.061759259259259264
0 0.7190364583333333 0.3088425925925926 0.014322916666666666 0.0763888888888889
0 0.087890625 0.5009259259259259 0.15130208333333334 1.0
0 0.7796875 0.3027314814814815 0.012187499999999999 0.0575
