0 0.6522916666666667 0.08212962962962962 0.0325 0.10796296296296296
0 0.37838541666666664 0.24333333333333335 0.041562499999999995 0.10444444444444444
0 0.43231770833333333 0.2099074074074074 0.038593749999999996 0.16018518518518518
0 0.276328125 0.3524074074074074 0.03609375 0.17351851851851852
0 0.16471354166666666 0.19643518518518516 0.027760416666666666 0.15898148148148147
0 0.22114583333333332 0.3619907407407408 0.04052083333333333 0.18453703703703705
0 0.2964583333333333 0.19092592592592592 0.03260416666666667 0.15537037037037038
0 0.84734375 0.6556481481481482 0.05322916666666667 0.2174074074074074
0 0.9676041666666666 0.28342592592592597 0.0315625 0.17907407407407408
0 0.7820833333333332 0.24842592592592588 0.03364583333333333 0.15018518518518517
0 0.45630208333333333 0.353287037037037 0.034375 0.18305555555555555
0 0.6548958333333332 0.21856481481481482 0.030833333333333334 0.15694444444444444
0 0.134609375 0.2048611111111111 0.027760416666666666 0.1497222222222222
0 0.625703125 0.6897685185185186 0.04859375 0.24324074074074073
0 0.9164843749999999 0.5192592592592592 0.04151041666666667 0.19648148148148148
0 0.5010156250000001 0.34824074074074074 0.03567708333333333 0.1922222222222222
0 0.17770833333333333 0.546574074074074 0.0478125 0.1925925925925926
0 0.17450520833333333 0.3660185185185185 0.03328125 0.18388888888888888
0 0.40544270833333335 0.14351851851851852 0.028072916666666666 0.14925925925925926
0 0.8959635416666667 0.23990740740740743 0.028802083333333332 0.1548148148148148
0 0.21434895833333334 0.5398148148148149 0.033177083333333336 0.20851851851851852
0 0.9272395833333335 0.7393055555555555 0.05302083333333333 0.22583333333333333
0 0.24473958333333334 0.24388888888888888 0.034166666666666665 0.17814814814814817
0 0.17380208333333333 0.06217592592592592 0.0215625 0.11953703703703702
0 0.3300520833333333 0.6243981481481482 0.0471875 0.2262037037037037
0 0.20934895833333333 0.9146296296296297 0.05067708333333333 0.1725925925925926
0 0.21497395833333333 0.23199074074074075 0.02723958333333333 0.1462037037037037
0 0.27674479166666666 0.1613888888888889 0.028385416666666666 0.13574074074074075
0 0.242265625 0.14532407407407405 0.03369791666666667 0.15212962962962964
0 0.21622395833333335 0.07430555555555556 0.030260416666666668 0.14416666666666667
