0 0.4490885416666667 0.47337962962962965 0.027864583333333335 0.07157407407407407
0 0.3880208333333333 0.46425925925925926 0.02364583333333333 0.10074074074074074
0 0.6668489583333334 0.5328240740740741 0.044947916666666664 0.25805555555555554
0 0.5422916666666667 0.512962962962963 0.04520833333333333 0.2225925925925926
0 0.5009374999999999 0.4997222222222223 0.052083333333333336 0.10407407407407408
0 0.356640625 0.46930555555555553 0.021197916666666667 0.09620370370370371
0 0.5955989583333334 0.5155555555555555 0.053802083333333334 0.26722222222222225
0 0.21117187499999998 0.4824537037037038 0.025260416666666667 0.1063888888888889
0 0.42950520833333333 0.46893518518518523 0.028489583333333336 0.057129629629629634
0 0.227734375 0.4818981481481481 0.021614583333333333 0.09824074074074074
0 0.2973177083333333 0.46467592592592594 0.015260416666666667 0.0787962962962963
0 0.33742187500000004 0.4690740740740741 0.01796875 0.095
0 0.314765625 0.46231481481481485 0.018177083333333333 0.07907407407407407
