0 0.2891927083333333 0.5373611111111112 0.055052083333333335 0.2778703703703704
0 0.6603125 0.6866203703703704 0.12760416666666666 0.6230555555555556
0 0.21070312500000002 0.48254629629629625 0.026927083333333334 0.10583333333333333
0 0.45255208333333335 0.6547685185185186 0.20135416666666667 0.6923148148148148
0 0.22713541666666667 0.4806944444444444 0.024479166666666666 0.09564814814814815
0 0.25408854166666667 0.4612037037037037 0.01484375 0.07277777777777777
0 0.5858854166666667 0.6433796296296296 0.08875000000000001 0.47953703703703704
0 0.5291406249999999 0.4613425925925926 0.015677083333333335 0.0912037037037037
0 0.3546875 0.5581944444444444 0.041875 0.3086111111111111
0 0.5427864583333333 0.45055555555555554 0.013072916666666667 0.08
0 0.7219791666666667 0.559675925925926 0.06749999999999999 0.304537037037037
