0 0.8030729166666666 0.5702777777777778 0.026145833333333333 0.12092592592592592
0 0.8493489583333333 0.5292592592592592 0.019010416666666665 0.08759259259259258
0 0.2509635416666667 0.5721296296296298 0.021927083333333333 0.10500000000000001
0 0.8767447916666666 0.5454166666666667 0.02276041666666667 0.08657407407407407
0 0.225546875 0.5661111111111111 0.020364583333333335 0.10425925925925926
0 0.40161458333333333 0.4948148148148148 0.011875 0.04925925925925926
0 0.32299479166666667 0.5433333333333334 0.01671875 0.08277777777777778
0 0.435625 0.501712962962963 0.010520833333333333 0.050462962962962966
0 0.34518229166666664 0.5325 0.01765625 0.08055555555555556
0 0.6416406249999999 0.47898148148148156 0.008697916666666666 0.03833333333333333
0 0.5543489583333333 0.4775462962962963 0.007552083333333333 0.027314814814814816
0 0.7170833333333333 0.4994444444444444 0.0115625 0.053703703703703705
0 0.30645833333333333 0.5433333333333333 0.0140625 0.07462962962962963
0 0.876328125 0.4989351851851852 0.014114583333333335 0.05583333333333333
0 0.8284895833333332 0.5031018518518519 0.012083333333333333 0.050462962962962966
0 0.8079427083333334 0.49370370370370376 0.010572916666666666 0.03888888888888889
0 0.7880729166666666 0.49157407407407405 0.010520833333333333 0.039629629629629626
0 0.7754947916666667 0.49055555555555563 0.009427083333333334 0.04203703703703703
0 0.7071354166666667 0.4938425925925926 0.010416666666666666 0.045092592592592594
0 0.8856770833333333 0.4912037037037037 0.015000000000000001 0.0587037037037037
0 0.8284114583333333 0.5046759259259259 0.026093750000000002 0.0787962962962963
