0 0.22861979166666668 0.4413888888888889 0.04463541666666667 0.21814814814814815
0 0.37807291666666665 0.2437037037037037 0.04072916666666667 0.10574074074074075
0 0.6521354166666667 0.08060185185185186 0.034270833333333334 0.10657407407407407
0 0.7889843750000001 0.13398148148148148 0.028593749999999998 0.13814814814814813
0 0.27890625 0.25296296296296295 0.04666666666666666 0.1827777777777778
0 0.7364062499999999 0.6387037037037037 0.05427083333333334 0.22777777777777777
0 0.38148437500000004 0.07342592592592592 0.029010416666666667 0.145
0 0.9167708333333333 0.5201851851851852 0.039375 0.19611111111111112
0 0.19901041666666666 0.18115740740740738 0.028333333333333332 0.16212962962962962
0 0.48484374999999996 0.26587962962962963 0.034895833333333334 0.16231481481481483
0 0.10385416666666666 0.4270833333333333 0.034375 0.18027777777777776
0 0.12424479166666667 0.1938425925925926 0.025677083333333333 0.1562037037037037
0 0.161953125 0.195 0.028385416666666666 0.1575925925925926
0 0.07549479166666666 0.6235185185185185 0.04473958333333334 0.23296296296296296
0 0.5452864583333333 0.23935185185185184 0.041093750000000005 0.1764814814814815
0 0.42999999999999994 0.21925925925925926 0.03208333333333333 0.1638888888888889
0 0.019635416666666666 0.8398611111111111 0.0353125 0.2260185185185185
0 0.23218750000000002 0.1574537037037037 0.028645833333333332 0.1376851851851852
0 0.9828385416666666 0.34069444444444447 0.03536458333333334 0.1789814814814815
0 0.7057552083333333 0.2414351851851852 0.028072916666666666 0.1534259259259259
0 0.2680729166666667 0.11347222222222222 0.029375 0.14453703703703702
0 0.4633072916666666 0.22393518518518518 0.030989583333333334 0.16694444444444445
0 0.7898697916666667 0.29203703703703704 0.031927083333333335 0.18555555555555556
0 0.7301822916666667 0.28319444444444447 0.022864583333333334 0.1526851851851852
0 0.29322916666666665 0.13791666666666666 0.0228125 0.1576851851851852
0 0.24309895833333334 0.1174537037037037 0.02723958333333333 0.1562037037037037
