0 0.782578125 0.6234259259259259 0.11307291666666666 0.6138888888888889
0 0.18348958333333334 0.3957870370370371 0.0284375 0.12379629629629628
0 0.9258593749999999 0.6168518518518519 0.13494791666666667 0.6157407407407407
0 0.5070572916666667 0.41847222222222225 0.03755208333333333 0.1525
0 0.31552083333333336 0.40699074074074076 0.03770833333333334 0.16212962962962962
0 0.6325260416666667 0.43037037037037035 0.045572916666666664 0.23870370370370372
0 0.42492187499999995 0.3987037037037037 0.026614583333333334 0.1335185185185185
0 0.09270833333333334 0.39194444444444443 0.022395833333333334 0.10703703703703703
0 0.4521614583333333 0.39643518518518517 0.02744791666666667 0.1289814814814815
0 0.24869791666666666 0.38689814814814816 0.024583333333333336 0.11731481481481482
0 0.5351822916666666 0.3906944444444445 0.01942708333333333 0.10898148148148148
0 0.40013020833333335 0.3886574074074074 0.021302083333333333 0.05157407407407408
0 0.06986979166666667 0.36694444444444446 0.013072916666666667 0.062037037037037036
0 0.07807291666666667 0.3743518518518518 0.016979166666666667 0.07574074074074073
0 0.33783854166666666 0.3725925925925926 0.013697916666666667 0.060555555555555564
0 0.23101562499999997 0.3884722222222222 0.016302083333333335 0.09175925925925925
0 0.4864583333333333 0.392037037037037 0.0215625 0.10629629629629629
0 0.4757291666666667 0.3900462962962963 0.014270833333333333 0.1000925925925926
