0 0.6523958333333333 0.08263888888888889 0.03260416666666667 0.1100925925925926
0 0.3784635416666667 0.24337962962962958 0.04130208333333333 0.10583333333333333
0 0.91625 0.5188425925925926 0.05 0.1923148148148148
0 0.7859375 0.07375000000000001 0.030520833333333334 0.13194444444444445
0 0.7795572916666667 0.18277777777777776 0.02723958333333333 0.15574074074074074
0 0.30296874999999995 0.18648148148148147 0.030520833333333334 0.16407407407407407
0 0.15028645833333334 0.26787037037037037 0.028489583333333336 0.1874074074074074
0 0.26200520833333335 0.2377314814814815 0.02734375 0.17379629629629628
0 0.23205729166666667 0.2461111111111111 0.03421875 0.15222222222222223
0 0.8458854166666666 0.6547222222222222 0.051666666666666666 0.21666666666666667
0 0.18231770833333333 0.26749999999999996 0.03307291666666667 0.16814814814814813
0 0.17515625 0.49106481481481484 0.03822916666666667 0.20527777777777775
0 0.8472916666666667 0.18689814814814815 0.03104166666666667 0.16953703703703704
0 0.23619791666666667 0.6266203703703703 0.049895833333333334 0.23175925925925928
0 0.42278645833333334 0.2101388888888889 0.02744791666666667 0.16416666666666668
0 0.40369791666666666 0.14666666666666664 0.026145833333333333 0.14129629629629628
0 0.20026041666666666 0.18296296296296297 0.024374999999999997 0.16574074074074074
0 0.6676041666666667 0.8112037037037038 0.04802083333333333 0.2451851851851852
0 0.6271875 0.8239351851851852 0.041666666666666664 0.23842592592592593
0 0.23656249999999998 0.11481481481481481 0.030208333333333334 0.15407407407407409
0 0.18005208333333336 0.06222222222222223 0.02666666666666667 0.1225925925925926
0 0.13703125000000002 0.20435185185185184 0.0278125 0.15555555555555556
0 0.25471354166666665 0.07101851851851852 0.02359375 0.1337037037037037
