0 0.903125 0.652175925925926 0.042395833333333334 0.18601851851851853
0 0.9395572916666667 0.570324074074074 0.02203125 0.09638888888888889
0 0.10197916666666668 0.6023148148148149 0.026979166666666665 0.13444444444444442
0 0.24028645833333334 0.5842129629629629 0.022239583333333333 0.11972222222222223
0 0.12690104166666666 0.607824074074074 0.029739583333333333 0.13435185185185183
0 0.8288281249999999 0.5123611111111112 0.014427083333333333 0.06194444444444445
0 0.7137239583333334 0.5242592592592592 0.015572916666666665 0.06555555555555555
0 0.338671875 0.5123148148148149 0.010885416666666667 0.0575925925925926
0 0.37786458333333334 0.5186574074074075 0.010833333333333334 0.05731481481481481
0 0.21085937500000002 0.5889351851851853 0.02276041666666667 0.10546296296296297
0 0.19026041666666668 0.589212962962963 0.021145833333333332 0.1050925925925926
0 0.78734375 0.5146296296296297 0.012812500000000001 0.05222222222222222
0 0.48781250000000004 0.48569444444444443 0.006666666666666667 0.02824074074074074
0 0.6118229166666667 0.48865740740740743 0.009583333333333333 0.042499999999999996
0 0.6854166666666667 0.5068518518518518 0.0125 0.05074074074074074
0 0.17497395833333332 0.5861111111111111 0.01671875 0.08907407407407408
0 0.6388802083333334 0.5015740740740741 0.012239583333333333 0.046481481481481485
0 0.2541145833333333 0.5609259259259259 0.01875 0.09166666666666666
0 0.8094010416666667 0.5111574074074074 0.01265625 0.053425925925925925
0 0.62453125 0.49583333333333335 0.010416666666666666 0.041666666666666664
0 0.6191927083333333 0.49273148148148144 0.009947916666666667 0.04138888888888889
0 0.37111979166666664 0.5157407407407407 0.01046875 0.053518518518518514
0 0.35955729166666667 0.5116666666666667 0.01015625 0.05037037037037037
0 0.7023958333333334 0.5135185185185185 0.013229166666666665 0.049444444444444444
0 0.6601041666666667 0.5039351851851852 0.010624999999999999 0.04175925925925926
0 0.16419270833333333 0.5811574074074075 0.015885416666666666 0.0850925925925926
0 0.6682812499999999 0.5040277777777779 0.0109375 0.04398148148148148
0 0.8944010416666667 0.5530092592592593 0.020677083333333336 0.09564814814814815
