0 0.6522135416666667 0.08439814814814815 0.03234375 0.10972222222222222
0 0.3784895833333334 0.24439814814814814 0.04114583333333333 0.10546296296296297
0 0.773125 0.07430555555555556 0.028958333333333332 0.1349074074074074
0 0.232421875 0.1150462962962963 0.030989583333333334 0.15805555555555553
0 0.9005989583333334 0.11939814814814814 0.03036458333333333 0.14824074074074073
0 0.8039583333333333 0.6681481481481482 0.04802083333333333 0.22592592592592592
0 0.18989583333333335 0.653425925925926 0.055 0.2288888888888889
0 0.9164322916666666 0.5213425925925925 0.040468750000000005 0.1965740740740741
0 0.5022656249999999 0.1261111111111111 0.032864583333333336 0.16092592592592594
0 0.20130208333333333 0.18449074074074073 0.029479166666666667 0.1676851851851852
0 0.25513020833333333 0.2062962962962963 0.040052083333333335 0.18481481481481482
0 0.07005208333333333 0.4125 0.026875 0.17592592592592593
0 0.42984375 0.22050925925925927 0.030416666666666665 0.1636111111111111
0 0.537109375 0.1550925925925926 0.032552083333333336 0.16685185185185183
0 0.16015625 0.2013425925925926 0.028541666666666667 0.16046296296296297
0 0.38119791666666664 0.0751388888888889 0.027916666666666666 0.14564814814814817
0 0.482109375 0.4927777777777778 0.03786458333333333 0.1827777777777778
0 0.5639062499999999 0.1502314814814815 0.02875 0.15416666666666667
0 0.2920052083333334 0.5318981481481482 0.03484375 0.2063888888888889
0 0.13848958333333336 0.4355092592592592 0.030833333333333334 0.17675925925925925
0 0.127109375 0.19819444444444445 0.02921875 0.15416666666666667
0 0.45177083333333334 0.4883333333333333 0.04177083333333333 0.19537037037037036
0 0.3938802083333333 0.17064814814814816 0.02453125 0.1537037037037037
0 0.24828125000000004 0.5168518518518519 0.038125 0.21833333333333335
0 0.20278645833333334 0.9096759259259258 0.05036458333333334 0.1825
0 0.2775520833333333 0.17402777777777775 0.022916666666666665 0.15935185185185186
0 0.5035416666666667 0.9214814814814815 0.041562499999999995 0.15888888888888889
0 0.22747395833333334 0.4796759259259259 0.04026041666666667 0.20046296296296295
