0 0.6523958333333333 0.08259259259259259 0.03177083333333333 0.11
0 0.37838541666666664 0.24351851851851852 0.04135416666666667 0.10537037037037036
0 0.26416666666666666 0.2676851851851852 0.035625000000000004 0.1764814814814815
0 0.4330989583333333 0.20930555555555555 0.038593749999999996 0.15898148148148147
0 0.7586197916666667 0.06759259259259259 0.025677083333333333 0.13333333333333333
0 0.18395833333333333 0.7612962962962964 0.0465625 0.2437037037037037
0 0.59453125 0.1025925925925926 0.0328125 0.15
0 0.8473697916666667 0.6550462962962963 0.053802083333333334 0.21564814814814814
0 0.9170312500000001 0.5190740740740741 0.03979166666666667 0.19814814814814816
0 0.9075260416666667 0.1602314814814815 0.028177083333333335 0.16231481481481483
0 0.7878125 0.16773148148148145 0.03114583333333333 0.14175925925925925
0 0.21401041666666668 0.26004629629629633 0.030312500000000003 0.16527777777777777
0 0.30546875 0.18791666666666665 0.030104166666666664 0.16027777777777777
0 0.84578125 0.13175925925925927 0.02802083333333333 0.14796296296296296
0 0.4063541666666667 0.14245370370370372 0.02875 0.14805555555555555
0 0.47182291666666665 0.5058796296296296 0.034479166666666665 0.20657407407407408
0 0.17531249999999998 0.24282407407407408 0.036145833333333335 0.18416666666666667
0 0.19309895833333332 0.41453703703703704 0.04473958333333334 0.17555555555555555
0 0.25778645833333336 0.07726851851851853 0.025885416666666668 0.13898148148148148
0 0.23169270833333336 0.4156018518518519 0.030260416666666668 0.18916666666666668
0 0.9340624999999999 0.7409722222222223 0.050625 0.22268518518518518
0 0.7065885416666667 0.9073611111111111 0.04942708333333334 0.18712962962962962
0 0.14098958333333333 0.20125 0.029791666666666668 0.15287037037037038
0 0.17515625 0.06185185185185185 0.0253125 0.12037037037037036
0 0.52125 0.48944444444444446 0.034375 0.21055555555555555
0 0.7973958333333333 0.06587962962962962 0.029583333333333333 0.12564814814814815
0 0.14643229166666666 0.05611111111111111 0.028385416666666666 0.11018518518518519
0 0.23382812500000003 0.14078703703703704 0.02744791666666667 0.16064814814814815
