0 0.6522135416666667 0.08148148148148149 0.03276041666666667 0.10981481481481481
0 0.37867187500000005 0.2426851851851852 0.040989583333333336 0.10666666666666667
0 0.3006770833333333 0.1872222222222222 0.03270833333333333 0.16166666666666665
0 0.42255208333333333 0.2047685185185185 0.030104166666666664 0.1600925925925926
0 0.9175 0.517962962962963 0.03958333333333333 0.1985185185185185
0 0.7915104166666667 0.0849074074074074 0.03114583333333333 0.14037037037037037
0 0.8468489583333334 0.6553240740740741 0.05255208333333334 0.21768518518518518
0 0.17216145833333332 0.5568055555555556 0.04026041666666667 0.2125
0 0.7662239583333333 0.14638888888888887 0.02723958333333333 0.15555555555555556
0 0.24786458333333333 0.28226851851851853 0.028333333333333332 0.17712962962962964
0 0.22177083333333333 0.2861111111111111 0.037187500000000005 0.16425925925925927
0 0.1586979166666667 0.24847222222222223 0.029270833333333336 0.1799074074074074
0 0.18692708333333333 0.25601851851851853 0.029375 0.1625925925925926
0 0.2619270833333333 0.15060185185185182 0.0309375 0.15435185185185185
0 0.8346875 0.1508796296296296 0.03114583333333333 0.1587962962962963
0 0.40463541666666664 0.14245370370370372 0.028125 0.14750000000000002
0 0.1353125 0.20050925925925928 0.0265625 0.15287037037037038
0 0.14645833333333333 0.056435185185185185 0.026979166666666665 0.11083333333333334
0 0.5665885416666667 0.7168981481481481 0.041093750000000005 0.23601851851851852
0 0.3129427083333333 0.6463888888888889 0.039531250000000004 0.23500000000000001
0 0.6040885416666666 0.7040277777777777 0.04296875 0.23435185185185184
0 0.23210937499999998 0.1508796296296296 0.028802083333333332 0.15712962962962962
0 0.19898437499999996 0.18643518518518518 0.025156249999999998 0.17916666666666667
