0 0.3667708333333334 0.5067592592592592 0.036041666666666666 0.17851851851851852
0 0.5364322916666667 0.6725462962962963 0.09088541666666666 0.5956481481481481
0 0.2757552083333333 0.47115740740740736 0.017864583333333333 0.10175925925925926
0 0.9263281250000001 0.5508333333333333 0.11213541666666667 0.3212962962962963
0 0.4614322916666666 0.6216203703703704 0.06463541666666667 0.47009259259259256
0 0.7278125000000001 0.5865277777777779 0.06875 0.3699074074074074
0 0.205078125 0.46296296296296297 0.023177083333333334 0.10092592592592593
0 0.6881770833333334 0.4587037037037037 0.022291666666666664 0.10055555555555555
0 0.22078124999999998 0.4807407407407408 0.022604166666666665 0.10407407407407408
0 0.3130729166666667 0.45472222222222225 0.011979166666666667 0.057962962962962966
0 0.2501041666666667 0.47337962962962965 0.014895833333333334 0.09601851851851852
0 0.4128385416666667 0.45351851851851854 0.013489583333333333 0.06777777777777778
0 0.29424479166666667 0.4550925925925926 0.012447916666666666 0.05740740740740741
0 0.3243229166666667 0.454537037037037 0.011979166666666667 0.05555555555555555
