0 0.46177083333333335 0.3351388888888889 0.030625 0.15287037037037038
0 0.5107552083333333 0.3412962962962963 0.029531250000000002 0.1385185185185185
0 0.5703125 0.3095833333333333 0.014895833333333334 0.06231481481481481
0 0.305703125 0.33763888888888893 0.024739583333333332 0.13712962962962963
0 0.3363541666666667 0.32523148148148145 0.022083333333333333 0.1050925925925926
0 0.37338541666666664 0.3106018518518519 0.016979166666666667 0.07842592592592593
0 0.204453125 0.38305555555555554 0.08932291666666667 0.3466666666666666
0 0.06276041666666667 0.46634259259259264 0.12114583333333333 0.5978703703703704
0 0.6227083333333333 0.3441203703703704 0.02822916666666667 0.17972222222222223
0 0.6447916666666667 0.3476851851851852 0.031875 0.1488888888888889
0 0.391484375 0.305787037037037 0.01484375 0.06953703703703704
0 0.4887760416666666 0.3269444444444445 0.020364583333333335 0.0737037037037037
