0 0.844140625 0.6837962962962963 0.04609375 0.17944444444444446
0 0.7755208333333333 0.7095833333333333 0.03739583333333333 0.18583333333333332
0 0.7363541666666666 0.6631481481481482 0.042395833333333334 0.19
0 0.07104166666666667 0.7033796296296296 0.024895833333333332 0.15675925925925926
0 0.8076041666666666 0.5568518518518518 0.019583333333333335 0.08796296296296297
0 0.03812499999999999 0.7275925925925926 0.021770833333333333 0.14703703703703705
0 0.7692968750000001 0.5569907407407408 0.02203125 0.07768518518518519
0 0.7097916666666666 0.5125462962962962 0.011979166666666667 0.05324074074074074
0 0.749140625 0.5531018518518519 0.017239583333333332 0.08009259259259259
0 0.7156770833333334 0.5172685185185185 0.011875 0.05287037037037037
0 0.7397916666666666 0.5389351851851852 0.012083333333333333 0.060833333333333336
0 0.7259895833333334 0.5267592592592593 0.011979166666666667 0.05203703703703704
0 0.7879427083333334 0.5522222222222222 0.023072916666666665 0.07944444444444444
