0 0.46166666666666667 0.37305555555555553 0.09052083333333334 0.4318518518518518
0 0.7415364583333334 0.31212962962962965 0.020677083333333336 0.11296296296296296
0 0.6414583333333332 0.35953703703703704 0.05364583333333333 0.32666666666666666
0 0.550859375 0.36004629629629625 0.08411458333333334 0.48361111111111105
0 0.9796614583333334 0.29601851851851857 0.020364583333333335 0.09
0 0.857421875 0.3052314814814815 0.018593750000000003 0.09787037037037037
0 0.9529687499999999 0.30092592592592593 0.021979166666666668 0.11055555555555556
0 0.20161458333333335 0.5036111111111111 0.32104166666666667 0.9946296296296296
0 0.701171875 0.31027777777777776 0.014114583333333335 0.08185185185185186
0 0.7658333333333333 0.30375 0.014375 0.060648148148148145
0 0.7152083333333333 0.3122685185185185 0.013958333333333333 0.08435185185185184
0 0.6054427083333334 0.31574074074074077 0.017864583333333333 0.12333333333333332
0 0.057916666666666665 0.5174074074074074 0.08854166666666667 0.9670370370370371
