0 0.3194270833333333 0.5009259259259259 0.22322916666666667 1.0
0 0.5464322916666666 0.3544907407407408 0.08734375 0.4810185185185185
0 0.7354166666666667 0.3166203703703704 0.019479166666666665 0.1100925925925926
0 0.6335416666666666 0.34740740740740744 0.05239583333333333 0.3137037037037037
0 0.4628125 0.3437962962962963 0.093125 0.43388888888888894
0 0.10549479166666667 0.5009259259259259 0.20994791666666668 1.0
0 0.9209895833333334 0.5287037037037037 0.1590625 0.9444444444444444
0 0.7651041666666667 0.30796296296296294 0.014166666666666666 0.06462962962962962
0 0.7104947916666667 0.3131481481481482 0.017447916666666667 0.08259259259259259
0 0.7022395833333334 0.31203703703703706 0.011041666666666667 0.07759259259259259
0 0.7561718749999999 0.30694444444444446 0.01390625 0.06907407407407407
0 0.6911979166666666 0.31027777777777776 0.010520833333333333 0.06833333333333333
0 0.8487760416666666 0.3114814814814815 0.014635416666666668 0.09037037037037036
0 0.7233854166666667 0.3150925925925926 0.013958333333333333 0.09185185185185185
