0 0.378359375 0.24337962962962958 0.04161458333333334 0.10490740740740741
0 0.6524739583333333 0.08337962962962964 0.031927083333333335 0.11101851851851853
0 0.4321354166666667 0.20907407407407408 0.038125 0.16
0 0.22981770833333334 0.33805555555555555 0.03692708333333334 0.18574074074074073
0 0.6329427083333333 0.1878240740740741 0.029010416666666667 0.15083333333333335
0 0.27622395833333335 0.31962962962962965 0.03494791666666666 0.17574074074074075
0 0.8475 0.6556944444444445 0.05458333333333333 0.2187962962962963
0 0.7828125 0.2338888888888889 0.034583333333333334 0.15537037037037038
0 0.9510677083333333 0.2501851851851852 0.037031249999999995 0.17055555555555554
0 0.45554687499999996 0.38754629629629633 0.037031249999999995 0.19175925925925924
0 0.17921874999999998 0.513287037037037 0.042604166666666665 0.18935185185185185
0 0.19768229166666668 0.8889814814814815 0.04848958333333333 0.2238888888888889
0 0.9162760416666667 0.5194444444444445 0.04161458333333334 0.195
0 0.40567708333333335 0.1423611111111111 0.028854166666666667 0.15157407407407406
0 0.13450520833333332 0.20273148148148148 0.02890625 0.15361111111111111
0 0.8838281250000001 0.21078703703703705 0.028281249999999997 0.15527777777777776
0 0.6436197916666667 0.7422222222222221 0.04703125 0.24500000000000002
0 0.29888020833333334 0.1875 0.029322916666666664 0.15611111111111112
0 0.16432291666666668 0.19592592592592592 0.026979166666666665 0.1585185185185185
0 0.18171875 0.33541666666666664 0.0334375 0.1849074074074074
0 0.22052083333333336 0.5044444444444445 0.034166666666666665 0.1985185185185185
0 0.4978385416666667 0.37703703703703706 0.03557291666666666 0.19055555555555556
0 0.9306510416666666 0.7396296296296296 0.04848958333333333 0.23148148148148148
0 0.7696354166666667 0.04351851851851852 0.028854166666666667 0.08518518518518518
0 0.24669270833333332 0.14310185185185187 0.029947916666666668 0.16324074074074074
0 0.17614583333333333 0.06175925925925925 0.02364583333333333 0.11962962962962961
0 0.27341145833333336 0.13810185185185186 0.026927083333333334 0.14194444444444446
0 0.734140625 0.04416666666666667 0.023177083333333334 0.08370370370370371
0 0.21036458333333335 0.24296296296296294 0.03364583333333333 0.18037037037037038
0 0.21302083333333333 0.06333333333333334 0.027604166666666666 0.12481481481481482
