0 0.6522135416666667 0.0836574074074074 0.03203125 0.11083333333333334
0 0.7894270833333333 0.06666666666666667 0.03104166666666667 0.13148148148148148
0 0.37828124999999996 0.24384259259259256 0.040937499999999995 0.10490740740740741
0 0.9161458333333333 0.5219444444444444 0.041875 0.1935185185185185
0 0.5320052083333333 0.05555555555555555 0.028177083333333335 0.10814814814814815
0 0.88359375 0.09032407407407407 0.027395833333333335 0.15138888888888888
0 0.16421875 0.19430555555555556 0.02822916666666667 0.16231481481481483
0 0.10304687500000001 0.38759259259259254 0.03484375 0.18092592592592593
0 0.219375 0.26500000000000007 0.030625 0.17574074074074075
0 0.42322916666666666 0.21523148148148147 0.028645833333333332 0.1628703703703704
0 0.498203125 0.05416666666666667 0.030052083333333333 0.10444444444444444
0 0.44729166666666664 0.6791203703703704 0.03854166666666667 0.23953703703703702
0 0.259453125 0.19953703703703704 0.03390625 0.1712962962962963
0 0.9097916666666667 0.3806944444444445 0.042499999999999996 0.2000925925925926
0 0.4741145833333333 0.05458333333333333 0.0275 0.10583333333333333
0 0.93796875 0.69875 0.03666666666666667 0.1986111111111111
0 0.8526822916666668 0.08291666666666667 0.029635416666666668 0.1575
0 0.12947916666666667 0.19953703703703704 0.03270833333333333 0.15
0 0.25354166666666667 0.08 0.03854166666666667 0.15592592592592594
0 0.28406250000000005 0.17699074074074073 0.0309375 0.1676851851851852
0 0.836640625 0.6632870370370371 0.03244791666666667 0.2262037037037037
0 0.12546875 0.85625 0.04916666666666667 0.24675925925925926
0 0.5291666666666667 0.7864814814814814 0.06229166666666666 0.23203703703703704
0 0.16114583333333332 0.879074074074074 0.042083333333333334 0.2437037037037037
0 0.9358854166666667 0.2739351851851852 0.03270833333333333 0.1597222222222222
0 0.8477343749999999 0.3585185185185185 0.03234375 0.1824074074074074
0 0.404453125 0.15893518518518518 0.031614583333333335 0.16157407407407406
0 0.20036458333333332 0.2253240740740741 0.0259375 0.16101851851851853
0 0.22078124999999998 0.10578703703703704 0.024166666666666666 0.15138888888888888
0 0.9865364583333333 0.2935185185185185 0.02796875 0.1837037037037037
0 0.5634374999999999 0.9356018518518517 0.0359375 0.13064814814814815
0 0.5622916666666666 0.7968055555555557 0.04302083333333333 0.22212962962962962
