0 0.6524479166666667 0.0825462962962963 0.03197916666666666 0.10935185185185185
0 0.3782552083333333 0.2437037037037037 0.04151041666666667 0.10481481481481482
0 0.43223958333333334 0.2102314814814815 0.0396875 0.1600925925925926
0 0.21846354166666665 0.36550925925925926 0.03921875 0.17935185185185185
0 0.6579947916666666 0.22652777777777777 0.031510416666666666 0.15675925925925926
0 0.1646875 0.19689814814814816 0.02802083333333333 0.15824074074074074
0 0.2753125 0.3536574074074074 0.034375 0.1749074074074074
0 0.2964583333333333 0.1909722222222222 0.03208333333333333 0.15731481481481482
0 0.5007552083333333 0.3412962962962963 0.03505208333333333 0.18814814814814815
0 0.17255208333333333 0.36921296296296297 0.03302083333333333 0.18768518518518518
0 0.8472395833333334 0.6559259259259259 0.0534375 0.2201851851851852
0 0.4565364583333334 0.34953703703703703 0.03630208333333333 0.18574074074074073
0 0.9169531250000001 0.5193981481481482 0.04078125 0.19490740740740742
0 0.134609375 0.20560185185185187 0.028385416666666666 0.14953703703703702
0 0.9700260416666667 0.29217592592592595 0.031302083333333335 0.17416666666666666
0 0.7817187499999999 0.24874999999999997 0.034166666666666665 0.15324074074074073
0 0.62515625 0.6758333333333333 0.04552083333333334 0.22925925925925925
0 0.176171875 0.5541666666666667 0.044843749999999995 0.19518518518518518
0 0.8983072916666667 0.24333333333333335 0.028593749999999998 0.1562962962962963
0 0.405390625 0.1429166666666667 0.028072916666666666 0.1502777777777778
0 0.21481770833333333 0.546574074074074 0.03328125 0.2101851851851852
0 0.920390625 0.7417592592592592 0.053385416666666664 0.21685185185185185
0 0.24921875 0.24379629629629632 0.03875 0.18018518518518517
0 0.17375 0.06268518518518519 0.0196875 0.12129629629629629
0 0.32679687500000004 0.6241666666666666 0.04307291666666667 0.225
0 0.22020833333333334 0.23407407407407407 0.0278125 0.15166666666666667
0 0.21166666666666664 0.9205555555555555 0.051041666666666666 0.16074074074074074
0 0.2752864583333333 0.16939814814814813 0.026302083333333334 0.13046296296296298
0 0.21010416666666668 0.18060185185185187 0.030312500000000003 0.17064814814814816
