0 0.4212239583333333 0.7153703703703704 0.047447916666666666 0.2151851851851852
0 0.3173697916666667 0.8010185185185186 0.04942708333333334 0.3037037037037037
0 0.8516145833333334 0.8540740740740741 0.09291666666666668 0.2937037037037037
0 0.04497395833333333 0.5956018518518519 0.03140625 0.12361111111111112
0 0.078046875 0.5916203703703704 0.02421875 0.12675925925925927
0 0.15869791666666666 0.6178703703703704 0.03166666666666666 0.15962962962962962
0 0.22065104166666666 0.5943981481481481 0.047864583333333335 0.1502777777777778
0 0.38161458333333337 0.7000462962962962 0.05072916666666667 0.21675925925925926
0 0.18106770833333333 0.6041203703703704 0.03276041666666667 0.14324074074074072
0 0.09645833333333333 0.5839814814814815 0.012708333333333332 0.10407407407407408
