0 0.4384635416666667 0.389212962962963 0.03411458333333333 0.17064814814814816
0 0.6398697916666667 0.37884259259259256 0.030052083333333333 0.13231481481481483
0 0.476875 0.39467592592592593 0.03114583333333333 0.15324074074074073
0 0.03692708333333334 0.3855092592592593 0.024687499999999998 0.1125
0 0.5263541666666667 0.39805555555555555 0.03270833333333333 0.11185185185185186
0 0.5531510416666666 0.4038425925925926 0.03203125 0.10361111111111111
0 0.7573177083333333 0.38203703703703706 0.04171875 0.1824074074074074
0 0.585859375 0.3573148148148148 0.016510416666666666 0.06796296296296298
0 0.012057291666666666 0.38958333333333334 0.02265625 0.10601851851851851
0 0.3552864583333334 0.36018518518518516 0.014010416666666666 0.05407407407407407
0 0.4155989583333334 0.3614351851851852 0.017552083333333336 0.05564814814814815
0 0.38013020833333333 0.35421296296296295 0.012760416666666666 0.047314814814814816
0 0.3717447916666667 0.3556944444444444 0.012760416666666666 0.0475
0 0.6211979166666666 0.3593518518518518 0.01625 0.06555555555555555
