0 0.6520833333333333 0.08328703703703703 0.03260416666666667 0.1100925925925926
0 0.5956770833333334 0.21337962962962964 0.040625 0.16046296296296297
0 0.20036458333333332 0.18078703703703702 0.029583333333333333 0.16712962962962963
0 0.789609375 0.13310185185185186 0.02921875 0.13972222222222222
0 0.3815104166666667 0.07430555555555556 0.029166666666666667 0.14675925925925926
0 0.23346354166666666 0.8505555555555555 0.05192708333333333 0.25870370370370366
0 0.0696875 0.4121296296296296 0.025520833333333333 0.17074074074074075
0 0.916640625 0.5205092592592593 0.04026041666666667 0.1950925925925926
0 0.24187499999999998 0.36777777777777776 0.04083333333333334 0.20981481481481482
0 0.12489583333333333 0.19462962962962962 0.027291666666666665 0.15703703703703703
0 0.16447916666666668 0.19662037037037036 0.028125 0.1539814814814815
0 0.7350520833333333 0.637962962962963 0.05427083333333334 0.2253703703703704
0 0.49630208333333337 0.2828240740740741 0.035625000000000004 0.17712962962962964
0 0.6503645833333334 0.24185185185185185 0.0234375 0.1524074074074074
0 0.29205729166666666 0.32018518518518513 0.038177083333333334 0.1872222222222222
0 0.29380208333333335 0.13958333333333334 0.0259375 0.15731481481481482
0 0.7177343749999999 0.25212962962962965 0.03380208333333334 0.1701851851851852
0 0.26395833333333335 0.22930555555555554 0.029791666666666668 0.14805555555555555
0 0.20901041666666667 0.06930555555555556 0.024791666666666667 0.1350925925925926
0 0.42578125 0.2821296296296296 0.033125 0.17444444444444446
0 0.24682291666666664 0.06828703703703703 0.0278125 0.13472222222222222
0 0.44799479166666667 0.2939351851851852 0.028697916666666667 0.1649074074074074
0 0.265859375 0.11351851851851852 0.03171875 0.1527777777777778
0 0.06515625 0.7084722222222223 0.033749999999999995 0.20453703703703704
0 0.07591145833333333 0.6168518518518518 0.04380208333333333 0.21814814814814815
0 0.5960156249999999 0.9300462962962962 0.04401041666666667 0.14175925925925925
