0 0.6525520833333334 0.08291666666666667 0.03229166666666667 0.1087962962962963
0 0.3783333333333333 0.24314814814814817 0.04114583333333333 0.10407407407407408
0 0.5373697916666667 0.07152777777777777 0.028802083333333332 0.1412037037037037
0 0.5017708333333333 0.06856481481481481 0.029791666666666668 0.13527777777777777
0 0.254296875 0.26319444444444445 0.03755208333333333 0.18157407407407408
0 0.16096354166666665 0.27449074074074076 0.02723958333333333 0.1599074074074074
0 0.9570572916666668 0.4351851851851852 0.04703125 0.19722222222222222
0 0.2013802083333333 0.18291666666666667 0.027760416666666666 0.1625
0 0.9109635416666666 0.5217592592592593 0.052656249999999995 0.1935185185185185
0 0.7994791666666666 0.054259259259259264 0.030312500000000003 0.10666666666666667
0 0.8720833333333334 0.4088888888888889 0.0340625 0.18537037037037035
0 0.4704947916666667 0.0625 0.02723958333333333 0.12314814814814815
0 0.07802083333333334 0.40532407407407406 0.030312500000000003 0.17583333333333334
0 0.43125 0.21407407407407406 0.025104166666666667 0.16296296296296298
0 0.8218489583333334 0.6728703703703705 0.03911458333333333 0.22518518518518518
0 0.12966145833333334 0.2010185185185185 0.03307291666666667 0.14629629629629629
0 0.19132812500000002 0.7799537037037038 0.038385416666666665 0.22842592592592592
0 0.14638020833333334 0.7596296296296298 0.047447916666666666 0.25037037037037035
0 0.9150260416666666 0.23259259259259257 0.03411458333333333 0.155
0 0.49973958333333335 0.6927777777777777 0.06104166666666667 0.22555555555555554
0 0.2838541666666667 0.15546296296296297 0.030833333333333334 0.16055555555555556
0 0.44744791666666667 0.6628240740740741 0.051145833333333335 0.24046296296296296
0 0.8822135416666667 0.1260185185185185 0.030989583333333334 0.16074074074074074
0 0.25106770833333336 0.11458333333333333 0.03796875 0.1687962962962963
0 0.3852604166666666 0.1628703703703704 0.028958333333333332 0.15166666666666667
0 0.4069270833333334 0.1551388888888889 0.029375 0.12824074074074074
0 0.9392447916666666 0.21625 0.04296875 0.16472222222222221
0 0.9086979166666667 0.1349074074074074 0.0265625 0.15962962962962962
0 0.5356510416666667 0.7043055555555555 0.04213541666666667 0.20972222222222223
0 0.22721354166666666 0.07513888888888888 0.02296875 0.14175925925925925
0 0.556015625 0.9279166666666666 0.04296875 0.14601851851851852
0 0.23640624999999998 0.21152777777777776 0.0265625 0.1489814814814815
