0 0.7834114583333334 0.6781944444444444 0.14734375 0.645462962962963
0 0.549609375 0.45796296296296296 0.020364583333333335 0.09962962962962962
0 0.360390625 0.5287037037037037 0.04942708333333334 0.25537037037037036
0 0.6641927083333333 0.665462962962963 0.08609375000000001 0.5568518518518518
0 0.440625 0.5409722222222222 0.05291666666666666 0.27046296296296296
0 0.30414062499999994 0.4577777777777778 0.017760416666666667 0.07537037037037038
0 0.39903645833333334 0.4751851851851852 0.024635416666666667 0.12537037037037038
0 0.5757291666666666 0.495462962962963 0.020104166666666666 0.12129629629629629
0 0.4923177083333333 0.5175925925925926 0.06671875 0.23722222222222222
0 0.589453125 0.4753240740740741 0.021614583333333333 0.1350925925925926
0 0.248828125 0.46273148148148147 0.015260416666666667 0.0737962962962963
0 0.28515625 0.45787037037037037 0.0146875 0.06796296296296298
0 0.855390625 0.5760185185185185 0.10661458333333333 0.39666666666666667
0 0.5276302083333333 0.46125000000000005 0.014114583333333335 0.08768518518518519
0 0.330625 0.46685185185185185 0.014895833333333334 0.07537037037037038
0 0.613359375 0.4593518518518519 0.012447916666666666 0.07796296296296297
