0 0.500859375 0.49930555555555556 0.05088541666666667 0.10342592592592594
0 0.44950520833333335 0.47282407407407406 0.028072916666666666 0.07175925925925926
0 0.20627604166666666 0.4630555555555555 0.02265625 0.09759259259259259
0 0.22947916666666668 0.46398148148148144 0.022187500000000002 0.07944444444444444
0 0.665859375 0.4609259259259259 0.018177083333333333 0.09333333333333334
0 0.296796875 0.560138888888889 0.06682291666666668 0.2943518518518518
0 0.8175 0.45759259259259266 0.027083333333333334 0.11685185185185186
0 0.5340885416666666 0.4612037037037037 0.021927083333333333 0.1024074074074074
0 0.5761979166666666 0.5013425925925926 0.0184375 0.1087962962962963
0 0.34604166666666664 0.5422222222222223 0.051041666666666666 0.27462962962962967
0 0.558828125 0.4983796296296296 0.020572916666666666 0.10564814814814814
0 0.42916666666666664 0.4693981481481481 0.030104166666666664 0.05787037037037037
0 0.3823177083333334 0.5243518518518518 0.03901041666666667 0.2048148148148148
0 0.5810156250000001 0.46004629629629634 0.020468749999999997 0.10046296296296296
0 0.25625 0.4786574074074075 0.018125 0.09620370370370371
