0 0.5009635416666667 0.4994907407407408 0.05098958333333334 0.10324074074074074
0 0.44927083333333334 0.4736574074074074 0.028541666666666667 0.07175925925925926
0 0.7798177083333333 0.45726851851851846 0.033177083333333336 0.11935185185185186
0 0.20627604166666666 0.4623148148148148 0.02276041666666667 0.09888888888888889
0 0.2795052083333333 0.5573611111111112 0.05953125 0.2926851851851852
0 0.934765625 0.5884259259259259 0.13151041666666666 0.45166666666666666
0 0.536484375 0.46129629629629626 0.02203125 0.10814814814814815
0 0.6646875 0.46125000000000005 0.0184375 0.09453703703703703
0 0.344921875 0.5376851851851853 0.046406249999999996 0.255
0 0.22864583333333333 0.4633333333333333 0.022083333333333333 0.08055555555555556
0 0.5596093750000001 0.5000462962962963 0.020260416666666666 0.10231481481481482
0 0.429296875 0.4689351851851852 0.029531250000000002 0.05694444444444444
0 0.5765625 0.5003240740740741 0.0175 0.11083333333333334
0 0.5821875000000001 0.4559722222222222 0.021249999999999998 0.10194444444444443
0 0.3124479166666667 0.4938425925925926 0.016874999999999998 0.12379629629629628
