0 0.37822916666666667 0.2434722222222222 0.0421875 0.10472222222222222
0 0.6181249999999999 0.16620370370370371 0.034583333333333334 0.15648148148148147
0 0.43210937499999996 0.21032407407407408 0.038385416666666665 0.1599074074074074
0 0.65234375 0.08398148148148149 0.03197916666666666 0.11148148148148149
0 0.9394010416666667 0.22652777777777777 0.03619791666666667 0.17472222222222222
0 0.8741145833333334 0.1903240740740741 0.030208333333333334 0.15805555555555553
0 0.5018229166666667 0.4044907407407407 0.03770833333333334 0.20083333333333334
0 0.8470572916666667 0.6556944444444446 0.054010416666666665 0.21935185185185185
0 0.9168489583333332 0.5190277777777778 0.04067708333333333 0.1928703703703704
0 0.19499999999999998 0.8637037037037038 0.04760416666666667 0.2501851851851852
0 0.27195312499999996 0.2985648148148148 0.03390625 0.1676851851851852
0 0.40601562500000005 0.1426388888888889 0.029010416666666667 0.1502777777777778
0 0.13427083333333334 0.20273148148148148 0.028854166666666667 0.1512037037037037
0 0.235234375 0.32037037037037036 0.037656249999999995 0.18296296296296297
0 0.7841145833333333 0.2164814814814815 0.034270833333333334 0.15148148148148147
0 0.24544270833333334 0.14976851851851852 0.029010416666666667 0.16564814814814816
0 0.6567447916666665 0.7926851851851852 0.047760416666666666 0.2461111111111111
0 0.7422395833333334 0.049444444444444444 0.024687499999999998 0.09555555555555556
0 0.18989583333333335 0.3158796296296296 0.03333333333333333 0.17824074074074073
0 0.45880208333333333 0.41194444444444445 0.034166666666666665 0.18833333333333332
0 0.18447916666666667 0.48763888888888884 0.0465625 0.18564814814814815
0 0.7759895833333333 0.04847222222222222 0.03354166666666667 0.09509259259259259
0 0.30052083333333335 0.18875 0.027916666666666666 0.15712962962962962
0 0.22083333333333333 0.48412037037037037 0.034583333333333334 0.19935185185185186
0 0.9315104166666667 0.7397685185185185 0.04895833333333333 0.23287037037037037
0 0.16526041666666666 0.19560185185185186 0.02822916666666667 0.1576851851851852
0 0.17583333333333334 0.06101851851851852 0.025 0.1201851851851852
0 0.26640625 0.12185185185185185 0.02875 0.14907407407407408
0 0.21268229166666666 0.05884259259259259 0.027760416666666666 0.11583333333333333
0 0.239453125 0.07166666666666667 0.02796875 0.13425925925925927
