0 0.65234375 0.08319444444444445 0.03197916666666666 0.11027777777777777
0 0.37838541666666664 0.24351851851851852 0.04114583333333333 0.10592592592592594
0 0.7916666666666666 0.06944444444444445 0.030416666666666665 0.13148148148148148
0 0.21674479166666666 0.28888888888888886 0.03244791666666667 0.17555555555555555
0 0.424921875 0.21351851851851852 0.03567708333333333 0.16018518518518518
0 0.8908854166666667 0.3602314814814815 0.04708333333333334 0.1899074074074074
0 0.915625 0.5206944444444445 0.043541666666666666 0.19694444444444442
0 0.5294010416666667 0.048935185185185186 0.026927083333333334 0.09490740740740741
0 0.47000000000000003 0.051805555555555556 0.0278125 0.10138888888888889
0 0.16437500000000002 0.19435185185185186 0.027083333333333334 0.1590740740740741
0 0.42833333333333334 0.6712499999999999 0.04833333333333333 0.23453703703703704
0 0.9470572916666666 0.2931944444444444 0.03473958333333334 0.16694444444444445
0 0.878359375 0.07560185185185185 0.02755208333333333 0.14583333333333334
0 0.11125 0.3716203703703704 0.035 0.17805555555555558
0 0.8453125 0.07324074074074073 0.028854166666666667 0.1446296296296296
0 0.290390625 0.18217592592592594 0.031197916666666665 0.16342592592592592
0 0.2540104166666667 0.18175925925925926 0.03510416666666667 0.17166666666666666
0 0.12953125 0.19796296296296298 0.030312500000000003 0.14685185185185184
0 0.8478125 0.6524537037037037 0.0359375 0.22083333333333333
0 0.15302083333333333 0.9015277777777777 0.042291666666666665 0.19879629629629628
0 0.49841145833333333 0.04814814814814815 0.028593749999999998 0.09351851851851851
0 0.2015625 0.18532407407407409 0.0296875 0.15583333333333335
0 0.08388020833333334 0.3525925925925926 0.02921875 0.19944444444444445
0 0.5797916666666667 0.8276388888888888 0.04791666666666667 0.22787037037037036
0 0.22674479166666667 0.11750000000000001 0.025572916666666667 0.15925925925925927
0 0.40625 0.15092592592592594 0.025208333333333333 0.14351851851851852
0 0.5478124999999999 0.8182407407407407 0.0596875 0.22277777777777777
0 0.98890625 0.3094444444444444 0.02322916666666667 0.18185185185185185
