0 0.6522916666666666 0.08375 0.03239583333333333 0.10990740740740741
0 0.16492187500000002 0.1989351851851852 0.030052083333333333 0.15787037037037038
0 0.3784895833333334 0.24287037037037038 0.04010416666666667 0.10333333333333333
0 0.2557552083333333 0.24333333333333335 0.03901041666666667 0.19814814814814816
0 0.2221875 0.558425925925926 0.04697916666666667 0.21814814814814815
0 0.8657552083333333 0.08648148148148149 0.033177083333333336 0.13648148148148148
0 0.1992708333333333 0.18074074074074073 0.027291666666666665 0.16537037037037036
0 0.9166145833333333 0.5215740740740741 0.04010416666666667 0.19555555555555554
0 0.43046875 0.22236111111111112 0.030729166666666665 0.15953703703703706
0 0.783984375 0.1123611111111111 0.02671875 0.13527777777777777
0 0.6011979166666667 0.16949074074074075 0.02875 0.1549074074074074
0 0.38140625000000006 0.07361111111111111 0.02822916666666667 0.14537037037037037
0 0.06963541666666666 0.41203703703703703 0.0259375 0.17518518518518517
0 0.5064322916666667 0.1716203703703704 0.03640625 0.17027777777777778
0 0.5635937500000001 0.1837037037037037 0.03166666666666666 0.16833333333333333
0 0.21122395833333332 0.0813425925925926 0.03036458333333333 0.14657407407407408
0 0.12739583333333332 0.19550925925925924 0.02822916666666667 0.15287037037037038
0 0.7577864583333332 0.6381944444444444 0.05088541666666667 0.22972222222222222
0 0.13635416666666667 0.5007870370370371 0.0315625 0.18009259259259258
0 0.37807291666666665 0.38236111111111115 0.0321875 0.17064814814814816
0 0.15294270833333332 0.8331944444444443 0.04682291666666667 0.2526851851851852
0 0.4733072916666667 0.4334722222222222 0.04067708333333333 0.1799074074074074
0 0.10736979166666666 0.64 0.044843749999999995 0.2288888888888889
0 0.4405208333333333 0.4267592592592592 0.0446875 0.19833333333333333
0 0.2815625 0.19037037037037038 0.029270833333333336 0.16148148148148148
0 0.270390625 0.4577314814814815 0.038802083333333334 0.2062037037037037
0 0.46768229166666664 0.1723148148148148 0.02296875 0.1398148148148148
0 0.40598958333333335 0.17337962962962963 0.024791666666666667 0.15694444444444444
0 0.31341145833333334 0.4625925925925926 0.03328125 0.19518518518518518
0 0.5109114583333333 0.9256018518518518 0.04276041666666666 0.15064814814814814
