0 0.451015625 0.3999537037037037 0.026197916666666664 0.12675925925925927
0 0.39578125 0.39208333333333334 0.0203125 0.10657407407407407
0 0.03895833333333333 0.4388888888888889 0.05197916666666667 0.22574074074074074
0 0.5138802083333334 0.4189351851851852 0.03744791666666667 0.15824074074074074
0 0.14869791666666668 0.4144907407407407 0.03104166666666667 0.13212962962962962
0 0.547265625 0.39708333333333334 0.028385416666666666 0.14675925925925926
0 0.7691666666666667 0.40879629629629627 0.0271875 0.12833333333333333
0 0.35619791666666667 0.38555555555555554 0.0203125 0.049074074074074076
0 0.095625 0.4009722222222222 0.018958333333333334 0.09564814814814815
0 0.2735416666666667 0.3997685185185185 0.030729166666666665 0.12416666666666666
0 0.24781250000000002 0.3950925925925926 0.015416666666666667 0.08055555555555556
0 0.49184895833333336 0.3862037037037037 0.016822916666666667 0.0987037037037037
0 0.25671875 0.3984722222222222 0.017604166666666664 0.09416666666666666
0 0.9586458333333334 0.5679629629629629 0.08375 0.5581481481481481
0 0.381640625 0.3861574074074074 0.017239583333333332 0.061759259259259264
0 0.07203125 0.39476851851851846 0.013645833333333333 0.07435185185185185
0 0.421015625 0.3701851851851852 0.012135416666666668 0.05
