0 0.48411458333333335 0.46921296296296294 0.025729166666666668 0.1125
0 0.5967187499999999 0.502175925925926 0.038125 0.16398148148148148
0 0.0534375 0.5119907407407408 0.0478125 0.1937962962962963
0 0.148046875 0.5409259259259259 0.06557291666666668 0.2698148148148148
0 0.665625 0.5338425925925926 0.05416666666666667 0.29694444444444446
0 0.09919270833333332 0.5211574074074075 0.03432291666666667 0.1675
0 0.45822916666666663 0.4728703703703704 0.0228125 0.09962962962962962
0 0.698828125 0.4789351851851852 0.020885416666666667 0.0987962962962963
0 0.440546875 0.459537037037037 0.016822916666666667 0.08259259259259259
0 0.290390625 0.4658796296296296 0.012343749999999999 0.0699074074074074
0 0.23947916666666666 0.4610648148148148 0.011770833333333335 0.05675925925925926
0 0.2528125 0.46087962962962964 0.011875 0.0600925925925926
0 0.2638020833333333 0.4608333333333333 0.012291666666666668 0.06259259259259259
0 0.23177083333333334 0.46111111111111114 0.011666666666666665 0.05388888888888889
