0 0.652421875 0.0837962962962963 0.03244791666666667 0.11148148148148149
0 0.7893489583333333 0.06694444444444445 0.030677083333333334 0.13203703703703704
0 0.378125 0.24407407407407408 0.0403125 0.10592592592592594
0 0.218359375 0.26939814814814816 0.032552083333333336 0.17212962962962963
0 0.9165104166666667 0.5207870370370371 0.042708333333333334 0.19324074074074074
0 0.5318229166666667 0.054351851851851846 0.029166666666666667 0.10629629629629629
0 0.8841927083333333 0.08925925925925925 0.02744791666666667 0.14925925925925926
0 0.10460937499999999 0.38532407407407404 0.03473958333333334 0.17916666666666667
0 0.4216666666666667 0.2150925925925926 0.028854166666666667 0.16092592592592594
0 0.16393229166666667 0.19546296296296295 0.027864583333333335 0.1598148148148148
0 0.2589322916666667 0.19745370370370371 0.032656250000000005 0.17546296296296296
0 0.4740625 0.05486111111111111 0.0278125 0.10787037037037037
0 0.12442708333333334 0.8591666666666666 0.04895833333333333 0.26833333333333337
0 0.9073437500000001 0.37875000000000003 0.041875 0.19712962962962963
0 0.4984895833333333 0.053009259259259256 0.029583333333333333 0.10416666666666667
0 0.9370052083333335 0.27763888888888894 0.03505208333333333 0.15694444444444444
0 0.85171875 0.0824074074074074 0.0296875 0.1590740740740741
0 0.16044270833333335 0.8858796296296296 0.04151041666666667 0.2300925925925926
0 0.838671875 0.6606481481481481 0.03463541666666667 0.22851851851851854
0 0.129453125 0.19949074074074072 0.03140625 0.14787037037037035
0 0.4451822916666667 0.6761111111111111 0.038385416666666665 0.24
0 0.2841927083333334 0.17731481481481481 0.030677083333333334 0.1675925925925926
0 0.25322916666666667 0.07916666666666666 0.036562500000000005 0.15351851851851853
0 0.5305208333333333 0.7886574074074074 0.0628125 0.23361111111111113
0 0.944140625 0.7075925925925927 0.03421875 0.20388888888888887
0 0.22130208333333332 0.10680555555555556 0.024895833333333332 0.1489814814814815
0 0.8456510416666667 0.35560185185185184 0.03046875 0.17916666666666667
0 0.40541666666666665 0.1597222222222222 0.029166666666666667 0.15648148148148147
0 0.9871614583333334 0.29930555555555555 0.02671875 0.18916666666666668
0 0.5665625 0.8039351851851851 0.041875 0.22268518518518518
0 0.5625520833333333 0.9355555555555556 0.036562500000000005 0.13074074074074074
0 0.200625 0.22791666666666668 0.025208333333333333 0.14138888888888887
