0 0.6520833333333333 0.08291666666666667 0.03229166666666667 0.1086111111111111
0 0.06955729166666667 0.41171296296296295 0.026302083333333334 0.17527777777777778
0 0.19979166666666665 0.17912037037037035 0.029062499999999998 0.16546296296296295
0 0.7899479166666666 0.1327314814814815 0.0284375 0.13787037037037037
0 0.38117187499999994 0.07435185185185185 0.02921875 0.14685185185185184
0 0.124765625 0.19388888888888886 0.028281249999999997 0.1548148148148148
0 0.9166927083333333 0.5208796296296296 0.04057291666666667 0.1963888888888889
0 0.23494791666666665 0.7383333333333333 0.050208333333333334 0.2409259259259259
0 0.1646875 0.19638888888888892 0.028125 0.1577777777777778
0 0.734609375 0.6387962962962963 0.05484375 0.22685185185185186
0 0.37822916666666667 0.2448611111111111 0.03979166666666667 0.10305555555555555
0 0.23723958333333334 0.1123611111111111 0.029270833333333336 0.14824074074074073
0 0.23999999999999996 0.32092592592592595 0.041562499999999995 0.2061111111111111
0 0.07432291666666666 0.6260185185185185 0.04645833333333334 0.23314814814814816
0 0.5146875000000001 0.1950925925925926 0.029375 0.16148148148148148
0 0.3034114583333334 0.22050925925925927 0.03380208333333334 0.15861111111111112
0 0.13622395833333334 0.6393981481481481 0.03453125 0.1963888888888889
0 0.018567708333333332 0.671574074074074 0.03609375 0.23055555555555557
0 0.6509895833333333 0.23374999999999999 0.03229166666666667 0.1637962962962963
0 0.4303385416666667 0.2174074074074074 0.03203125 0.1590740740740741
0 0.5934375000000001 0.21421296296296297 0.02333333333333333 0.14750000000000002
0 0.29125 0.36453703703703705 0.030833333333333334 0.19962962962962963
0 0.46713541666666664 0.2610185185185185 0.040937499999999995 0.1733333333333333
0 0.43166666666666664 0.3394907407407407 0.033229166666666664 0.16324074074074074
0 0.4056770833333333 0.33541666666666664 0.034270833333333334 0.18546296296296297
0 0.2934635416666666 0.1378240740740741 0.02723958333333333 0.1539814814814815
0 0.6716145833333333 0.22495370370370368 0.026875 0.14731481481481482
0 0.5447395833333334 0.9223611111111111 0.03927083333333334 0.15712962962962962
0 0.27921875 0.2817592592592592 0.026354166666666668 0.14925925925925926
