0 0.6522916666666667 0.08361111111111111 0.0321875 0.10888888888888888
0 0.5641145833333333 0.20703703703703705 0.0440625 0.16240740740740742
0 0.19986979166666666 0.17981481481481482 0.029010416666666667 0.16740740740740742
0 0.7894010416666666 0.1327314814814815 0.029010416666666667 0.13824074074074075
0 0.381484375 0.07388888888888889 0.02921875 0.14592592592592593
0 0.22934895833333335 0.8059259259259259 0.05109375 0.25351851851851853
0 0.239453125 0.3486111111111111 0.03984375 0.20851851851851852
0 0.16424479166666667 0.19490740740740742 0.028385416666666666 0.1548148148148148
0 0.9169270833333333 0.5206018518518518 0.04052083333333333 0.19527777777777777
0 0.069609375 0.411712962962963 0.025156249999999998 0.17046296296296296
0 0.7350520833333333 0.6380092592592592 0.05479166666666667 0.2250925925925926
0 0.2934114583333333 0.13583333333333333 0.026406250000000003 0.15425925925925926
0 0.3784114583333333 0.2449074074074074 0.04223958333333333 0.10722222222222222
0 0.694765625 0.24689814814814812 0.02921875 0.1676851851851852
0 0.6310677083333333 0.23527777777777778 0.026927083333333334 0.1548148148148148
0 0.127734375 0.1935185185185185 0.02703125 0.15018518518518517
0 0.47533854166666667 0.2810648148148148 0.039635416666666666 0.17731481481481481
0 0.437578125 0.31083333333333335 0.029531250000000002 0.16296296296296298
0 0.29213541666666665 0.3376388888888889 0.029583333333333333 0.1849074074074074
0 0.265859375 0.253287037037037 0.03244791666666667 0.1663888888888889
0 0.21161458333333333 0.06305555555555556 0.0240625 0.12296296296296297
0 0.10125 0.6872222222222223 0.043229166666666666 0.20037037037037037
0 0.07403645833333333 0.6210185185185184 0.04359375 0.2237037037037037
0 0.2591927083333333 0.11060185185185184 0.028385416666666666 0.1525
0 0.31687499999999996 0.32092592592592595 0.030312500000000003 0.17907407407407408
0 0.41575520833333335 0.3025 0.031822916666666666 0.1698148148148148
0 0.5739583333333333 0.9274537037037037 0.041041666666666664 0.14694444444444443
