0 0.6490885416666666 0.0836574074074074 0.038593749999999996 0.11046296296296296
0 0.37843750000000004 0.24337962962962964 0.04177083333333333 0.10601851851851851
0 0.225859375 0.4522222222222222 0.046614583333333334 0.22037037037037038
0 0.7368489583333333 0.6383796296296297 0.055156250000000004 0.22824074074074074
0 0.7888020833333333 0.1338888888888889 0.0296875 0.1398148148148148
0 0.3815625 0.07393518518518517 0.029166666666666667 0.14601851851851852
0 0.9169531249999999 0.5204166666666667 0.039531250000000004 0.19527777777777777
0 0.11364583333333332 0.43375 0.034583333333333334 0.17712962962962964
0 0.12455729166666665 0.19375 0.02546875 0.15305555555555556
0 0.2754947916666667 0.24222222222222226 0.047135416666666666 0.1837037037037037
0 0.4301302083333333 0.21851851851851853 0.032135416666666666 0.16055555555555556
0 0.5134635416666666 0.26537037037037037 0.04286458333333333 0.16648148148148148
0 0.075546875 0.6235185185185185 0.04390625 0.23259259259259257
0 0.24739583333333334 0.13157407407407407 0.0275 0.1587037037037037
0 0.5467447916666667 0.22990740740740742 0.04088541666666667 0.17296296296296299
0 0.16203125000000002 0.19472222222222224 0.02822916666666667 0.16111111111111112
0 0.466640625 0.21583333333333335 0.03140625 0.17074074074074075
0 0.19971354166666666 0.18171296296296297 0.028697916666666667 0.1597222222222222
0 0.9765885416666666 0.3215277777777778 0.03630208333333333 0.1787962962962963
0 0.01736979166666667 0.8621296296296297 0.032135416666666666 0.22333333333333333
0 0.7198177083333334 0.2503240740740741 0.026510416666666665 0.14953703703703702
0 0.22020833333333334 0.1461111111111111 0.023125 0.1525925925925926
0 0.8397656250000001 0.2973611111111111 0.02755208333333333 0.15694444444444444
0 0.48625 0.2260185185185185 0.021875 0.1574074074074074
0 0.7964583333333334 0.30069444444444443 0.025729166666666668 0.1549074074074074
