0 0.6523958333333333 0.08180555555555555 0.03229166666666667 0.10898148148148148
0 0.378515625 0.24231481481481482 0.04151041666666667 0.10574074074074075
0 0.9175520833333333 0.5176851851851852 0.03916666666666667 0.19703703703703704
0 0.4225260416666667 0.2037962962962963 0.030052083333333333 0.16240740740740742
0 0.3008854166666667 0.18879629629629627 0.03229166666666667 0.16499999999999998
0 0.7903385416666666 0.0874074074074074 0.03057291666666667 0.13592592592592595
0 0.8461458333333333 0.6549074074074075 0.052083333333333336 0.21685185185185185
0 0.17257812499999997 0.5639814814814815 0.040052083333333335 0.21166666666666667
0 0.15929687499999998 0.24754629629629632 0.02984375 0.17935185185185185
0 0.7656770833333334 0.14092592592592593 0.025729166666666668 0.1525925925925926
0 0.24760416666666668 0.28597222222222224 0.02875 0.17824074074074073
0 0.262109375 0.15467592592592594 0.031822916666666666 0.16453703703703704
0 0.18726562500000002 0.2558796296296296 0.028072916666666666 0.1636111111111111
0 0.22203125 0.28875 0.03666666666666667 0.16657407407407407
0 0.13473958333333333 0.19916666666666666 0.02645833333333333 0.1562962962962963
0 0.4045052083333333 0.14129629629629628 0.027760416666666666 0.1446296296296296
0 0.14619791666666665 0.05666666666666667 0.027604166666666666 0.11148148148148149
0 0.5995572916666666 0.6946296296296296 0.04328125 0.22944444444444445
0 0.8345052083333333 0.1501388888888889 0.030989583333333334 0.15916666666666668
0 0.23403645833333334 0.15180555555555555 0.02890625 0.15787037037037038
0 0.3165364583333333 0.6502777777777777 0.03578125 0.24018518518518517
0 0.5647135416666667 0.7144444444444444 0.038489583333333334 0.23185185185185186
