0 0.8407552083333333 0.562962962962963 0.09703125 0.5879629629629629
0 0.47609375000000004 0.384537037037037 0.033229166666666664 0.15574074074074074
0 0.3812760416666666 0.36893518518518525 0.024010416666666666 0.1289814814814815
0 0.12833333333333333 0.3832870370370371 0.026770833333333334 0.12250000000000001
0 0.9474999999999999 0.5454166666666667 0.1021875 0.5763888888888888
0 0.054114583333333334 0.38083333333333336 0.023020833333333334 0.1024074074074074
0 0.5638281250000001 0.3750925925925926 0.03609375 0.19240740740740742
0 0.4206510416666667 0.36527777777777776 0.026510416666666665 0.1237037037037037
0 0.28640625 0.37462962962962965 0.0390625 0.15203703703703703
0 0.34734375 0.3585185185185185 0.0203125 0.050555555555555555
0 0.22127604166666667 0.36921296296296297 0.022135416666666668 0.11416666666666667
0 0.49888020833333335 0.3552314814814815 0.020677083333333336 0.09472222222222222
0 0.4423958333333333 0.3566203703703704 0.02020833333333333 0.10712962962962963
0 0.027760416666666666 0.36101851851851857 0.0125 0.06444444444444444
0 0.21075520833333333 0.36916666666666664 0.016614583333333332 0.09685185185185184
0 0.36026041666666664 0.3549537037037037 0.018125 0.05527777777777778
0 0.11255208333333333 0.38412037037037033 0.01625 0.09712962962962964
