0 0.6521354166666667 0.08407407407407406 0.03197916666666666 0.11185185185185186
0 0.23286458333333332 0.6778240740740741 0.04833333333333333 0.2287962962962963
0 0.3782291666666666 0.24379629629629632 0.04041666666666666 0.10462962962962963
0 0.12463541666666665 0.19578703703703704 0.029375 0.15675925925925926
0 0.7905729166666667 0.13291666666666668 0.028333333333333332 0.1391666666666667
0 0.06979166666666667 0.4099537037037037 0.026354166666666668 0.17472222222222222
0 0.2888541666666667 0.2015740740740741 0.0328125 0.15351851851851853
0 0.3815104166666667 0.07425925925925926 0.029062499999999998 0.14666666666666667
0 0.06138020833333333 0.7087962962962963 0.06015625 0.2298148148148148
0 0.9164322916666666 0.5210648148148148 0.040989583333333336 0.19564814814814815
0 0.734453125 0.6393518518518518 0.054427083333333334 0.22685185185185186
0 0.23994791666666665 0.29504629629629625 0.0390625 0.19935185185185186
0 0.16471354166666666 0.19722222222222222 0.028802083333333332 0.15944444444444444
0 0.199609375 0.1815277777777778 0.028385416666666666 0.1650925925925926
0 0.28640625 0.3887037037037037 0.04083333333333334 0.2037037037037037
0 0.43031250000000004 0.21939814814814815 0.030833333333333334 0.1599074074074074
0 0.4810677083333334 0.2325925925925926 0.038489583333333334 0.17296296296296299
0 0.13572916666666668 0.6006481481481482 0.03208333333333333 0.19907407407407407
0 0.43580729166666665 0.3719444444444444 0.03786458333333333 0.17222222222222222
0 0.556640625 0.2014351851851852 0.02703125 0.14731481481481482
0 0.21984374999999998 0.11592592592592592 0.03166666666666666 0.15611111111111112
0 0.6191927083333334 0.21837962962962965 0.03276041666666667 0.17212962962962963
0 0.644140625 0.21157407407407408 0.029322916666666664 0.15888888888888889
0 0.41015625 0.3672685185185185 0.03666666666666667 0.1937962962962963
0 0.5231770833333333 0.9253703703703704 0.03864583333333334 0.1511111111111111
