0 0.6525520833333334 0.08458333333333333 0.0328125 0.11046296296296296
0 0.37828124999999996 0.2439814814814815 0.04 0.1037037037037037
0 0.5493229166666667 0.1761574074074074 0.03239583333333333 0.16916666666666666
0 0.77984375 0.09884259259259259 0.028645833333333332 0.13787037037037037
0 0.8767447916666666 0.09837962962962964 0.03046875 0.1439814814814815
0 0.16434895833333335 0.2000925925925926 0.02921875 0.16018518518518518
0 0.19815104166666667 0.18291666666666667 0.027760416666666666 0.16398148148148148
0 0.5066145833333333 0.1568055555555556 0.03364583333333333 0.16324074074074074
0 0.25638020833333336 0.22958333333333333 0.03828125 0.19083333333333333
0 0.22270833333333334 0.09550925925925925 0.029166666666666667 0.1525
0 0.9165104166666667 0.5218518518518519 0.04010416666666667 0.19462962962962962
0 0.133125 0.6528703703703703 0.043645833333333335 0.23296296296296296
0 0.06966145833333333 0.4131481481481482 0.026197916666666664 0.17518518518518517
0 0.3810677083333333 0.07416666666666666 0.028385416666666666 0.14629629629629629
0 0.22513020833333333 0.5275462962962963 0.04401041666666667 0.21861111111111112
0 0.5871354166666667 0.16203703703703703 0.026145833333333333 0.15092592592592594
0 0.43059895833333334 0.21777777777777776 0.031927083333333335 0.1598148148148148
0 0.7744531249999999 0.6504166666666668 0.04932291666666667 0.22916666666666666
0 0.12997395833333333 0.19680555555555557 0.02755208333333333 0.15046296296296297
0 0.170859375 0.8690740740740741 0.04921875 0.2511111111111111
0 0.13682291666666666 0.4760648148148148 0.030729166666666665 0.1812037037037037
0 0.4034375 0.17402777777777775 0.024895833333333332 0.15231481481481482
0 0.3053385416666667 0.4880555555555556 0.03473958333333334 0.19814814814814816
0 0.281640625 0.18333333333333332 0.02703125 0.16499999999999998
0 0.4803385416666667 0.4576388888888889 0.04192708333333333 0.18527777777777776
0 0.413125 0.40643518518518523 0.035416666666666666 0.17342592592592593
0 0.44562499999999994 0.4500462962962963 0.04614583333333333 0.19842592592592595
0 0.2596614583333333 0.4778240740740741 0.03401041666666667 0.2063888888888889
0 0.451875 0.17620370370370372 0.025208333333333333 0.14240740740740743
0 0.5144270833333333 0.9268055555555554 0.0446875 0.14824074074074073
