0 0.652265625 0.08296296296296296 0.03234375 0.11055555555555556
0 0.378515625 0.2438425925925926 0.04119791666666666 0.10601851851851851
0 0.4334895833333333 0.20958333333333334 0.04010416666666667 0.1612037037037037
0 0.7882031250000001 0.16078703703703703 0.030677083333333334 0.14157407407407407
0 0.5899479166666666 0.08527777777777779 0.02875 0.1451851851851852
0 0.26591145833333335 0.2550925925925926 0.032135416666666666 0.16462962962962965
0 0.17721354166666667 0.7334259259259259 0.04432291666666666 0.23148148148148148
0 0.847265625 0.6555555555555556 0.054427083333333334 0.2175925925925926
0 0.9169270833333333 0.5192592592592592 0.040937499999999995 0.19611111111111112
0 0.3062760416666667 0.18879629629629627 0.03057291666666667 0.1612962962962963
0 0.7562760416666666 0.07226851851851851 0.026927083333333334 0.1426851851851852
0 0.4066666666666666 0.14092592592592593 0.028645833333333332 0.15222222222222223
0 0.258125 0.06921296296296296 0.026875 0.13657407407407407
0 0.19609375 0.4022685185185185 0.042291666666666665 0.16935185185185186
0 0.2340625 0.39916666666666667 0.029479166666666667 0.1887037037037037
0 0.5255989583333334 0.5148148148148148 0.04515625 0.21574074074074073
0 0.17481770833333335 0.2382407407407407 0.03494791666666666 0.17888888888888888
0 0.9036458333333334 0.14314814814814816 0.02822916666666667 0.1637037037037037
0 0.478125 0.5266203703703703 0.035 0.21064814814814814
0 0.8431510416666668 0.11537037037037036 0.026197916666666664 0.1448148148148148
0 0.13986979166666666 0.2012037037037037 0.029531250000000002 0.1575925925925926
0 0.14638020833333334 0.05634259259259259 0.028385416666666666 0.11027777777777777
0 0.9336979166666666 0.739074074074074 0.0475 0.2172222222222222
0 0.22333333333333333 0.24898148148148147 0.029270833333333336 0.16722222222222222
0 0.1759895833333333 0.05981481481481481 0.025 0.11777777777777779
0 0.795625 0.06972222222222221 0.03166666666666666 0.1375925925925926
0 0.22966145833333332 0.1338425925925926 0.028697916666666667 0.16175925925925924
0 0.7224218750000001 0.9268518518518518 0.052760416666666664 0.14814814814814814
0 0.19557291666666668 0.23523148148148149 0.021770833333333333 0.15953703703703706
