0 0.78984375 0.5888425925925926 0.11208333333333333 0.5897222222222221
0 0.3804166666666667 0.37148148148148147 0.026041666666666668 0.13092592592592592
0 0.574453125 0.39 0.04088541666666667 0.21055555555555555
0 0.9114322916666667 0.5817129629629629 0.12619791666666666 0.6049074074074073
0 0.467890625 0.3890277777777778 0.03661458333333333 0.1547222222222222
0 0.12932291666666668 0.36995370370370373 0.027916666666666666 0.12305555555555556
0 0.28838541666666667 0.3718981481481482 0.04125 0.16398148148148148
0 0.21338541666666666 0.3625 0.022187500000000002 0.11425925925925927
0 0.0471875 0.3655555555555556 0.022291666666666664 0.09777777777777777
0 0.41403645833333336 0.3690740740740741 0.026510416666666665 0.12685185185185185
0 0.35132812500000005 0.3590277777777778 0.01963541666666667 0.04861111111111111
0 0.023151041666666667 0.34314814814814815 0.01296875 0.06592592592592593
0 0.441484375 0.36226851851851855 0.022239583333333333 0.11194444444444444
0 0.4899479166666667 0.360462962962963 0.018333333333333333 0.11074074074074074
0 0.19945312499999998 0.36393518518518514 0.014322916666666666 0.09101851851851851
0 0.03729166666666666 0.35625 0.011770833333333335 0.08324074074074074
