0 0.099453125 0.5294907407407408 0.18390625000000002 0.6145370370370371
0 0.3757552083333333 0.3426851851851852 0.020364583333333335 0.10277777777777777
0 0.6263541666666667 0.35328703703703707 0.03104166666666667 0.13342592592592592
0 0.4515625 0.35504629629629636 0.031875 0.16083333333333333
0 0.4915364583333333 0.3576388888888889 0.028697916666666667 0.14657407407407408
0 0.549453125 0.3263425925925926 0.015052083333333332 0.062129629629629625
0 0.7285677083333333 0.39337962962962963 0.04932291666666667 0.30953703703703705
0 0.3385677083333334 0.33166666666666667 0.018593750000000003 0.07018518518518518
0 0.5173958333333334 0.35800925925925925 0.024166666666666666 0.07675925925925926
0 0.5739583333333333 0.3238888888888889 0.011145833333333332 0.04870370370370371
0 0.40408854166666663 0.331712962962963 0.013072916666666667 0.06157407407407407
0 0.5638802083333334 0.32180555555555557 0.011927083333333333 0.04972222222222222
0 0.3881770833333333 0.3315740740740741 0.01875 0.08388888888888889
0 0.19776041666666666 0.41305555555555556 0.03875 0.2644444444444445
