0 0.037369791666666666 0.3711111111111111 0.04057291666666667 0.17814814814814817
0 0.8178385416666667 0.5851851851851851 0.12421875 0.6916666666666667
0 0.37729166666666664 0.3586574074074074 0.0459375 0.20287037037037037
0 0.6201822916666667 0.36060185185185184 0.037760416666666664 0.1526851851851852
0 0.655390625 0.33958333333333335 0.019114583333333334 0.11101851851851853
0 0.5151302083333333 0.34986111111111107 0.03442708333333333 0.16472222222222221
0 0.9443489583333332 0.5855092592592592 0.11234374999999999 0.7169444444444444
0 0.15919270833333332 0.33305555555555555 0.021510416666666664 0.11148148148148149
0 0.59421875 0.3383333333333334 0.0259375 0.12648148148148147
0 0.4467708333333334 0.31907407407407407 0.012604166666666666 0.0587037037037037
0 0.2867447916666667 0.3448148148148148 0.03380208333333334 0.1511111111111111
0 0.49039062499999997 0.33990740740740744 0.022135416666666668 0.10851851851851853
0 0.3120833333333334 0.3309259259259259 0.025104166666666667 0.11703703703703704
0 0.42320312499999996 0.3175462962962963 0.011093750000000001 0.05527777777777778
0 0.558203125 0.3207407407407407 0.011614583333333334 0.05092592592592592
0 0.5791666666666667 0.32231481481481483 0.014895833333333334 0.06314814814814815
