0 0.4490625 0.47337962962962965 0.0284375 0.0723148148148148
0 0.059375 0.6047685185185185 0.11770833333333333 0.38027777777777777
0 0.6102864583333333 0.6621296296296296 0.10609375 0.5588888888888889
0 0.25734375 0.5626851851851852 0.10229166666666667 0.35037037037037033
0 0.8121354166666668 0.45601851851851855 0.024374999999999997 0.10444444444444444
0 0.51890625 0.6280555555555555 0.07291666666666667 0.48
0 0.4297916666666666 0.4689814814814815 0.029583333333333333 0.05703703703703704
0 0.33401041666666664 0.45939814814814817 0.014895833333333334 0.06953703703703704
0 0.11752604166666666 0.5628240740740741 0.07640625 0.31398148148148153
0 0.46739583333333334 0.45310185185185187 0.016770833333333336 0.06361111111111112
0 0.3184375 0.45125000000000004 0.012083333333333333 0.053425925925925925
0 0.29791666666666666 0.45240740740740737 0.008541666666666666 0.05444444444444444
0 0.3490625 0.45828703703703705 0.013020833333333334 0.06472222222222222
