0 0.35414062500000004 0.47226851851851853 0.022239583333333333 0.10990740740740741
0 0.8206770833333333 0.6912037037037037 0.12375 0.6194444444444445
0 0.45445312499999996 0.5192129629629629 0.06619791666666666 0.24305555555555555
0 0.3816666666666667 0.4606944444444444 0.017291666666666667 0.08731481481481482
0 0.211640625 0.48236111111111113 0.026302083333333334 0.10731481481481482
0 0.5632552083333332 0.5402777777777777 0.05973958333333333 0.2548148148148148
0 0.30843750000000003 0.46111111111111114 0.01875 0.08018518518518518
0 0.5116145833333333 0.5233333333333334 0.06666666666666667 0.27944444444444444
0 0.22822916666666665 0.48097222222222213 0.024166666666666666 0.09546296296296296
0 0.2914322916666666 0.46263888888888893 0.015156250000000001 0.07287037037037038
0 0.951796875 0.6698611111111111 0.09744791666666666 0.6621296296296296
0 0.595390625 0.518425925925926 0.04567708333333333 0.21444444444444444
0 0.24536458333333336 0.4613425925925926 0.015625 0.06712962962962964
0 0.6215104166666666 0.45726851851851846 0.022500000000000003 0.07861111111111112
0 0.301484375 0.41912037037037037 0.01078125 0.03564814814814815
