0 0.65234375 0.08388888888888889 0.03239583333333333 0.1111111111111111
0 0.37835937499999994 0.24356481481481482 0.04078125 0.10527777777777778
0 0.790390625 0.06837962962962964 0.030260416666666668 0.1313888888888889
0 0.42322916666666666 0.2148611111111111 0.033854166666666664 0.16157407407407406
0 0.21809895833333334 0.2806018518518518 0.03307291666666667 0.17935185185185185
0 0.9158854166666667 0.5200462962962963 0.042708333333333334 0.19305555555555556
0 0.8954427083333333 0.36254629629629626 0.03911458333333333 0.18768518518518518
0 0.4713541666666667 0.05319444444444445 0.027604166666666666 0.10361111111111111
0 0.16476562499999997 0.19587962962962965 0.02755208333333333 0.1587962962962963
0 0.5303645833333334 0.05037037037037037 0.027708333333333335 0.09814814814814815
0 0.8790364583333333 0.07648148148148148 0.027864583333333335 0.14796296296296296
0 0.108828125 0.37379629629629635 0.03411458333333333 0.17888888888888888
0 0.9434114583333334 0.29333333333333333 0.03609375 0.16555555555555557
0 0.4340104166666667 0.6734259259259259 0.043333333333333335 0.23851851851851855
0 0.25546875 0.1849537037037037 0.0359375 0.17175925925925925
0 0.8469531250000001 0.07407407407407407 0.028281249999999997 0.14629629629629629
0 0.28846354166666666 0.17912037037037035 0.031614583333333335 0.16435185185185186
0 0.12885416666666666 0.20046296296296295 0.0321875 0.15037037037037038
0 0.8456770833333334 0.6525462962962963 0.03510416666666667 0.2247222222222222
0 0.4975520833333334 0.0500462962962963 0.029375 0.09824074074074074
0 0.12901041666666668 0.8745833333333333 0.05197916666666667 0.2526851851851852
0 0.20109375000000002 0.1826851851851852 0.0271875 0.15833333333333333
0 0.15643229166666667 0.8923611111111112 0.04015625 0.21712962962962962
0 0.22505208333333332 0.11629629629629629 0.025416666666666664 0.145
0 0.08156250000000001 0.35226851851851854 0.026875 0.1950925925925926
0 0.5759375 0.8237500000000001 0.0459375 0.23046296296296298
0 0.5446614583333333 0.8140277777777778 0.06848958333333334 0.23027777777777778
0 0.405859375 0.1486574074074074 0.024010416666666666 0.14175925925925925
0 0.25203125 0.08041666666666668 0.03302083333333333 0.1489814814814815
