0 0.65234375 0.08277777777777778 0.0321875 0.10981481481481481
0 0.3784635416666667 0.2437037037037037 0.04192708333333333 0.10481481481481482
0 0.7865885416666667 0.07356481481481482 0.02984375 0.13546296296296298
0 0.8526041666666667 0.20532407407407408 0.03520833333333333 0.1675
0 0.234375 0.22495370370370368 0.04072916666666667 0.15435185185185185
0 0.3065625 0.18537037037037035 0.028854166666666667 0.16499999999999998
0 0.8456510416666667 0.6541203703703703 0.05119791666666666 0.21787037037037038
0 0.17302083333333335 0.4618518518518518 0.03864583333333334 0.19981481481481483
0 0.9161197916666667 0.5185648148148149 0.05078125 0.1925
0 0.7819531249999999 0.19662037037037036 0.02713541666666667 0.16546296296296295
0 0.2640625 0.21944444444444444 0.025833333333333333 0.16740740740740742
0 0.258359375 0.08583333333333332 0.02411458333333333 0.12518518518518518
0 0.429765625 0.20935185185185184 0.02453125 0.16185185185185186
0 0.6971614583333334 0.8495833333333332 0.04963541666666667 0.25212962962962965
0 0.403515625 0.14685185185185184 0.025677083333333333 0.1425925925925926
0 0.5374479166666667 0.04365740740740741 0.033749999999999995 0.08268518518518518
0 0.14958333333333332 0.27305555555555555 0.030208333333333334 0.18296296296296297
0 0.200625 0.18143518518518517 0.02645833333333333 0.15953703703703706
0 0.6520312500000001 0.8701388888888889 0.0478125 0.2512037037037037
0 0.22059895833333334 0.6167592592592592 0.03442708333333333 0.22833333333333333
0 0.1746875 0.27569444444444446 0.030625 0.16472222222222221
0 0.22942708333333334 0.10004629629629631 0.03125 0.1489814814814815
0 0.133046875 0.20064814814814813 0.026614583333333334 0.15314814814814814
0 0.4624479166666667 0.9327314814814816 0.04010416666666667 0.1363888888888889
