0 0.44838541666666665 0.47430555555555554 0.027916666666666666 0.07583333333333334
0 0.21270833333333333 0.4824537037037038 0.027083333333333334 0.10824074074074075
0 0.4052604166666667 0.525 0.057916666666666665 0.24592592592592594
0 0.5088802083333334 0.5425462962962964 0.07755208333333334 0.2667592592592593
0 0.8803645833333333 0.6758796296296297 0.1684375 0.6500925925925927
0 0.3411979166666666 0.46416666666666667 0.018020833333333333 0.08166666666666667
0 0.6228385416666666 0.45611111111111113 0.018593750000000003 0.07981481481481481
0 0.7420572916666667 0.6777777777777778 0.11140625 0.590925925925926
0 0.306640625 0.46152777777777776 0.016822916666666667 0.0762037037037037
0 0.559375 0.5172685185185185 0.0421875 0.22064814814814815
0 0.28854166666666664 0.462037037037037 0.0153125 0.07074074074074074
0 0.37375 0.4746296296296296 0.022083333333333333 0.11092592592592593
0 0.24664062499999997 0.4598611111111111 0.013177083333333334 0.0675
0 0.5849218749999999 0.48574074074074075 0.026927083333333334 0.13574074074074075
0 0.9584375 0.6071296296296297 0.08416666666666667 0.4762962962962963
0 0.227421875 0.4810648148148148 0.025260416666666667 0.09027777777777778
0 0.35354166666666664 0.4635648148148149 0.021666666666666667 0.07787037037037037
