0 0.6436197916666667 0.38393518518518516 0.030052083333333333 0.13305555555555554
0 0.441796875 0.3912962962962963 0.03359375 0.17055555555555554
0 0.7741145833333333 0.392962962962963 0.045625 0.19314814814814815
0 0.5343229166666668 0.4027777777777778 0.0359375 0.11462962962962962
0 0.5594010416666667 0.40699074074074076 0.03244791666666667 0.10231481481481482
0 0.48000000000000004 0.3974537037037037 0.0309375 0.1534259259259259
0 0.025833333333333333 0.3900925925925926 0.027916666666666666 0.11796296296296296
0 0.3607552083333333 0.362962962962963 0.014739583333333334 0.054814814814814816
0 0.5933333333333334 0.3609259259259259 0.016458333333333335 0.06648148148148147
0 0.6110416666666666 0.3608333333333334 0.015208333333333332 0.06592592592592593
0 0.4215104166666667 0.3630555555555556 0.016874999999999998 0.060740740740740734
0 0.3818229166666667 0.3598611111111111 0.011354166666666667 0.046203703703703705
0 0.6203906250000001 0.3645833333333333 0.01765625 0.06546296296296296
0 0.4115625 0.36097222222222225 0.0125 0.052500000000000005
