0 0.6522916666666666 0.08208333333333334 0.031875 0.11046296296296296
0 0.3786197916666667 0.2438425925925926 0.041093750000000005 0.10472222222222222
0 0.787265625 0.07199074074074074 0.03109375 0.13120370370370368
0 0.43377604166666667 0.21458333333333332 0.03359375 0.1612037037037037
0 0.1821875 0.42351851851851857 0.035729166666666666 0.19314814814814815
0 0.26294270833333333 0.1936111111111111 0.02359375 0.15925925925925927
0 0.23026041666666666 0.6049074074074073 0.048854166666666664 0.23425925925925925
0 0.30640625 0.185 0.026979166666666665 0.16333333333333333
0 0.20026041666666666 0.18444444444444444 0.025625000000000002 0.15296296296296294
0 0.5949479166666668 0.04986111111111111 0.03114583333333333 0.09787037037037037
0 0.8455208333333334 0.6541666666666667 0.0509375 0.2175925925925926
0 0.23549479166666668 0.19680555555555557 0.03890625 0.15083333333333335
0 0.9164843749999999 0.5189351851851852 0.05244791666666667 0.19324074074074074
0 0.7915364583333333 0.23115740740740742 0.027864583333333335 0.1625
0 0.8655208333333333 0.23078703703703704 0.03916666666666667 0.17583333333333334
0 0.4036458333333333 0.14574074074074073 0.0253125 0.145
0 0.22658854166666667 0.0775 0.02921875 0.14296296296296296
0 0.13526041666666666 0.2871759259259259 0.03197916666666666 0.18398148148148147
0 0.16106770833333334 0.2890740740740741 0.028385416666666666 0.16648148148148148
0 0.7056510416666666 0.9154166666666667 0.044843749999999995 0.17101851851851851
0 0.7519791666666666 0.9018055555555555 0.04958333333333333 0.19824074074074075
0 0.1979947916666667 0.07402777777777778 0.02744791666666667 0.13935185185185187
0 0.16781250000000003 0.06217592592592593 0.027708333333333335 0.12250000000000001
0 0.163984375 0.1928703703703704 0.025677083333333333 0.16074074074074074
