0 0.7846354166666667 0.6234722222222221 0.11770833333333333 0.6425
0 0.33361979166666667 0.40574074074074074 0.045989583333333334 0.1698148148148148
0 0.9235677083333333 0.6275925925925926 0.14286458333333335 0.6633333333333333
0 0.5285416666666667 0.41953703703703704 0.0378125 0.15666666666666665
0 0.4473697916666666 0.3990277777777778 0.02671875 0.13453703703703704
0 0.21203125 0.39671296296296293 0.028125 0.11842592592592593
0 0.11447916666666667 0.3911111111111111 0.021249999999999998 0.10814814814814815
0 0.560859375 0.394212962962963 0.018385416666666664 0.1087962962962963
0 0.4754166666666667 0.4000925925925926 0.0271875 0.12851851851851853
0 0.26906250000000004 0.38958333333333334 0.024687499999999998 0.12083333333333333
0 0.66828125 0.4375 0.0478125 0.27296296296296296
0 0.4259114583333333 0.38657407407407407 0.020572916666666666 0.05203703703703704
0 0.09429687499999999 0.3701851851851852 0.015052083333333332 0.06796296296296298
0 0.36429687499999996 0.3751851851851852 0.013697916666666667 0.06018518518518518
0 0.25338541666666664 0.391712962962963 0.016666666666666666 0.09787037037037037
0 0.50921875 0.3948148148148148 0.021875 0.11092592592592593
