0 0.6523177083333334 0.08249999999999999 0.032239583333333335 0.10888888888888888
0 0.7895052083333333 0.13277777777777777 0.02890625 0.13833333333333334
0 0.200390625 0.1801388888888889 0.029322916666666664 0.16712962962962963
0 0.38132812499999996 0.0738425925925926 0.02921875 0.14583333333333334
0 0.23088541666666668 0.8222685185185185 0.0515625 0.2528703703703704
0 0.06945312499999999 0.41208333333333336 0.026302083333333334 0.17027777777777778
0 0.9169270833333333 0.5199074074074074 0.04 0.19518518518518518
0 0.16427083333333334 0.19611111111111112 0.028958333333333332 0.15685185185185185
0 0.24033854166666666 0.357962962962963 0.039322916666666666 0.20814814814814817
0 0.7351041666666666 0.6386574074074074 0.05447916666666666 0.22787037037037036
0 0.37854166666666667 0.24393518518518517 0.040625 0.10601851851851851
0 0.2935416666666667 0.13699074074074072 0.02625 0.14935185185185187
0 0.5797916666666667 0.21175925925925926 0.028854166666666667 0.16425925925925927
0 0.4853125 0.2855092592592593 0.03885416666666666 0.18324074074074076
0 0.12736979166666668 0.19384259259259262 0.026302083333333334 0.1512037037037037
0 0.6413281249999999 0.2363425925925926 0.023697916666666666 0.15287037037037038
0 0.2925520833333334 0.3318055555555556 0.035625000000000004 0.19527777777777777
0 0.26395833333333335 0.24189814814814814 0.03104166666666667 0.15805555555555553
0 0.2100520833333333 0.06560185185185184 0.025416666666666664 0.12935185185185183
0 0.08052083333333335 0.6995833333333333 0.035625000000000004 0.19935185185185186
0 0.443203125 0.30074074074074075 0.029739583333333333 0.1625925925925926
0 0.2630989583333333 0.11574074074074074 0.029114583333333333 0.1448148148148148
0 0.42046875 0.2975925925925926 0.03229166666666667 0.17518518518518517
0 0.7060677083333334 0.252037037037037 0.028385416666666666 0.16592592592592592
0 0.246484375 0.06560185185185184 0.026302083333333334 0.12935185185185183
0 0.5833072916666667 0.9283796296296296 0.04348958333333333 0.14509259259259258
