0 0.29424479166666667 0.4163425925925926 0.01921875 0.09842592592592592
0 0.4515625 0.4446759259259259 0.0375 0.16027777777777777
0 0.3859375 0.41782407407407407 0.0240625 0.12083333333333333
0 0.32114583333333335 0.400787037037037 0.014583333333333334 0.0637962962962963
0 0.1750520833333333 0.4110185185185185 0.0196875 0.08611111111111111
0 0.9614583333333333 0.5912037037037037 0.078125 0.4951851851851851
0 0.6582291666666666 0.43037037037037035 0.022500000000000003 0.11277777777777777
0 0.3628645833333334 0.41856481481481483 0.024479166666666666 0.11101851851851853
0 0.26223958333333336 0.4100925925925926 0.022083333333333333 0.04833333333333334
0 0.4040104166666667 0.4076388888888889 0.015729166666666666 0.09712962962962964
0 0.19226562500000002 0.4062037037037037 0.013385416666666667 0.06759259259259259
0 0.16546875 0.4072222222222222 0.0159375 0.07925925925925925
