0 0.6522395833333333 0.08342592592592592 0.03229166666666667 0.11
0 0.378359375 0.24324074074074073 0.04140625 0.10574074074074075
0 0.7869791666666667 0.07180555555555555 0.03145833333333333 0.13342592592592592
0 0.8721354166666667 0.06194444444444445 0.0284375 0.12203703703703704
0 0.43322916666666667 0.2150925925925926 0.033125 0.15962962962962962
0 0.214140625 0.3202314814814815 0.03505208333333333 0.18157407407407408
0 0.9158854166666667 0.51875 0.0446875 0.19787037037037036
0 0.12802083333333333 0.3425 0.0328125 0.17833333333333332
0 0.16388020833333336 0.19444444444444445 0.02744791666666667 0.15703703703703703
0 0.8803906250000001 0.32143518518518516 0.041093750000000005 0.18824074074074076
0 0.8444270833333333 0.6531481481481481 0.048749999999999995 0.2162962962962963
0 0.12583333333333335 0.2001851851851852 0.026354166666666668 0.1451851851851852
0 0.30364583333333334 0.18555555555555553 0.0271875 0.16074074074074074
0 0.09679687499999999 0.3311574074074074 0.032135416666666666 0.19435185185185186
0 0.4688541666666667 0.04935185185185185 0.02666666666666667 0.09351851851851851
0 0.404375 0.14587962962962964 0.022916666666666665 0.1439814814814815
0 0.25166666666666665 0.18171296296296297 0.026354166666666668 0.1423148148148148
0 0.20049479166666667 0.18259259259259258 0.02765625 0.1622222222222222
0 0.97828125 0.3234722222222222 0.03520833333333333 0.16657407407407407
0 0.5782031249999999 0.8827314814814815 0.06776041666666667 0.2363888888888889
0 0.3891666666666667 0.6488888888888888 0.042395833333333334 0.23333333333333334
0 0.23278645833333333 0.13324074074074074 0.024010416666666666 0.15814814814814815
0 0.5441666666666667 0.9320833333333333 0.03520833333333333 0.1376851851851852
0 0.6097135416666667 0.888287037037037 0.046510416666666665 0.2237962962962963
