0 0.5009895833333333 0.4994907407407407 0.051354166666666666 0.10287037037037036
0 0.44958333333333333 0.4736111111111111 0.028333333333333332 0.0712962962962963
0 0.27859375 0.555925925925926 0.05979166666666667 0.28574074074074074
0 0.3451041666666666 0.5367129629629629 0.048749999999999995 0.2549074074074074
0 0.7836979166666667 0.4564814814814815 0.03208333333333333 0.11962962962962961
0 0.20645833333333333 0.4618981481481481 0.022916666666666665 0.09842592592592592
0 0.6650781250000001 0.4608333333333333 0.018489583333333334 0.09518518518518518
0 0.5358593749999999 0.46217592592592593 0.021718750000000002 0.10657407407407407
0 0.22901041666666666 0.46379629629629626 0.022291666666666664 0.0812962962962963
0 0.42947916666666663 0.4693981481481482 0.029479166666666667 0.05620370370370371
0 0.5595312500000001 0.4993518518518518 0.02020833333333333 0.10277777777777777
0 0.9423697916666668 0.5821759259259259 0.11630208333333333 0.45546296296296296
0 0.5821614583333333 0.4548611111111111 0.021718750000000002 0.10305555555555555
0 0.5764843749999999 0.5005555555555555 0.017552083333333336 0.10888888888888888
0 0.31429687500000003 0.48731481481481487 0.020572916666666666 0.12814814814814815
0 0.37497395833333336 0.5316203703703704 0.028593749999999998 0.17675925925925925
