0 0.5018229166666667 0.4742592592592593 0.03729166666666666 0.16333333333333333
0 0.64953125 0.4535648148148148 0.021979166666666668 0.1062037037037037
0 0.3871614583333333 0.45092592592592595 0.02203125 0.10722222222222222
0 0.4125260416666666 0.4465277777777778 0.024739583333333332 0.11342592592592593
0 0.33276041666666667 0.43226851851851855 0.014166666666666666 0.06712962962962964
0 0.4452083333333334 0.44273148148148145 0.022604166666666665 0.11101851851851853
0 0.7321875 0.5634722222222222 0.10239583333333332 0.45694444444444443
0 0.048828125 0.5017592592592592 0.045989583333333334 0.2016666666666667
0 0.011692708333333333 0.5068055555555556 0.02234375 0.19305555555555556
0 0.28325520833333334 0.441712962962963 0.02015625 0.08472222222222223
0 0.16591145833333334 0.4421759259259259 0.010885416666666667 0.05416666666666667
0 0.17356770833333332 0.4426388888888889 0.011510416666666667 0.05620370370370371
0 0.157578125 0.4425 0.01140625 0.05259259259259259
0 0.07049479166666667 0.4877314814814815 0.03338541666666666 0.16194444444444445
