0 0.37861979166666665 0.24351851851851852 0.04130208333333333 0.10462962962962963
0 0.7872395833333333 0.07152777777777777 0.03135416666666667 0.13472222222222222
0 0.6522395833333333 0.08342592592592592 0.0325 0.11185185185185186
0 0.9161458333333333 0.5189351851851852 0.050208333333333334 0.19435185185185186
0 0.3012760416666667 0.1849074074074074 0.033177083333333336 0.16203703703703703
0 0.20072916666666665 0.1836111111111111 0.027291666666666665 0.16037037037037036
0 0.43432291666666667 0.21416666666666667 0.03395833333333333 0.16
0 0.19403645833333333 0.39 0.03567708333333333 0.18833333333333332
0 0.8455208333333333 0.6560648148148148 0.050625 0.2187962962962963
0 0.2305208333333333 0.06851851851851852 0.030416666666666665 0.13518518518518519
0 0.86109375 0.26208333333333333 0.034479166666666665 0.17712962962962964
0 0.15421875000000002 0.3071759259259259 0.029791666666666668 0.17027777777777778
0 0.125703125 0.3016666666666667 0.03109375 0.18611111111111112
0 0.27096354166666664 0.6123148148148149 0.04369791666666667 0.22444444444444445
0 0.40325520833333334 0.14606481481481481 0.02359375 0.1462037037037037
0 0.23414062500000002 0.1824537037037037 0.028072916666666666 0.14694444444444443
0 0.25559895833333335 0.17444444444444443 0.025572916666666667 0.16314814814814813
0 0.1631770833333333 0.1960185185185185 0.02645833333333333 0.15833333333333333
0 0.7936979166666666 0.9393518518518519 0.038125 0.12314814814814815
0 0.1990625 0.06180555555555556 0.0253125 0.11768518518518518
0 0.1353125 0.22023148148148147 0.021458333333333336 0.16546296296296295
