0 0.611171875 0.38499999999999995 0.03296875 0.14425925925925928
0 0.3202083333333333 0.41782407407407407 0.0703125 0.3102777777777778
0 0.52046875 0.3447222222222222 0.0146875 0.057777777777777775
0 0.5627083333333334 0.37555555555555553 0.026770833333333334 0.15685185185185185
0 0.6564062500000001 0.3672222222222222 0.0228125 0.11851851851851852
0 0.48244791666666664 0.3695833333333333 0.0296875 0.13398148148148148
0 0.44789062500000004 0.36625 0.030677083333333334 0.1476851851851852
0 0.3777083333333333 0.3418981481481482 0.012291666666666668 0.06046296296296296
0 0.36130208333333336 0.34273148148148147 0.013229166666666665 0.06416666666666666
0 0.26294270833333333 0.35791666666666666 0.022239583333333333 0.11583333333333333
0 0.9566666666666667 0.6353703703703704 0.08770833333333333 0.7311111111111112
0 0.35304687500000004 0.3474537037037037 0.013489583333333333 0.07361111111111111
0 0.5001302083333333 0.34824074074074074 0.015260416666666667 0.05925925925925926
0 0.5109895833333333 0.3456018518518518 0.01583333333333333 0.05861111111111111
0 0.28203125 0.36310185185185184 0.018958333333333334 0.12027777777777779
