0 0.6521354166666666 0.08342592592592592 0.03239583333333333 0.11074074074074074
0 0.7922656250000001 0.0649074074074074 0.031510416666666666 0.12796296296296295
0 0.3784114583333333 0.24458333333333332 0.04182291666666667 0.10546296296296297
0 0.533046875 0.0575925925925926 0.028593749999999998 0.11333333333333334
0 0.886171875 0.0986574074074074 0.028177083333333335 0.1534259259259259
0 0.1003125 0.3906944444444445 0.034479166666666665 0.17435185185185187
0 0.22135416666666666 0.2584722222222222 0.03270833333333333 0.17435185185185187
0 0.42580729166666664 0.2149074074074074 0.028802083333333332 0.16555555555555557
0 0.190390625 0.2364351851851852 0.026406250000000003 0.15601851851851853
0 0.4739322916666666 0.05740740740740741 0.027760416666666666 0.11277777777777777
0 0.8318489583333334 0.6653703703703703 0.037135416666666664 0.21814814814814815
0 0.49940104166666666 0.05717592592592593 0.02984375 0.1112037037037037
0 0.25815104166666664 0.21439814814814817 0.037656249999999995 0.1713888888888889
0 0.854609375 0.09486111111111112 0.028489583333333336 0.16212962962962962
0 0.915546875 0.6786111111111112 0.04067708333333333 0.20037037037037037
0 0.52296875 0.7706018518518518 0.061875 0.2439814814814815
0 0.45033854166666665 0.6811574074074074 0.03890625 0.23916666666666667
0 0.9159375 0.522361111111111 0.04145833333333333 0.19435185185185186
0 0.163515625 0.19717592592592592 0.027864583333333335 0.16027777777777777
0 0.8526041666666667 0.3723148148148148 0.03270833333333333 0.18796296296296297
0 0.9817708333333334 0.2806944444444444 0.0375 0.17731481481481481
0 0.12963541666666667 0.2010648148148148 0.033125 0.15046296296296297
0 0.12703125 0.8381944444444445 0.04697916666666667 0.2523148148148148
0 0.39820312500000005 0.16462962962962965 0.03369791666666667 0.1496296296296296
0 0.25450520833333334 0.08865740740740741 0.03890625 0.16953703703703704
0 0.28328125 0.16953703703703704 0.029270833333333336 0.1635185185185185
0 0.91484375 0.39305555555555555 0.04760416666666667 0.1827777777777778
0 0.9298958333333334 0.27018518518518514 0.030625 0.1585185185185185
0 0.1656770833333333 0.8643981481481481 0.042083333333333334 0.24583333333333332
0 0.21984374999999998 0.09703703703703703 0.024374999999999997 0.14907407407407408
0 0.3084635416666667 0.13694444444444442 0.02296875 0.145
0 0.5638020833333334 0.9317129629629629 0.03947916666666666 0.13842592592592592
