0 0.92015625 0.6774537037037037 0.04625 0.20583333333333334
0 0.08497395833333334 0.6115277777777778 0.03526041666666667 0.1360185185185185
0 0.196015625 0.5908333333333333 0.025260416666666667 0.12203703703703704
0 0.16653645833333333 0.5968981481481481 0.024635416666666667 0.1125
0 0.05127604166666667 0.6037962962962963 0.029427083333333333 0.13722222222222222
0 0.8807291666666667 0.558425925925926 0.0190625 0.1012962962962963
0 0.14093750000000002 0.5992592592592593 0.02354166666666667 0.11018518518518519
0 0.7016927083333333 0.5266666666666666 0.013697916666666667 0.06666666666666667
0 0.352734375 0.5193055555555556 0.011197916666666667 0.05694444444444444
0 0.3117708333333333 0.5113425925925926 0.010729166666666668 0.056574074074074075
0 0.8065625 0.5126851851851852 0.012604166666666666 0.059444444444444446
0 0.591640625 0.4887962962962963 0.01015625 0.04333333333333333
0 0.4620572916666667 0.48657407407407405 0.00828125 0.03166666666666667
0 0.21640625 0.5693055555555556 0.02041666666666667 0.0975
0 0.7829947916666667 0.5183796296296297 0.013489583333333333 0.055092592592592596
0 0.6235416666666667 0.502037037037037 0.011770833333333335 0.04611111111111111
0 0.123359375 0.5972685185185185 0.015885416666666666 0.09083333333333332
0 0.769609375 0.5174074074074073 0.012239583333333333 0.05074074074074074
0 0.9324739583333332 0.5727314814814815 0.020572916666666666 0.09009259259259259
0 0.32609375 0.5097685185185185 0.0103125 0.0537962962962963
0 0.6930208333333333 0.517962962962963 0.012291666666666668 0.053703703703703705
0 0.6027604166666667 0.49421296296296297 0.010104166666666666 0.04175925925925926
0 0.6381770833333335 0.5039351851851852 0.0103125 0.04657407407407407
0 0.7174999999999999 0.5175925925925926 0.011041666666666667 0.045925925925925926
