0 0.65234375 0.08402777777777778 0.03239583333333333 0.11046296296296296
0 0.503125 0.0737962962962963 0.030312500000000003 0.14574074074074075
0 0.250859375 0.285462962962963 0.03796875 0.18055555555555555
0 0.3783333333333333 0.24314814814814817 0.04072916666666667 0.10425925925925926
0 0.20104166666666667 0.18226851851851855 0.027916666666666666 0.1650925925925926
0 0.538828125 0.08291666666666667 0.02796875 0.14324074074074072
0 0.9150260416666668 0.5191666666666667 0.04473958333333334 0.19703703703703704
0 0.07247395833333334 0.412962962962963 0.029010416666666667 0.17296296296296299
0 0.7513802083333334 0.6042592592592593 0.05255208333333334 0.18407407407407408
0 0.924140625 0.22203703703703703 0.03015625 0.15666666666666665
0 0.828515625 0.6784722222222223 0.039322916666666666 0.2273148148148148
0 0.16369791666666667 0.19592592592592592 0.027916666666666666 0.15703703703703703
0 0.2877604166666667 0.14976851851851852 0.0296875 0.16046296296296297
0 0.147109375 0.2891666666666667 0.02723958333333333 0.1638888888888889
0 0.46432291666666664 0.06527777777777778 0.028541666666666667 0.12722222222222224
0 0.9779947916666667 0.4560648148148148 0.044843749999999995 0.18972222222222224
0 0.19966145833333335 0.7468055555555556 0.03828125 0.22935185185185183
0 0.4294010416666667 0.2184722222222222 0.025260416666666667 0.1534259259259259
0 0.8842708333333333 0.42495370370370367 0.034895833333333334 0.18435185185185185
0 0.4927604166666667 0.6677777777777778 0.05854166666666667 0.22685185185185186
0 0.15549479166666666 0.7233333333333334 0.04911458333333333 0.23722222222222222
0 0.43528645833333335 0.6486574074074075 0.045468749999999995 0.22953703703703704
0 0.4066666666666666 0.15518518518518518 0.026979166666666665 0.14222222222222222
0 0.129765625 0.20194444444444445 0.03078125 0.1475925925925926
0 0.23023437500000002 0.06708333333333334 0.02328125 0.13231481481481483
0 0.236953125 0.19379629629629627 0.029947916666666668 0.14833333333333332
0 0.526484375 0.669861111111111 0.04390625 0.20935185185185184
0 0.8001302083333334 0.04898148148148148 0.029114583333333333 0.0961111111111111
0 0.20367187499999997 0.06703703703703705 0.03244791666666667 0.12444444444444445
0 0.5552864583333333 0.9268981481481482 0.04442708333333333 0.14805555555555555
0 0.3854166666666667 0.16365740740740742 0.026354166666666668 0.15675925925925926
0 0.25143229166666664 0.12412037037037038 0.03755208333333333 0.1900925925925926
0 0.9092447916666667 0.1923148148148148 0.029531250000000002 0.1512962962962963
