0 0.65234375 0.08361111111111112 0.03197916666666666 0.1087037037037037
0 0.37820312500000003 0.24356481481481482 0.04161458333333334 0.10416666666666667
0 0.571640625 0.49634259259259256 0.03421875 0.1834259259259259
0 0.24924479166666666 0.3882407407407408 0.037760416666666664 0.20314814814814816
0 0.8636458333333332 0.08467592592592593 0.029791666666666668 0.1476851851851852
0 0.24903645833333335 0.16560185185185186 0.03578125 0.18231481481481482
0 0.5458333333333333 0.12787037037037036 0.028541666666666667 0.15333333333333332
0 0.9327083333333335 0.1638888888888889 0.030104166666666664 0.14777777777777779
0 0.27895833333333336 0.15976851851851853 0.025104166666666667 0.1539814814814815
0 0.07036458333333333 0.412962962962963 0.0271875 0.17351851851851852
0 0.20221354166666666 0.18310185185185185 0.028177083333333335 0.16194444444444445
0 0.16312500000000002 0.1999074074074074 0.027708333333333335 0.15592592592592594
0 0.12562500000000001 0.205 0.0315625 0.1487037037037037
0 0.759375 0.048935185185185186 0.027395833333333335 0.0912037037037037
0 0.3086979166666667 0.6423611111111112 0.05260416666666667 0.22675925925925927
0 0.20856770833333332 0.5940277777777777 0.045572916666666664 0.22824074074074074
0 0.44744791666666667 0.05226851851851852 0.028645833333333332 0.10268518518518518
0 0.5130989583333333 0.12124999999999998 0.03307291666666667 0.16175925925925924
0 0.430234375 0.21921296296296297 0.03078125 0.1587962962962963
0 0.916484375 0.5211111111111111 0.04057291666666667 0.19814814814814816
0 0.9575260416666667 0.5179166666666667 0.03338541666666666 0.19305555555555556
0 0.49416666666666664 0.5530092592592593 0.03833333333333333 0.1912037037037037
0 0.21057291666666667 0.04407407407407408 0.024166666666666666 0.08370370370370371
0 0.12479166666666666 0.37166666666666665 0.028125 0.16740740740740742
0 0.8456250000000001 0.69625 0.043437500000000004 0.22768518518518518
0 0.25953125 0.6096759259259259 0.035 0.21601851851851853
0 0.463671875 0.5510185185185186 0.04453125 0.21203703703703702
0 0.96484375 0.14055555555555557 0.0321875 0.14648148148148146
0 0.40697916666666667 0.15550925925925924 0.02354166666666667 0.13342592592592592
0 0.5242447916666666 0.925787037037037 0.04171875 0.1502777777777778
0 0.49786458333333333 0.0725925925925926 0.030104166666666664 0.13592592592592595
