0 0.322265625 0.3515277777777778 0.05098958333333334 0.19842592592592595
0 0.558125 0.3291203703703704 0.024270833333333335 0.13268518518518518
0 0.472734375 0.34138888888888885 0.03671875 0.16425925925925927
0 0.5896354166666666 0.34449074074074076 0.034687499999999996 0.15101851851851852
0 0.79953125 0.5548611111111111 0.11947916666666666 0.6689814814814815
0 0.44255208333333335 0.327037037037037 0.0271875 0.11351851851851852
0 0.11049479166666668 0.335 0.021718750000000002 0.1151851851851852
0 0.619609375 0.32592592592592595 0.01942708333333333 0.10777777777777778
0 0.9291145833333333 0.5649074074074074 0.14281249999999998 0.7309259259259259
0 0.08807291666666667 0.3101851851851852 0.018125 0.07777777777777778
0 0.2143489583333333 0.3466203703703704 0.03140625 0.15416666666666667
0 0.39906250000000004 0.3096759259259259 0.011666666666666665 0.056388888888888884
0 0.27890625 0.3257407407407407 0.026041666666666668 0.10814814814814815
0 0.5156770833333334 0.3169907407407407 0.0153125 0.06972222222222221
0 0.5027864583333334 0.3326851851851852 0.02359375 0.11222222222222222
0 0.3774479166666667 0.3129166666666667 0.0115625 0.0537962962962963
0 0.35885416666666664 0.3136574074074074 0.011458333333333333 0.050833333333333335
0 0.09934895833333333 0.3247685185185185 0.016197916666666666 0.09824074074074074
0 0.5372395833333333 0.3090277777777778 0.01375 0.055462962962962964
