0 0.6182031250000001 0.055740740740740743 0.03588541666666667 0.1075925925925926
0 0.37859375000000006 0.24351851851851852 0.04135416666666667 0.10537037037037036
0 0.652109375 0.08263888888888889 0.03328125 0.11194444444444444
0 0.7870572916666667 0.07074074074074074 0.03140625 0.13277777777777777
0 0.9166927083333334 0.5188888888888888 0.05015625 0.19425925925925927
0 0.30257812500000003 0.18421296296296294 0.03109375 0.16268518518518518
0 0.4345572916666667 0.2136111111111111 0.03380208333333334 0.15888888888888889
0 0.20028645833333333 0.18425925925925926 0.026093750000000002 0.15703703703703703
0 0.18903645833333332 0.40467592592592594 0.03661458333333333 0.19268518518518518
0 0.8454427083333333 0.6534722222222222 0.05046875 0.21842592592592594
0 0.8600520833333333 0.2444907407407407 0.03979166666666667 0.17287037037037037
0 0.40348958333333335 0.14592592592592593 0.024166666666666666 0.1437037037037037
0 0.22796875 0.0713425925925926 0.0296875 0.14083333333333334
0 0.23658854166666668 0.18666666666666668 0.03078125 0.15037037037037038
0 0.25869791666666664 0.18226851851851855 0.024895833333333332 0.16194444444444445
0 0.253046875 0.6061111111111112 0.04171875 0.23074074074074072
0 0.13002604166666665 0.295462962962963 0.029635416666666668 0.1864814814814815
0 0.15677083333333333 0.30013888888888884 0.030520833333333334 0.1637962962962963
0 0.16341145833333334 0.19527777777777774 0.02796875 0.15944444444444444
0 0.19731770833333334 0.06708333333333334 0.02765625 0.13231481481481483
0 0.770234375 0.9210648148148148 0.05067708333333333 0.1597222222222222
0 0.7283333333333334 0.9312962962962964 0.0465625 0.13925925925925928
