0 0.5008333333333334 0.4987037037037037 0.052187500000000005 0.10111111111111111
0 0.38583333333333336 0.5442592592592592 0.06104166666666667 0.27259259259259255
0 0.455703125 0.5150462962962963 0.045885416666666665 0.2826851851851852
0 0.6940364583333333 0.6881944444444444 0.13953125 0.625462962962963
0 0.5280729166666667 0.4601851851851852 0.018958333333333334 0.09333333333333334
0 0.5578125 0.45902777777777776 0.02 0.1000925925925926
0 0.5755989583333334 0.4996759259259259 0.02390625 0.10472222222222222
0 0.7751041666666667 0.5667129629629629 0.0859375 0.3400925925925926
0 0.32234375000000004 0.5271296296296296 0.04760416666666667 0.26666666666666666
0 0.22046874999999996 0.6585648148148148 0.19343749999999998 0.6847222222222222
0 0.42085937500000004 0.4829166666666666 0.01973958333333333 0.13305555555555554
0 0.28390624999999997 0.4669907407407407 0.016979166666666667 0.09157407407407409
0 0.3592708333333334 0.47962962962962963 0.016354166666666666 0.0824074074074074
0 0.6255208333333333 0.6331481481481481 0.07104166666666667 0.48259259259259263
