0 0.65234375 0.08324074074074074 0.0321875 0.1111111111111111
0 0.7897135416666666 0.06763888888888889 0.03036458333333333 0.13194444444444445
0 0.3781510416666667 0.24393518518518517 0.04057291666666667 0.10564814814814814
0 0.4221875 0.2150925925925926 0.0328125 0.15962962962962962
0 0.21830729166666668 0.27634259259259264 0.033177083333333336 0.17712962962962964
0 0.8972395833333333 0.3680092592592593 0.0384375 0.1863888888888889
0 0.16453125 0.19472222222222224 0.028125 0.16
0 0.531015625 0.051250000000000004 0.027864583333333335 0.09953703703703703
0 0.9159635416666667 0.520462962962963 0.04286458333333333 0.19444444444444445
0 0.107578125 0.3775 0.03473958333333334 0.1811111111111111
0 0.4716666666666667 0.05430555555555555 0.027291666666666665 0.10490740740740741
0 0.9417187499999999 0.29041666666666666 0.036562500000000005 0.16342592592592592
0 0.8789843749999999 0.07842592592592591 0.02796875 0.15018518518518517
0 0.2571875 0.18555555555555553 0.0340625 0.1687037037037037
0 0.286796875 0.17777777777777778 0.031510416666666666 0.16648148148148148
0 0.8483072916666666 0.07648148148148147 0.028802083333333332 0.1511111111111111
0 0.43734375000000003 0.6764351851851852 0.04135416666666667 0.245462962962963
0 0.12901041666666666 0.20148148148148148 0.0325 0.15092592592592594
0 0.4984375 0.05162037037037037 0.029479166666666667 0.10083333333333334
0 0.8446354166666666 0.6583333333333333 0.034375 0.22148148148148147
0 0.157265625 0.8909259259259259 0.04078125 0.22
0 0.22401041666666666 0.11555555555555555 0.025729166666666668 0.1437037037037037
0 0.125859375 0.8703240740740741 0.05119791666666666 0.2612037037037037
0 0.540390625 0.8131481481481482 0.06609375 0.23722222222222222
0 0.25216145833333337 0.07875 0.03651041666666666 0.15564814814814815
0 0.2019010416666667 0.18601851851851853 0.026927083333333334 0.15814814814814815
0 0.08138020833333333 0.35129629629629633 0.023072916666666665 0.1912962962962963
0 0.5740364583333334 0.8269444444444445 0.04057291666666667 0.23277777777777778
