0 0.5015104166666666 0.4988888888888888 0.050416666666666665 0.10388888888888889
0 0.4495052083333333 0.473287037037037 0.028177083333333335 0.07064814814814814
0 0.280703125 0.5569907407407407 0.06453125 0.2910185185185185
0 0.2065625 0.4618055555555556 0.022708333333333334 0.09953703703703703
0 0.3478645833333333 0.5385648148148149 0.04635416666666667 0.25101851851851853
0 0.7978906250000001 0.4585648148148148 0.028697916666666667 0.11675925925925926
0 0.6657291666666666 0.46064814814814814 0.018333333333333333 0.09407407407407407
0 0.22890625 0.4636574074074074 0.021875 0.08027777777777778
0 0.429609375 0.46912037037037035 0.029947916666666668 0.05731481481481481
0 0.5772135416666667 0.49856481481481485 0.017447916666666667 0.10916666666666668
0 0.5821093749999999 0.45601851851851855 0.020885416666666667 0.10518518518518517
0 0.5355208333333333 0.46472222222222226 0.0215625 0.10703703703703703
0 0.55859375 0.49939814814814815 0.020625 0.10101851851851851
0 0.31473958333333335 0.4848148148148148 0.02 0.12407407407407407
0 0.37619791666666663 0.5276388888888889 0.030729166666666665 0.17916666666666667
