0 0.6520052083333334 0.08361111111111111 0.032239583333333335 0.11166666666666666
0 0.37838541666666664 0.24375 0.04083333333333334 0.10564814814814814
0 0.6001041666666665 0.20717592592592593 0.030833333333333334 0.17027777777777778
0 0.24229166666666668 0.2781018518518519 0.03916666666666667 0.19805555555555557
0 0.069765625 0.40925925925925927 0.026406250000000003 0.17462962962962963
0 0.23260416666666664 0.6481481481481481 0.04760416666666667 0.23407407407407407
0 0.38169270833333335 0.075 0.029010416666666667 0.14814814814814814
0 0.7909895833333334 0.13287037037037036 0.028125 0.13796296296296295
0 0.16458333333333333 0.19791666666666666 0.028854166666666667 0.16157407407407406
0 0.19984375 0.18074074074074073 0.026979166666666665 0.16592592592592592
0 0.48984375 0.21671296296296294 0.0403125 0.17101851851851851
0 0.125 0.1938425925925926 0.029062499999999998 0.15231481481481482
0 0.9166927083333333 0.5208333333333334 0.040468750000000005 0.19555555555555554
0 0.09000000000000001 0.7365277777777777 0.05239583333333333 0.23435185185185184
0 0.7337760416666668 0.6385185185185185 0.054114583333333334 0.22574074074074074
0 0.42945312500000005 0.21981481481481482 0.031614583333333335 0.15537037037037038
0 0.28294270833333335 0.1961574074074074 0.02546875 0.16305555555555554
0 0.6362760416666666 0.20037037037037037 0.021718750000000002 0.15351851851851853
0 0.28359375 0.4099074074074074 0.03760416666666667 0.20500000000000002
0 0.129375 0.5661574074074075 0.0309375 0.18768518518518518
0 0.5291927083333333 0.18958333333333333 0.020677083333333336 0.14472222222222222
0 0.44651041666666663 0.38861111111111113 0.03958333333333333 0.18074074074074073
0 0.41729166666666667 0.3837962962962963 0.04125 0.19074074074074074
0 0.050807291666666664 0.6861111111111111 0.05744791666666667 0.22333333333333333
0 0.4478645833333334 0.18287037037037038 0.035625000000000004 0.1587037037037037
0 0.5095833333333334 0.9224074074074073 0.037187500000000005 0.15703703703703703
0 0.32609375 0.40837962962962965 0.03166666666666666 0.18416666666666667
0 0.8287760416666666 0.06388888888888888 0.026406250000000003 0.1151851851851852
0 0.261015625 0.03217592592592593 0.018385416666666664 0.05583333333333333
