0 0.7795833333333333 0.7661111111111111 0.042291666666666665 0.2048148148148148
0 0.8432552083333333 0.7323611111111111 0.04057291666666667 0.2026851851851852
0 0.7305729166666667 0.6993518518518518 0.035833333333333335 0.19722222222222222
0 0.882265625 0.6311574074074073 0.026614583333333334 0.1289814814814815
0 0.7284895833333334 0.58375 0.025729166666666668 0.09935185185185184
0 0.034921875 0.7345833333333334 0.025677083333333333 0.1628703703703704
0 0.770859375 0.5806481481481481 0.022864583333333334 0.08425925925925926
0 0.817890625 0.5814814814814815 0.019010416666666665 0.09722222222222222
0 0.010729166666666668 0.752037037037037 0.0203125 0.15537037037037038
0 0.7911979166666667 0.5815740740740741 0.016874999999999998 0.08962962962962963
0 0.7109375 0.5309259259259259 0.010208333333333335 0.046481481481481485
0 0.7065625000000001 0.6848148148148149 0.023854166666666666 0.15648148148148147
0 0.7232291666666666 0.5151388888888888 0.013125 0.047314814814814816
