0 0.44937499999999997 0.4723611111111111 0.02802083333333333 0.07324074074074073
0 0.6106510416666667 0.6512499999999999 0.10317708333333334 0.553611111111111
0 0.5148958333333333 0.6285185185185185 0.0728125 0.4766666666666666
0 0.24213541666666666 0.5596296296296296 0.08072916666666667 0.36666666666666664
0 0.8071354166666667 0.4582407407407408 0.02322916666666667 0.10111111111111111
0 0.42994791666666665 0.4689351851851852 0.029166666666666667 0.05861111111111111
0 0.04791666666666667 0.5993055555555555 0.09479166666666666 0.37527777777777777
0 0.10830729166666667 0.5612037037037038 0.09151041666666666 0.3131481481481481
0 0.35083333333333333 0.4633333333333333 0.0140625 0.07018518518518518
0 0.335703125 0.4574537037037037 0.014114583333333335 0.06472222222222222
0 0.295625 0.4524074074074074 0.010833333333333334 0.05462962962962963
0 0.46588541666666666 0.4546296296296296 0.016041666666666666 0.06388888888888888
0 0.30994791666666666 0.45157407407407407 0.011666666666666665 0.053518518518518514
0 0.2769010416666667 0.45458333333333334 0.01203125 0.06157407407407407
0 0.26833333333333337 0.46513888888888894 0.013645833333333333 0.08287037037037037
