0 0.21510416666666668 0.3866666666666667 0.16270833333333332 0.6594444444444445
0 0.4843489583333333 0.37777777777777777 0.09901041666666667 0.4892592592592592
0 0.8004166666666667 0.3384259259259259 0.018229166666666668 0.09944444444444445
0 0.399140625 0.3758796296296296 0.09192708333333334 0.44583333333333336
0 0.69078125 0.33949074074074076 0.019270833333333334 0.1149074074074074
0 0.9240364583333334 0.3410185185185185 0.025677083333333333 0.11462962962962962
0 0.556015625 0.33699074074074076 0.02276041666666667 0.1149074074074074
0 0.9580208333333332 0.3436574074074074 0.019895833333333335 0.10787037037037037
0 0.6044270833333333 0.3809722222222222 0.06458333333333334 0.3675
0 0.8884114583333333 0.34162037037037035 0.018281250000000002 0.09064814814814816
0 0.33578125 0.3328240740740741 0.036875 0.1937962962962963
0 0.6702343749999999 0.3374074074074074 0.016510416666666666 0.0938888888888889
0 0.6588802083333333 0.33625000000000005 0.014427083333333333 0.08861111111111111
0 0.7166145833333334 0.3306944444444444 0.012708333333333332 0.05268518518518518
0 0.91015625 0.34208333333333335 0.017395833333333333 0.09787037037037037
0 0.7039843749999999 0.32902777777777775 0.016197916666666666 0.0725
