0 0.49171875000000004 0.40023148148148147 0.035520833333333335 0.1587962962962963
0 0.395703125 0.3829166666666667 0.02328125 0.12583333333333332
0 0.5675520833333334 0.3883796296296297 0.035729166666666666 0.18027777777777776
0 0.88640625 0.5676388888888888 0.10708333333333334 0.570462962962963
0 0.3562760416666667 0.3723148148148148 0.021822916666666668 0.04722222222222222
0 0.14325520833333333 0.4023148148148148 0.02744791666666667 0.12092592592592592
0 0.435234375 0.3798148148148149 0.026822916666666665 0.12666666666666668
0 0.23854166666666668 0.3846296296296296 0.0215625 0.11092592592592593
0 0.3017708333333333 0.38981481481481484 0.03760416666666667 0.14648148148148146
0 0.8039322916666667 0.39046296296296296 0.03171875 0.15
0 0.07515625000000001 0.39532407407407405 0.021770833333333333 0.09953703703703703
0 0.04697916666666667 0.3743518518518518 0.012916666666666667 0.06925925925925926
0 0.454375 0.3689351851851852 0.021145833333333332 0.10583333333333333
0 0.058776041666666674 0.38152777777777774 0.012447916666666666 0.07157407407407407
0 0.9711458333333334 0.5546296296296296 0.05875 0.6103703703703705
0 0.21325520833333333 0.382037037037037 0.013177083333333334 0.07444444444444445
0 0.25328125 0.37416666666666665 0.013125 0.07759259259259259
