0 0.5015625 0.4991666666666667 0.04666666666666666 0.10481481481481482
0 0.22630208333333332 0.48037037037037034 0.0325 0.09777777777777777
0 0.33570312500000005 0.6035185185185185 0.07953125 0.3968518518518519
0 0.6407552083333333 0.4603703703703704 0.02109375 0.0962962962962963
0 0.57640625 0.5022685185185185 0.02 0.10472222222222222
0 0.44958333333333333 0.5390740740740741 0.04645833333333334 0.24833333333333332
0 0.5322135416666667 0.45810185185185187 0.019947916666666666 0.0936111111111111
0 0.395078125 0.5543055555555555 0.06380208333333333 0.304537037037037
0 0.20533854166666668 0.46129629629629626 0.022447916666666668 0.09907407407407408
0 0.2616145833333333 0.48143518518518524 0.021979166666666668 0.09972222222222223
0 0.5582812500000001 0.4984259259259259 0.020729166666666667 0.10055555555555555
0 0.2838541666666667 0.45583333333333337 0.013854166666666667 0.06703703703703705
0 0.2757552083333333 0.4625925925925926 0.016302083333333335 0.06870370370370371
0 0.58734375 0.46199074074074076 0.019583333333333335 0.08805555555555555
