0 0.4223697916666667 0.3320370370370371 0.04682291666666667 0.2037037037037037
0 0.6191927083333334 0.3226851851851852 0.03505208333333333 0.14592592592592593
0 0.897578125 0.5493981481481481 0.13630208333333332 0.7239814814814814
0 0.5005729166666667 0.3151851851851852 0.02822916666666667 0.12814814814814815
0 0.5690885416666666 0.3100462962962963 0.026614583333333334 0.1436111111111111
0 0.027473958333333333 0.3063425925925926 0.018177083333333333 0.09175925925925925
0 0.11546875 0.3461574074074074 0.054375 0.22675925925925927
0 0.46544270833333334 0.31203703703703706 0.03057291666666667 0.14166666666666666
0 0.29364583333333333 0.31171296296296297 0.0259375 0.11361111111111111
0 0.6427343750000001 0.3002314814814815 0.01942708333333333 0.11157407407407408
0 0.06130208333333333 0.32666666666666666 0.029895833333333333 0.1401851851851852
0 0.5302083333333333 0.28629629629629627 0.011875 0.05092592592592592
0 0.39763020833333335 0.29018518518518516 0.01296875 0.060555555555555564
0 0.35328125000000005 0.2949537037037037 0.011666666666666665 0.06527777777777778
0 0.3773697916666667 0.28912037037037036 0.011927083333333333 0.05805555555555556
0 0.3655208333333333 0.2931944444444444 0.019166666666666665 0.06657407407407408
0 0.5171614583333334 0.2948611111111111 0.020572916666666666 0.08416666666666667
