0 0.40421874999999996 0.4461111111111111 0.024791666666666667 0.11351851851851852
0 0.48484374999999996 0.47375 0.03833333333333333 0.1612037037037037
0 0.6486458333333334 0.45592592592592596 0.0228125 0.11074074074074074
0 0.2597395833333333 0.4519444444444445 0.02625 0.11537037037037036
0 0.77875 0.5976851851851852 0.0934375 0.5612962962962963
0 0.4421875 0.44300925925925927 0.022500000000000003 0.10953703703703703
0 0.37729166666666664 0.44990740740740737 0.022395833333333334 0.10351851851851851
0 0.3263802083333333 0.4321759259259259 0.015677083333333335 0.06768518518518518
0 0.018411458333333335 0.497037037037037 0.03515625 0.2001851851851852
0 0.2827864583333334 0.4401388888888889 0.018697916666666665 0.08935185185185185
0 0.04203125 0.48300925925925925 0.043229166666666666 0.1826851851851852
0 0.064375 0.46976851851851853 0.02875 0.13527777777777777
