0 0.434375 0.5750462962962963 0.030312500000000003 0.11564814814814815
0 0.3990104166666667 0.5771759259259259 0.02364583333333333 0.1087962962962963
0 0.7860156249999999 0.649074074074074 0.04119791666666666 0.19055555555555556
0 0.6991145833333333 0.7013425925925927 0.0471875 0.1886111111111111
0 0.11 0.8371296296296297 0.05395833333333333 0.3261111111111111
0 0.7340885416666667 0.6671296296296296 0.053385416666666664 0.17518518518518517
0 0.5259895833333333 0.5744907407407407 0.025729166666666668 0.12157407407407408
0 0.4845833333333333 0.590462962962963 0.021458333333333336 0.13240740740740742
0 0.36695312500000005 0.5011574074074074 0.014531249999999999 0.05768518518518518
0 0.39666666666666667 0.5105555555555555 0.014479166666666666 0.05925925925925926
0 0.5064583333333333 0.5857407407407408 0.018333333333333333 0.12203703703703704
0 0.45567708333333334 0.5728703703703703 0.015416666666666667 0.08685185185185185
0 0.26502604166666666 0.9417592592592593 0.03651041666666666 0.11833333333333333
