0 0.501328125 0.4988888888888888 0.05171875 0.10333333333333333
0 0.44937499999999997 0.4735648148148148 0.02802083333333333 0.07157407407407407
0 0.27869791666666666 0.5555092592592593 0.06010416666666667 0.28953703703703704
0 0.7879947916666666 0.45666666666666667 0.029947916666666668 0.11981481481481482
0 0.20648437500000003 0.46212962962962967 0.02276041666666667 0.09814814814814815
0 0.3469010416666667 0.5371296296296295 0.04682291666666667 0.25685185185185183
0 0.6656770833333334 0.4608333333333333 0.018125 0.0961111111111111
0 0.5352343749999999 0.4628240740740741 0.021718750000000002 0.10657407407407407
0 0.22940104166666667 0.4646296296296296 0.023072916666666665 0.08148148148148149
0 0.5595833333333332 0.5000925925925926 0.019895833333333335 0.10425925925925926
0 0.5826041666666666 0.45439814814814816 0.021354166666666667 0.1012037037037037
0 0.42950520833333333 0.46847222222222223 0.029427083333333333 0.05675925925925926
0 0.5774218750000001 0.4981944444444444 0.016927083333333332 0.11083333333333334
0 0.9534635416666666 0.5886111111111112 0.09411458333333332 0.4388888888888889
0 0.31390625 0.48435185185185187 0.021875 0.12685185185185185
0 0.3754687500000001 0.5319907407407407 0.026770833333333334 0.17175925925925925
