0 0.7457291666666667 0.5764814814814815 0.026770833333333334 0.13629629629629628
0 0.062734375 0.5959722222222222 0.015364583333333333 0.08361111111111111
0 0.5420312500000001 0.5186111111111111 0.0159375 0.06833333333333333
0 0.4476302083333333 0.5032870370370371 0.010572916666666666 0.048796296296296296
0 0.20398437500000002 0.5121296296296296 0.009427083333333334 0.03537037037037037
0 0.6164843750000001 0.5230092592592592 0.013697916666666667 0.07824074074074074
0 0.47622395833333336 0.5141666666666667 0.01140625 0.053518518518518514
0 0.6077083333333333 0.5254629629629629 0.013854166666666667 0.07833333333333332
0 0.5879947916666667 0.5253240740740741 0.014114583333333335 0.07083333333333333
0 0.006223958333333333 0.5903240740740741 0.010052083333333333 0.08824074074074074
