0 0.49341145833333333 0.37949074074074074 0.02890625 0.1426851851851852
0 0.442578125 0.38050925925925927 0.031510416666666666 0.1575
0 0.6146614583333334 0.3793055555555555 0.03171875 0.1376851851851852
0 0.15828124999999998 0.5015740740740741 0.144375 0.5188888888888888
0 0.351953125 0.36962962962962964 0.021510416666666664 0.09703703703703703
0 0.6894791666666666 0.4013425925925926 0.0459375 0.27398148148148144
0 0.5305468750000001 0.3545833333333333 0.015572916666666665 0.06324074074074074
0 0.38731770833333334 0.3562037037037037 0.013177083333333334 0.05962962962962964
0 0.33450520833333336 0.35773148148148143 0.016510416666666666 0.06416666666666666
0 0.5533854166666666 0.34726851851851853 0.011041666666666667 0.04064814814814815
0 0.5455989583333333 0.3485185185185185 0.011197916666666667 0.04574074074074074
0 0.37786458333333334 0.35782407407407407 0.013229166666666665 0.06046296296296296
0 0.59640625 0.3569907407407408 0.019479166666666665 0.07675925925925926
0 0.5380989583333334 0.35203703703703704 0.013177083333333334 0.05592592592592593
