0 0.17622395833333335 0.5472685185185184 0.012239583333333333 0.06138888888888889
0 0.7470572916666666 0.5580092592592593 0.023697916666666666 0.11416666666666667
0 0.652890625 0.5161111111111112 0.015156250000000001 0.06703703703703705
0 0.46945312499999997 0.490787037037037 0.010989583333333334 0.045648148148148146
0 0.564765625 0.5090277777777777 0.01296875 0.05805555555555556
0 0.12403645833333334 0.5416666666666666 0.01421875 0.06999999999999999
0 0.5090104166666667 0.5077777777777778 0.011666666666666665 0.05703703703703704
0 0.14369791666666668 0.5339814814814814 0.012604166666666666 0.0674074074074074
0 0.5991145833333335 0.5031481481481481 0.010833333333333334 0.05851851851851852
0 0.13484374999999998 0.5371296296296296 0.012708333333333332 0.06648148148148147
0 0.58515625 0.5055555555555555 0.011875 0.05388888888888889
0 0.496484375 0.5033333333333333 0.010885416666666667 0.051666666666666666
0 0.5777083333333334 0.5041666666666667 0.012395833333333333 0.054259259259259264
0 0.284765625 0.49527777777777776 0.00671875 0.034999999999999996
0 0.5419791666666666 0.5058796296296296 0.011458333333333333 0.051759259259259255
0 0.28940104166666664 0.4956481481481481 0.00703125 0.032962962962962965
0 0.4796875 0.4921759259259259 0.011354166666666667 0.04601851851851852
0 0.6389583333333333 0.515787037037037 0.012187499999999999 0.05842592592592593
0 0.60875 0.5076851851851851 0.010729166666666668 0.056296296296296296
0 0.2773697916666667 0.49370370370370364 0.0066145833333333326 0.037592592592592594
0 0.5532291666666667 0.508611111111111 0.021770833333333333 0.05648148148148148
