0 0.27565104166666665 0.4718981481481482 0.018281250000000002 0.10194444444444443
0 0.37041666666666667 0.5046296296296297 0.033854166666666664 0.17592592592592593
0 0.9092708333333334 0.5447685185185185 0.09229166666666666 0.3187962962962963
0 0.46315104166666665 0.6268518518518519 0.06869791666666666 0.44592592592592595
0 0.53828125 0.6772222222222222 0.0871875 0.5948148148148148
0 0.7418489583333334 0.5911574074074074 0.07598958333333333 0.36972222222222223
0 0.2184114583333333 0.48277777777777775 0.022864583333333334 0.10462962962962963
0 0.20466145833333332 0.46379629629629626 0.02359375 0.10037037037037037
0 0.24888020833333335 0.4751388888888889 0.01640625 0.09805555555555556
0 0.31015625 0.45439814814814816 0.012395833333333333 0.05805555555555556
0 0.34703125 0.46194444444444444 0.013645833333333333 0.05814814814814814
0 0.2975260416666667 0.45587962962962963 0.012343749999999999 0.05564814814814815
0 0.32940104166666667 0.45375 0.012447916666666666 0.055092592592592596
0 0.413984375 0.4534722222222222 0.013385416666666667 0.07101851851851852
0 0.6909114583333335 0.4613425925925926 0.02255208333333333 0.0937962962962963
