0 0.652421875 0.08328703703703703 0.03244791666666667 0.11046296296296296
0 0.7894270833333333 0.06657407407407408 0.030625 0.1312962962962963
0 0.37828124999999996 0.24393518518518517 0.04041666666666666 0.1063888888888889
0 0.42210937499999995 0.21472222222222223 0.03140625 0.1622222222222222
0 0.21820312500000003 0.2759259259259259 0.032656250000000005 0.175
0 0.16440104166666666 0.19518518518518518 0.028593749999999998 0.15833333333333333
0 0.5312239583333334 0.05162037037037037 0.028489583333333336 0.1012037037037037
0 0.10721354166666666 0.3774074074074074 0.03505208333333333 0.17833333333333332
0 0.8994270833333332 0.3701388888888889 0.03833333333333333 0.18453703703703705
0 0.9157031250000001 0.5203703703703704 0.04317708333333334 0.19370370370370368
0 0.8788802083333334 0.08171296296296296 0.027760416666666666 0.15212962962962964
0 0.257265625 0.18967592592592591 0.03380208333333334 0.16916666666666666
0 0.9415885416666666 0.2877777777777778 0.037760416666666664 0.16148148148148148
0 0.4722395833333333 0.054351851851851846 0.0275 0.10537037037037036
0 0.2865625 0.17796296296296296 0.0325 0.16592592592592592
0 0.43869791666666663 0.6754629629629629 0.040625 0.23462962962962963
0 0.8484635416666666 0.07805555555555556 0.029114583333333333 0.15425925925925926
0 0.8439843749999999 0.6597222222222222 0.03578125 0.22574074074074074
0 0.12958333333333333 0.20175925925925925 0.0325 0.1496296296296296
0 0.15786458333333334 0.8882407407407408 0.041666666666666664 0.2253703703703704
0 0.4983333333333333 0.051666666666666666 0.0296875 0.10148148148148148
0 0.22395833333333334 0.11375 0.0259375 0.14657407407407408
0 0.5377604166666666 0.8110185185185186 0.06531250000000001 0.2383333333333333
0 0.25200520833333334 0.07810185185185185 0.03588541666666667 0.15435185185185185
0 0.126328125 0.8712037037037038 0.05151041666666667 0.257962962962963
0 0.9882031250000001 0.3055555555555556 0.024635416666666667 0.19240740740740742
0 0.2025 0.19162037037037036 0.024166666666666666 0.1487962962962963
