0 0.652265625 0.08277777777777778 0.032135416666666666 0.10851851851851853
0 0.7891927083333333 0.13347222222222221 0.02890625 0.1387962962962963
0 0.3783333333333333 0.24472222222222223 0.04125 0.10740740740740741
0 0.23536458333333332 0.4136574074074074 0.043958333333333335 0.21324074074074076
0 0.38161458333333337 0.07430555555555556 0.029270833333333336 0.14675925925925926
0 0.19997395833333334 0.1815277777777778 0.028802083333333332 0.1650925925925926
0 0.7366145833333333 0.6381481481481481 0.05447916666666666 0.22648148148148148
0 0.6723177083333333 0.24023148148148146 0.03234375 0.15546296296296297
0 0.27666666666666667 0.2749074074074074 0.04135416666666667 0.17944444444444446
0 0.9169791666666668 0.5199537037037036 0.0403125 0.1965740740740741
0 0.02359375 0.789074074074074 0.03625 0.21000000000000002
0 0.08541666666666667 0.41810185185185184 0.02875 0.17972222222222223
0 0.5332552083333334 0.25819444444444445 0.03671875 0.17027777777777778
0 0.42721354166666664 0.2606944444444444 0.04244791666666667 0.1673148148148148
0 0.07596354166666668 0.6233796296296297 0.04421875 0.23472222222222222
0 0.7673958333333333 0.2768055555555555 0.04041666666666666 0.1825
0 0.12359374999999999 0.19675925925925927 0.026770833333333334 0.15203703703703703
0 0.16437500000000002 0.19652777777777777 0.02666666666666667 0.15546296296296297
0 0.7073697916666667 0.26564814814814813 0.021510416666666664 0.15
0 0.2928645833333334 0.13722222222222222 0.025104166666666667 0.15685185185185185
0 0.47661458333333334 0.25310185185185186 0.029166666666666667 0.15564814814814815
0 0.260078125 0.1812037037037037 0.032864583333333336 0.15
0 0.21276041666666667 0.10435185185185185 0.026875 0.15166666666666667
0 0.24010416666666667 0.09768518518518518 0.026875 0.14851851851851852
0 0.22776041666666666 0.92 0.05364583333333333 0.16185185185185186
0 0.147734375 0.1673611111111111 0.028385416666666666 0.16175925925925924
0 0.454296875 0.23837962962962966 0.029635416666666668 0.16694444444444445
