0 0.6524479166666667 0.0826851851851852 0.03260416666666667 0.10962962962962963
0 0.37859375 0.2434722222222222 0.040937499999999995 0.10564814814814814
0 0.434375 0.2099537037037037 0.041041666666666664 0.1612037037037037
0 0.9168749999999999 0.5182407407407407 0.04125 0.19777777777777777
0 0.8474739583333334 0.6574537037037038 0.05234375 0.2173148148148148
0 0.306640625 0.18810185185185183 0.030677083333333334 0.16212962962962962
0 0.572578125 0.054120370370370374 0.031197916666666665 0.1063888888888889
0 0.7816666666666666 0.12810185185185188 0.03145833333333333 0.14287037037037037
0 0.17330729166666667 0.24018518518518517 0.038177083333333334 0.18314814814814817
0 0.159609375 0.662962962962963 0.04286458333333333 0.22666666666666668
0 0.40651041666666665 0.14138888888888887 0.02875 0.14944444444444446
0 0.8776041666666666 0.09972222222222223 0.028125 0.14814814814814814
0 0.7511458333333334 0.09981481481481481 0.028125 0.14537037037037037
0 0.20265625 0.35208333333333336 0.038125 0.16694444444444445
0 0.13872395833333334 0.19949074074074072 0.02734375 0.1537962962962963
0 0.5038541666666666 0.6026851851851852 0.036875 0.2187037037037037
0 0.24104166666666665 0.3459722222222222 0.028541666666666667 0.1836111111111111
0 0.26208333333333333 0.21106481481481482 0.0315625 0.16898148148148148
0 0.548203125 0.5820833333333333 0.038177083333333334 0.21824074074074074
0 0.14601562499999998 0.05666666666666667 0.028281249999999997 0.1112962962962963
0 0.23291666666666666 0.2076388888888889 0.0315625 0.15675925925925926
0 0.26906250000000004 0.05171296296296297 0.0240625 0.10157407407407408
