0 0.6316145833333333 0.3792592592592593 0.03114583333333333 0.13537037037037036
0 0.0134375 0.3838888888888889 0.025520833333333333 0.1061111111111111
0 0.7344270833333333 0.3827314814814815 0.04614583333333333 0.17250000000000001
0 0.426875 0.3875925925925926 0.03333333333333333 0.16685185185185183
0 0.038697916666666665 0.3812962962962963 0.024791666666666667 0.11203703703703703
0 0.5183333333333333 0.39782407407407405 0.0340625 0.10731481481481482
0 0.5433854166666666 0.4043981481481482 0.03229166666666667 0.09842592592592592
0 0.4683333333333334 0.3910648148148148 0.03302083333333333 0.15527777777777776
0 0.5752343750000001 0.3561574074074074 0.017135416666666667 0.06638888888888889
0 0.345703125 0.35847222222222225 0.014010416666666666 0.05472222222222222
0 0.5955208333333334 0.35648148148148145 0.014583333333333334 0.06018518518518518
0 0.40502604166666667 0.3598148148148148 0.01640625 0.05333333333333334
0 0.3672916666666666 0.35337962962962965 0.012291666666666668 0.047314814814814816
0 0.6060416666666666 0.3577777777777778 0.013854166666666667 0.059444444444444446
0 0.39427083333333335 0.35375 0.011770833333333335 0.04675925925925926
