0 0.768125 0.6342592592592593 0.0378125 0.1537037037037037
0 0.7304427083333334 0.6050925925925926 0.04276041666666666 0.1525925925925926
0 0.9725520833333333 0.5452314814814815 0.021875 0.1187962962962963
0 0.8415364583333333 0.6152314814814815 0.025260416666666667 0.15546296296296297
0 0.7128125 0.5199537037037036 0.023958333333333335 0.07731481481481481
0 0.11742187500000001 0.6550462962962962 0.021927083333333333 0.14101851851851852
0 0.0925 0.676111111111111 0.01864583333333333 0.1275925925925926
0 0.6956510416666667 0.487962962962963 0.011927083333333333 0.049444444444444444
0 0.10505208333333332 0.6651851851851852 0.017395833333333333 0.1325925925925926
0 0.7013802083333333 0.5001388888888889 0.012864583333333334 0.06342592592592593
