0 0.4411979166666667 0.3897222222222222 0.03354166666666667 0.17074074074074075
0 0.6428125 0.38185185185185183 0.030104166666666664 0.1325925925925926
0 0.7736458333333334 0.38962962962962966 0.050208333333333334 0.19777777777777777
0 0.5342187500000001 0.39861111111111114 0.0353125 0.11537037037037036
0 0.5584114583333333 0.405 0.03369791666666667 0.10888888888888888
0 0.47958333333333336 0.3963425925925925 0.03145833333333333 0.1539814814814815
0 0.593046875 0.3598611111111111 0.01671875 0.06601851851851852
0 0.022447916666666668 0.38847222222222216 0.0296875 0.12287037037037037
0 0.3582291666666667 0.3612037037037037 0.014791666666666667 0.05537037037037037
0 0.418125 0.3610185185185185 0.017395833333333333 0.060925925925925925
0 0.6134114583333333 0.35736111111111113 0.01598958333333333 0.06731481481481481
0 0.38062500000000005 0.3569907407407408 0.012708333333333332 0.048796296296296296
0 0.371640625 0.3576388888888889 0.01265625 0.04842592592592592
0 0.6236458333333332 0.36513888888888885 0.01885416666666667 0.08231481481481483
