0 0.6523697916666668 0.08296296296296296 0.03140625 0.10981481481481481
0 0.3784635416666667 0.24351851851851852 0.04140625 0.10518518518518517
0 0.2642447916666667 0.2687962962962963 0.03494791666666666 0.17685185185185184
0 0.43312500000000004 0.20930555555555558 0.03916666666666667 0.1587962962962963
0 0.1843229166666667 0.7649074074074075 0.04614583333333333 0.24537037037037038
0 0.758984375 0.0674074074074074 0.025260416666666667 0.13296296296296295
0 0.59453125 0.10282407407407407 0.03270833333333333 0.14787037037037035
0 0.8472395833333334 0.6551851851851852 0.05385416666666667 0.21685185185185185
0 0.9168489583333334 0.5188425925925926 0.04026041666666667 0.19972222222222222
0 0.3053385416666667 0.18703703703703703 0.03046875 0.1622222222222222
0 0.21330729166666665 0.2602777777777778 0.02984375 0.16407407407407407
0 0.7870572916666667 0.1676851851851852 0.031510416666666666 0.14166666666666666
0 0.4713541666666667 0.5054629629629629 0.034270833333333334 0.20592592592592593
0 0.908046875 0.16152777777777777 0.027760416666666666 0.16194444444444445
0 0.7058854166666667 0.9073611111111111 0.0509375 0.18712962962962962
0 0.8460677083333333 0.13199074074074074 0.027864583333333335 0.1487962962962963
0 0.17518229166666666 0.2425462962962963 0.03609375 0.1837962962962963
0 0.231328125 0.41703703703703704 0.030677083333333334 0.19203703703703703
0 0.40643229166666667 0.14189814814814813 0.028593749999999998 0.14787037037037035
0 0.9342708333333333 0.7412037037037037 0.051145833333333335 0.22148148148148147
0 0.19278645833333333 0.4156944444444445 0.04338541666666666 0.17527777777777778
0 0.2576822916666667 0.07837962962962962 0.025572916666666667 0.1376851851851852
0 0.14075520833333333 0.2010185185185185 0.030052083333333333 0.15296296296296294
0 0.521171875 0.4893055555555556 0.03442708333333333 0.2100925925925926
0 0.7974739583333332 0.06546296296296296 0.029739583333333333 0.12425925925925925
0 0.17494791666666665 0.06277777777777778 0.024895833333333332 0.12314814814814815
0 0.14645833333333333 0.056157407407407406 0.02802083333333333 0.10972222222222222
0 0.23414062500000002 0.1401851851851852 0.027864583333333335 0.16
