0 0.44924479166666664 0.4731944444444444 0.027760416666666666 0.0725
0 0.6152083333333334 0.6593518518518517 0.11083333333333334 0.5646296296296296
0 0.2802604166666667 0.5529166666666666 0.08427083333333334 0.3465740740740741
0 0.42924479166666674 0.46921296296296294 0.029114583333333333 0.05768518518518518
0 0.5302083333333333 0.6329166666666666 0.07239583333333334 0.4750925925925926
0 0.22557291666666665 0.4853240740740741 0.023125 0.09805555555555556
0 0.33369791666666665 0.4572685185185185 0.015520833333333334 0.0700925925925926
0 0.1140625 0.5859259259259259 0.07697916666666667 0.34629629629629627
0 0.17247395833333332 0.5524074074074075 0.09317708333333334 0.2903703703703704
0 0.2084895833333333 0.4834722222222222 0.0228125 0.11175925925925927
0 0.82171875 0.45893518518518517 0.02364583333333333 0.1012037037037037
0 0.46856770833333333 0.4490277777777778 0.013072916666666667 0.04972222222222222
