0 0.8909374999999999 0.5805092592592593 0.026145833333333333 0.10990740740740741
0 0.04421875 0.6033796296296297 0.0253125 0.1260185185185185
0 0.8114322916666666 0.5663425925925926 0.024947916666666667 0.10935185185185185
0 0.5160677083333333 0.4890277777777778 0.01046875 0.042499999999999996
0 0.7190885416666667 0.5192592592592593 0.013697916666666667 0.065
0 0.24791666666666667 0.5314351851851852 0.011979166666666667 0.061759259259259264
0 0.19924479166666664 0.5204166666666667 0.013177083333333334 0.06564814814814815
0 0.5576041666666666 0.5093055555555556 0.012083333333333333 0.05305555555555555
0 0.6126041666666667 0.5112962962962964 0.012395833333333333 0.05666666666666667
0 0.6984375 0.5192129629629629 0.0134375 0.05898148148148148
0 0.5514843749999999 0.5082407407407408 0.01078125 0.05203703703703704
0 0.21247395833333332 0.5167129629629629 0.012447916666666666 0.06231481481481481
0 0.625078125 0.5104166666666666 0.012447916666666666 0.05564814814814815
0 0.23567708333333334 0.5254629629629629 0.0125 0.06018518518518518
0 0.22429687499999998 0.5174074074074073 0.023072916666666665 0.0662962962962963
0 0.6441927083333334 0.5185648148148149 0.010885416666666667 0.05805555555555556
0 0.581875 0.5055092592592592 0.010208333333333335 0.048240740740740744
0 0.5288020833333333 0.4933333333333333 0.010416666666666666 0.04333333333333333
0 0.6902864583333334 0.5199074074074074 0.011927083333333333 0.05537037037037037
