0 0.6522135416666667 0.08370370370370371 0.032552083333333336 0.11018518518518519
0 0.37828125 0.24351851851851852 0.04083333333333334 0.10555555555555556
0 0.24354166666666666 0.6524537037037037 0.05458333333333333 0.23342592592592593
0 0.9152604166666667 0.13782407407407407 0.0296875 0.1486111111111111
0 0.8453125 0.061064814814814815 0.029062499999999998 0.1187962962962963
0 0.7688541666666667 0.059861111111111115 0.029895833333333333 0.11750000000000001
0 0.9163281249999999 0.5220370370370371 0.04140625 0.1985185185185185
0 0.07013020833333333 0.41194444444444445 0.02734375 0.1748148148148148
0 0.25213541666666667 0.18833333333333332 0.0378125 0.18037037037037038
0 0.163125 0.20157407407407407 0.02802083333333333 0.16037037037037036
0 0.5203125 0.45925925925925926 0.034791666666666665 0.18185185185185185
0 0.971484375 0.5579166666666666 0.03567708333333333 0.19027777777777777
0 0.4303645833333334 0.21828703703703703 0.031875 0.16435185185185186
0 0.20401041666666667 0.18069444444444446 0.029583333333333333 0.16601851851851854
0 0.5254427083333334 0.14351851851851852 0.03348958333333333 0.16592592592592592
0 0.4878385416666667 0.5203240740740741 0.03515625 0.19694444444444442
0 0.2821354166666667 0.17046296296296296 0.0215625 0.1575925925925926
0 0.5001041666666667 0.09824074074074074 0.03302083333333333 0.15462962962962962
0 0.12447916666666667 0.2060648148148148 0.029166666666666667 0.15175925925925926
0 0.5543489583333334 0.14180555555555557 0.02755208333333333 0.15231481481481482
0 0.13627604166666665 0.4072222222222222 0.030260416666666668 0.17185185185185184
0 0.2803645833333333 0.5609259259259259 0.035 0.2061111111111111
0 0.82484375 0.6816203703703704 0.043541666666666666 0.22805555555555557
0 0.4604947916666667 0.5172685185185185 0.04401041666666667 0.20694444444444443
0 0.241796875 0.43365740740740744 0.04505208333333333 0.19972222222222222
0 0.3882552083333333 0.16708333333333333 0.028802083333333332 0.1549074074074074
0 0.4134895833333333 0.1626388888888889 0.021249999999999998 0.14675925925925926
0 0.23338541666666665 0.1250462962962963 0.029375 0.15712962962962962
0 0.5104427083333333 0.9263888888888889 0.037031249999999995 0.14907407407407408
0 0.4544270833333333 0.04189814814814815 0.02375 0.0762037037037037
