0 0.5012239583333333 0.49953703703703706 0.05119791666666666 0.10351851851851851
0 0.4493489583333333 0.47342592592592586 0.02765625 0.07203703703703704
0 0.205859375 0.46152777777777776 0.023177083333333334 0.0975
0 0.6654166666666667 0.46032407407407405 0.019791666666666666 0.09527777777777778
0 0.24890625000000002 0.4816666666666667 0.023020833333333334 0.09703703703703703
0 0.5765885416666666 0.5015740740740741 0.018593750000000003 0.10814814814814815
0 0.3166145833333333 0.5756018518518519 0.0628125 0.3258333333333333
0 0.40903645833333335 0.5291203703703704 0.04182291666666667 0.21712962962962962
0 0.5340104166666666 0.46009259259259255 0.021354166666666667 0.10037037037037037
0 0.5586458333333333 0.4975462962962963 0.021354166666666667 0.10435185185185185
0 0.3607552083333333 0.5501851851851852 0.05130208333333333 0.27999999999999997
0 0.27505208333333336 0.4790277777777778 0.016145833333333335 0.09435185185185185
