0 0.5010677083333334 0.4997685185185185 0.04953125 0.10361111111111111
0 0.4491145833333334 0.4736111111111111 0.02822916666666667 0.07296296296296297
0 0.9156510416666667 0.5855092592592592 0.12807291666666668 0.43194444444444446
0 0.7738802083333334 0.45699074074074075 0.03348958333333333 0.12175925925925926
0 0.206484375 0.4624537037037037 0.02234375 0.09824074074074074
0 0.6643489583333334 0.4614351851851852 0.018385416666666664 0.09416666666666666
0 0.2802604166666667 0.5525 0.059479166666666666 0.28296296296296297
0 0.34096354166666665 0.537962962962963 0.04703125 0.25666666666666665
0 0.22869791666666667 0.4635648148148149 0.021875 0.08064814814814815
0 0.53703125 0.4627777777777778 0.022395833333333334 0.10962962962962963
0 0.4291927083333334 0.46893518518518523 0.029531250000000002 0.05805555555555556
0 0.5768229166666666 0.5013888888888889 0.017395833333333333 0.10814814814814815
0 0.5591145833333333 0.5 0.02041666666666667 0.1012962962962963
0 0.582265625 0.45787037037037037 0.02109375 0.10333333333333333
