0 0.6521875 0.08268518518518518 0.0321875 0.10907407407407407
0 0.6194010416666667 0.21810185185185185 0.031302083333333335 0.1597222222222222
0 0.20026041666666666 0.18027777777777776 0.028958333333333332 0.16574074074074074
0 0.38132812499999996 0.07421296296296297 0.029010416666666667 0.14657407407407408
0 0.7892447916666667 0.1325 0.029114583333333333 0.1385185185185185
0 0.22901041666666666 0.8778703703703704 0.052083333333333336 0.2461111111111111
0 0.12234375 0.19546296296296295 0.02645833333333333 0.15185185185185185
0 0.06958333333333333 0.4127777777777778 0.025208333333333333 0.17092592592592593
0 0.9166927083333333 0.5205555555555555 0.040052083333333335 0.19537037037037036
0 0.7347916666666666 0.6381481481481482 0.05479166666666667 0.22685185185185186
0 0.5082552083333334 0.27800925925925923 0.03796875 0.1775
0 0.16630208333333332 0.1966203703703704 0.029583333333333333 0.15861111111111112
0 0.2422395833333333 0.3760648148148148 0.04052083333333333 0.20824074074074075
0 0.2840885416666667 0.3060185185185185 0.03796875 0.18481481481481482
0 0.04348958333333333 0.7327777777777779 0.042291666666666665 0.2012962962962963
0 0.6673697916666667 0.2511574074074074 0.02328125 0.15953703703703706
0 0.075546875 0.622962962962963 0.04411458333333333 0.23370370370370372
0 0.29260416666666667 0.13819444444444445 0.025416666666666664 0.15546296296296297
0 0.43440104166666665 0.26851851851851855 0.03203125 0.17555555555555555
0 0.7349218750000001 0.2596296296296296 0.03296875 0.18074074074074073
0 0.45580729166666667 0.2814814814814815 0.028177083333333335 0.15296296296296294
0 0.24375 0.0737037037037037 0.027291666666666665 0.14129629629629628
0 0.37916666666666665 0.24583333333333332 0.028541666666666667 0.1496296296296296
0 0.20851562499999998 0.08050925925925927 0.025989583333333333 0.14750000000000002
0 0.26484375 0.2172685185185185 0.030520833333333334 0.14916666666666667
0 0.26703124999999994 0.1111111111111111 0.030520833333333334 0.15018518518518517
0 0.754296875 0.254212962962963 0.024010416666666666 0.1612037037037037
0 0.15104166666666666 0.16402777777777777 0.03166666666666666 0.1600925925925926
0 0.6146614583333334 0.9318518518518518 0.04057291666666667 0.13814814814814813
