0 0.6523177083333334 0.0836574074074074 0.03244791666666667 0.11083333333333334
0 0.378359375 0.2438425925925926 0.040989583333333336 0.10601851851851851
0 0.7905208333333333 0.07143518518518518 0.030833333333333334 0.13546296296296298
0 0.2955729166666667 0.18550925925925926 0.03177083333333333 0.16064814814814815
0 0.8397135416666667 0.06888888888888889 0.028593749999999998 0.1312962962962963
0 0.4276302083333333 0.21643518518518517 0.03401041666666667 0.1625
0 0.213515625 0.2961111111111111 0.03338541666666666 0.17962962962962964
0 0.8876302083333333 0.3466666666666666 0.04182291666666667 0.185
0 0.9172656250000001 0.51875 0.04234375 0.1960185185185185
0 0.11919270833333333 0.36254629629629626 0.03515625 0.1789814814814815
0 0.8779947916666667 0.06986111111111111 0.028177083333333335 0.13712962962962963
0 0.4683333333333333 0.05157407407407408 0.027916666666666666 0.1012962962962963
0 0.9603125 0.30203703703703705 0.03697916666666667 0.16962962962962963
0 0.41453124999999996 0.6673148148148148 0.04666666666666666 0.23740740740740737
0 0.16398437500000002 0.1924537037037037 0.02713541666666667 0.16027777777777777
0 0.233359375 0.20472222222222225 0.02703125 0.1438888888888889
0 0.5270833333333333 0.04597222222222222 0.027291666666666665 0.08675925925925926
0 0.12914062499999998 0.2000462962962963 0.029531250000000002 0.14824074074074073
0 0.8500520833333333 0.6566203703703704 0.03697916666666667 0.22138888888888889
0 0.08684895833333334 0.34375 0.02723958333333333 0.1965740740740741
0 0.40489583333333334 0.1461111111111111 0.025104166666666667 0.1451851851851852
0 0.2008333333333333 0.1798611111111111 0.02802083333333333 0.15787037037037038
0 0.25713541666666667 0.16745370370370372 0.03354166666666667 0.17212962962962963
0 0.14799479166666668 0.9147222222222222 0.04307291666666667 0.1724074074074074
0 0.5588020833333333 0.8434722222222222 0.060520833333333336 0.2363888888888889
0 0.22854166666666667 0.12569444444444444 0.026041666666666668 0.17046296296296296
0 0.5938281249999999 0.8504166666666666 0.044843749999999995 0.2262037037037037
0 0.498828125 0.04555555555555555 0.029114583333333333 0.08666666666666666
0 0.5538020833333334 0.9414351851851852 0.03927083333333334 0.11898148148148148
