0 0.40822916666666664 0.6493981481481482 0.08697916666666666 0.5287962962962963
0 0.3226822916666666 0.49796296296296294 0.029322916666666664 0.15648148148148147
0 0.5730729166666666 0.566574074074074 0.08541666666666667 0.2998148148148148
0 0.2766927083333333 0.47226851851851853 0.017552083333333336 0.10194444444444443
0 0.48669270833333333 0.5755092592592592 0.07317708333333334 0.3539814814814815
0 0.6328906249999999 0.4623148148148148 0.01963541666666667 0.08962962962962963
0 0.22570312499999998 0.4827314814814815 0.026197916666666664 0.1000925925925926
0 0.20479166666666665 0.4622222222222222 0.0234375 0.09685185185185184
0 0.241796875 0.4818055555555556 0.022239583333333333 0.0987962962962963
0 0.3491406249999999 0.4630092592592593 0.013072916666666667 0.0675
0 0.29559895833333333 0.4521759259259259 0.012552083333333333 0.05842592592592593
0 0.3151041666666667 0.40754629629629635 0.010520833333333333 0.0362037037037037
0 0.288359375 0.45921296296296293 0.01578125 0.08287037037037037
0 0.30572916666666666 0.41689814814814813 0.01 0.03490740740740741
