0 0.6522395833333333 0.0837962962962963 0.03239583333333333 0.11074074074074074
0 0.378203125 0.2437037037037037 0.04078125 0.1061111111111111
0 0.7919010416666666 0.07027777777777779 0.03046875 0.13277777777777777
0 0.8880729166666667 0.35916666666666663 0.04614583333333333 0.19055555555555556
0 0.215390625 0.2943518518518518 0.032864583333333336 0.1764814814814815
0 0.4265625 0.2150462962962963 0.034687499999999996 0.1613888888888889
0 0.915546875 0.51875 0.04453125 0.19398148148148148
0 0.4227604166666667 0.6704629629629629 0.051770833333333335 0.23740740740740737
0 0.9525781249999999 0.30009259259259263 0.03682291666666667 0.16907407407407407
0 0.469140625 0.05134259259259259 0.028072916666666666 0.10083333333333334
0 0.292890625 0.1835185185185185 0.031614583333333335 0.1637037037037037
0 0.5279947916666666 0.047731481481481486 0.026510416666666665 0.0913888888888889
0 0.16411458333333334 0.19337962962962962 0.026875 0.16212962962962962
0 0.8783593749999999 0.07379629629629629 0.028489583333333336 0.1437037037037037
0 0.11520833333333333 0.3680555555555556 0.034583333333333334 0.18037037037037038
0 0.8440364583333334 0.0725925925925926 0.028281249999999997 0.14203703703703704
0 0.129375 0.1991666666666667 0.030000000000000002 0.14851851851851852
0 0.14984375 0.9075925925925925 0.043541666666666666 0.18666666666666668
0 0.8487760416666668 0.6519444444444444 0.03505208333333333 0.22074074074074074
0 0.25479166666666664 0.17444444444444446 0.034270833333333334 0.1688888888888889
0 0.4047135416666666 0.1477314814814815 0.025052083333333332 0.14250000000000002
0 0.2013802083333333 0.1824537037037037 0.028802083333333332 0.16157407407407406
0 0.08486979166666667 0.35037037037037033 0.030052083333333333 0.20296296296296296
0 0.227578125 0.2059259259259259 0.025677083333333333 0.15148148148148147
0 0.58515625 0.8422222222222222 0.048749999999999995 0.22944444444444445
0 0.4979427083333333 0.04620370370370371 0.029322916666666664 0.09018518518518519
0 0.5512239583333333 0.8301388888888889 0.055052083333333335 0.21398148148148147
