0 0.6522395833333334 0.0824074074074074 0.03270833333333333 0.11055555555555556
0 0.3784635416666667 0.24296296296296294 0.04088541666666667 0.10537037037037036
0 0.4213802083333334 0.20430555555555557 0.02703125 0.1687962962962963
0 0.917109375 0.5185648148148148 0.039947916666666666 0.20027777777777778
0 0.3016666666666667 0.1886574074074074 0.0309375 0.16527777777777777
0 0.7891406249999999 0.09287037037037038 0.03078125 0.13685185185185186
0 0.8463802083333333 0.6560185185185186 0.05234375 0.21685185185185185
0 0.26447916666666665 0.16958333333333334 0.03125 0.16046296296296297
0 0.17192708333333334 0.5772222222222222 0.040937499999999995 0.21611111111111111
0 0.15953125 0.24592592592592594 0.030416666666666665 0.18185185185185185
0 0.405 0.13925925925925928 0.028645833333333332 0.14851851851851852
0 0.13468750000000002 0.20050925925925928 0.026770833333333334 0.15583333333333335
0 0.5911197916666667 0.6793055555555556 0.05067708333333333 0.23787037037037034
0 0.76390625 0.13657407407407407 0.025520833333333333 0.14907407407407408
0 0.18976562500000002 0.25546296296296295 0.026093750000000002 0.1635185185185185
0 0.24601562500000002 0.2971759259259259 0.027864583333333335 0.17194444444444443
0 0.22143229166666664 0.29564814814814816 0.03401041666666667 0.16833333333333333
0 0.145703125 0.05819444444444444 0.02734375 0.11398148148148148
0 0.33015625 0.6510185185185184 0.03802083333333333 0.22648148148148148
0 0.23479166666666668 0.1625462962962963 0.029479166666666667 0.1534259259259259
0 0.5546614583333334 0.6944907407407407 0.038489583333333334 0.22435185185185186
0 0.24578125 0.04421296296296296 0.02322916666666667 0.08324074074074074
