0 0.6525520833333333 0.08481481481481482 0.03260416666666667 0.11148148148148149
0 0.37817708333333333 0.24421296296296297 0.04052083333333333 0.1050925925925926
0 0.19817708333333334 0.18472222222222223 0.0284375 0.16333333333333333
0 0.9159895833333334 0.5230555555555555 0.04114583333333333 0.1938888888888889
0 0.07 0.4127314814814815 0.026979166666666665 0.1749074074074074
0 0.505859375 0.15407407407407406 0.032552083333333336 0.16407407407407407
0 0.5829166666666666 0.16157407407407406 0.0275 0.1511111111111111
0 0.882890625 0.10194444444444443 0.02984375 0.14314814814814814
0 0.16374999999999998 0.20152777777777778 0.028541666666666667 0.16175925925925924
0 0.4305729166666667 0.2187037037037037 0.03145833333333333 0.16148148148148148
0 0.2565104166666667 0.22569444444444445 0.03677083333333333 0.1865740740740741
0 0.7788020833333333 0.09537037037037037 0.030000000000000002 0.13833333333333334
0 0.22359375 0.09708333333333334 0.029375 0.1539814814814815
0 0.5465364583333333 0.17282407407407407 0.03109375 0.17120370370370372
0 0.22388020833333336 0.5174074074074073 0.04359375 0.2062962962962963
0 0.38091145833333334 0.07407407407407407 0.028072916666666666 0.1461111111111111
0 0.778828125 0.6528240740740741 0.047760416666666666 0.2225
0 0.13963541666666668 0.6543981481481481 0.0459375 0.2350925925925926
0 0.13825520833333332 0.4752314814814815 0.032864583333333336 0.18583333333333332
0 0.28208333333333335 0.1815277777777778 0.02666666666666667 0.1649074074074074
0 0.12963541666666667 0.1960648148148148 0.027916666666666666 0.15175925925925926
0 0.17463541666666668 0.8747685185185186 0.051354166666666666 0.2523148148148148
0 0.4019791666666667 0.1735648148148148 0.024583333333333336 0.15361111111111111
0 0.4475520833333333 0.45749999999999996 0.0478125 0.20222222222222222
0 0.301875 0.49370370370370364 0.035416666666666666 0.19314814814814815
0 0.25875 0.48861111111111105 0.035 0.21259259259259258
0 0.48122395833333337 0.46208333333333335 0.041093750000000005 0.1862037037037037
0 0.44893229166666665 0.17407407407407408 0.03036458333333333 0.15574074074074074
0 0.4237239583333333 0.4076851851851852 0.03390625 0.16425925925925927
0 0.5119791666666667 0.9263425925925926 0.044895833333333336 0.14916666666666667
