0 0.30140625000000004 0.41763888888888884 0.019479166666666665 0.0975
0 0.9401562499999999 0.591574074074074 0.09333333333333332 0.509074074074074
0 0.4423958333333334 0.44101851851851853 0.03510416666666667 0.15222222222222223
0 0.6645052083333333 0.4291203703703704 0.02453125 0.1162037037037037
0 0.043958333333333335 0.44050925925925927 0.030312500000000003 0.13712962962962963
0 0.3832552083333333 0.41689814814814813 0.02578125 0.11898148148148148
0 0.17489583333333333 0.41495370370370366 0.018541666666666668 0.09398148148148149
0 0.26588541666666665 0.4103703703703704 0.020833333333333332 0.049074074074074076
0 0.36361979166666664 0.41888888888888887 0.023802083333333335 0.11555555555555555
0 0.40114583333333337 0.4106944444444445 0.016145833333333335 0.10546296296296297
0 0.31997395833333336 0.4056481481481481 0.01421875 0.06240740740740741
0 0.463515625 0.41805555555555557 0.025052083333333332 0.12722222222222224
0 0.1940625 0.4237037037037037 0.020104166666666666 0.11092592592592593
0 0.287734375 0.41120370370370374 0.01932291666666667 0.06259259259259259
