0 0.61796875 0.37324074074074076 0.03260416666666667 0.14351851851851852
0 0.35653645833333336 0.40018518518518525 0.06130208333333333 0.2835185185185185
0 0.6552604166666666 0.3548148148148148 0.021354166666666667 0.11425925925925927
0 0.5691666666666667 0.3606018518518519 0.0275 0.15435185185185185
0 0.48919270833333334 0.3611574074074074 0.029427083333333333 0.13046296296296298
0 0.30375 0.3628240740740741 0.0234375 0.13287037037037036
0 0.014374999999999999 0.3615277777777778 0.025416666666666664 0.14212962962962963
0 0.4529947916666667 0.3576388888888889 0.030885416666666665 0.14435185185185187
0 0.52515625 0.3337962962962963 0.0140625 0.05611111111111111
0 0.951015625 0.6053240740740741 0.09901041666666667 0.7391666666666666
0 0.28421874999999996 0.3537037037037037 0.016458333333333335 0.09203703703703704
