0 0.3295052083333333 0.6110185185185185 0.07723958333333333 0.41388888888888886
0 0.6364843750000001 0.46 0.019947916666666666 0.095
0 0.225546875 0.480787037037037 0.032239583333333335 0.1000925925925926
0 0.4041666666666667 0.5592592592592592 0.06666666666666667 0.31444444444444447
0 0.5767708333333333 0.5008796296296296 0.0203125 0.1075
0 0.5320572916666666 0.45745370370370364 0.020052083333333335 0.09287037037037037
0 0.4552083333333333 0.5443055555555556 0.0475 0.2475
0 0.20533854166666668 0.462037037037037 0.02265625 0.09944444444444445
0 0.5580989583333333 0.4989351851851852 0.020885416666666667 0.1012037037037037
0 0.258046875 0.48064814814814816 0.021927083333333333 0.10388888888888889
0 0.595625 0.46240740740740743 0.018333333333333333 0.08259259259259259
0 0.2715625 0.46958333333333335 0.018541666666666668 0.09694444444444444
0 0.480390625 0.5236111111111111 0.04088541666666667 0.19685185185185183
