0 0.21864583333333334 0.5161574074074075 0.06375 0.23768518518518517
0 0.6819791666666667 0.5193981481481482 0.0525 0.27120370370370367
0 0.5274739583333333 0.46162037037037035 0.02421875 0.1086111111111111
0 0.7359375 0.47152777777777777 0.022500000000000003 0.1063888888888889
0 0.11026041666666668 0.5055555555555555 0.04625 0.17962962962962964
0 0.5 0.46074074074074073 0.021770833333333333 0.09851851851851852
0 0.6413802083333333 0.49212962962962964 0.039322916666666666 0.16425925925925927
0 0.04513020833333334 0.4517129629629629 0.01703125 0.07157407407407407
0 0.15705729166666668 0.5067592592592592 0.033177083333333336 0.17222222222222222
0 0.478671875 0.45166666666666666 0.018072916666666668 0.08277777777777778
0 0.3314583333333333 0.45629629629629626 0.011979166666666667 0.06833333333333333
0 0.2820572916666667 0.4482870370370371 0.010885416666666667 0.056574074074074075
0 0.28890625000000003 0.446712962962963 0.011458333333333333 0.05694444444444444
0 0.3178125 0.45180555555555557 0.011145833333333332 0.05935185185185184
0 0.27544270833333334 0.44925925925925925 0.011822916666666666 0.05592592592592593
0 0.30395833333333333 0.45087962962962963 0.012708333333333332 0.059166666666666666
0 0.34489583333333335 0.4525462962962963 0.012187499999999999 0.062129629629629625
0 0.18624999999999997 0.5014351851851852 0.042083333333333334 0.17175925925925925
