0 0.21263020833333332 0.4829166666666667 0.02723958333333333 0.10824074074074075
0 0.503515625 0.5390277777777778 0.07786458333333333 0.2684259259259259
0 0.44807291666666665 0.4735185185185185 0.026979166666666665 0.07222222222222222
0 0.39932291666666664 0.5244907407407408 0.051354166666666666 0.24231481481481482
0 0.8660416666666666 0.6796759259259259 0.1490625 0.6425
0 0.7345833333333334 0.6819444444444445 0.10052083333333334 0.5844444444444444
0 0.34153645833333335 0.4633333333333334 0.018593750000000003 0.08203703703703703
0 0.6226822916666667 0.45694444444444443 0.01953125 0.08222222222222222
0 0.306484375 0.46208333333333335 0.017343749999999998 0.07564814814814814
0 0.552421875 0.5156018518518519 0.039427083333333335 0.22398148148148148
0 0.9546875 0.6130092592592592 0.0903125 0.47768518518518516
0 0.5833593750000001 0.48490740740740745 0.02984375 0.13314814814814815
0 0.2884375 0.46268518518518525 0.01583333333333333 0.06962962962962964
0 0.24598958333333334 0.45958333333333334 0.013125 0.06805555555555555
0 0.3593489583333333 0.4597685185185185 0.014739583333333334 0.07324074074074073
0 0.43130208333333336 0.4716666666666666 0.02625 0.055
0 0.22703125000000002 0.48013888888888895 0.0253125 0.09157407407407409
