0 0.6525260416666667 0.08370370370370371 0.03244791666666667 0.10981481481481481
0 0.25078125 0.2749074074074074 0.03729166666666666 0.18296296296296297
0 0.5029166666666667 0.0712962962962963 0.030625 0.14074074074074075
0 0.37838541666666664 0.24361111111111114 0.04125 0.1061111111111111
0 0.5395052083333334 0.07648148148148148 0.027760416666666666 0.14333333333333334
0 0.20109375000000002 0.18157407407407408 0.028645833333333332 0.16944444444444445
0 0.9207812499999999 0.22921296296296298 0.030312500000000003 0.14805555555555555
0 0.9133333333333334 0.5206944444444445 0.04864583333333334 0.1925
0 0.46783854166666666 0.06449074074074075 0.029114583333333333 0.12712962962962965
0 0.9731510416666667 0.4516203703703704 0.04067708333333333 0.1923148148148148
0 0.07403645833333333 0.41101851851851856 0.02890625 0.17925925925925926
0 0.15182291666666667 0.2855555555555555 0.026354166666666668 0.16444444444444445
0 0.2863020833333333 0.14819444444444446 0.028541666666666667 0.1576851851851852
0 0.8247395833333333 0.6787500000000001 0.03979166666666667 0.22749999999999998
0 0.4301822916666666 0.22013888888888888 0.02453125 0.15935185185185186
0 0.7704427083333333 0.6084259259259259 0.04567708333333333 0.20537037037037037
0 0.15320312500000002 0.7401388888888888 0.05192708333333333 0.2434259259259259
0 0.16309895833333332 0.19574074074074072 0.028593749999999998 0.1548148148148148
0 0.8802083333333334 0.42388888888888887 0.0328125 0.17703703703703702
0 0.19700520833333332 0.7609722222222223 0.038177083333333334 0.2300925925925926
0 0.12942708333333333 0.20162037037037037 0.030833333333333334 0.1476851851851852
0 0.4398697916666666 0.6538425925925926 0.046510416666666665 0.22916666666666666
0 0.49442708333333335 0.6728240740740741 0.05645833333333334 0.22064814814814815
0 0.8998958333333333 0.13722222222222222 0.03333333333333333 0.17296296296296299
0 0.7993489583333333 0.05171296296296297 0.02921875 0.10157407407407408
0 0.406484375 0.15574074074074074 0.02734375 0.13462962962962963
0 0.531953125 0.6804166666666667 0.046302083333333334 0.21064814814814814
0 0.2290625 0.07092592592592592 0.0234375 0.1388888888888889
0 0.5570052083333333 0.9270833333333334 0.044947916666666664 0.1476851851851852
0 0.24958333333333332 0.12703703703703703 0.03885416666666666 0.17296296296296299
0 0.3848697916666666 0.16300925925925927 0.026614583333333334 0.15009259259259258
0 0.202421875 0.07953703703703704 0.02755208333333333 0.13740740740740742
