0 0.22638020833333333 0.4808333333333333 0.028072916666666666 0.09537037037037037
0 0.3365364583333334 0.6162962962962963 0.11557291666666666 0.44
0 0.5766406249999999 0.5020833333333333 0.01963541666666667 0.10564814814814814
0 0.48677083333333326 0.5521296296296296 0.06489583333333333 0.26944444444444443
0 0.20505208333333333 0.4614351851851852 0.022604166666666665 0.09768518518518518
0 0.4281510416666666 0.5681481481481481 0.06317708333333333 0.33185185185185184
0 0.6203125 0.4614814814814815 0.022187500000000002 0.09
0 0.5578645833333333 0.49722222222222223 0.020104166666666666 0.10333333333333333
0 0.2740104166666667 0.4728703703703704 0.018541666666666668 0.10166666666666667
0 0.2525 0.4806944444444444 0.018229166666666668 0.1012037037037037
0 0.6075520833333333 0.46208333333333335 0.017291666666666667 0.08657407407407407
0 0.2625 0.476712962962963 0.013333333333333334 0.10138888888888889
