0 0.501328125 0.49962962962962965 0.05057291666666666 0.10333333333333333
0 0.4496354166666666 0.4734259259259259 0.027916666666666666 0.07166666666666667
0 0.26763020833333334 0.5449537037037037 0.06348958333333334 0.27398148148148144
0 0.8289322916666666 0.5737037037037037 0.12494791666666667 0.38981481481481484
0 0.20661458333333335 0.4624074074074074 0.022500000000000003 0.09851851851851852
0 0.6636979166666668 0.4616203703703704 0.018125 0.09268518518518518
0 0.7527604166666666 0.46208333333333335 0.030729166666666665 0.12175925925925926
0 0.3310677083333333 0.5359259259259259 0.047760416666666666 0.25037037037037035
0 0.5385677083333333 0.45875 0.02296875 0.11157407407407408
0 0.42921875000000004 0.4689351851851852 0.029583333333333333 0.05675925925925926
0 0.5769270833333333 0.5002314814814814 0.017604166666666664 0.1087962962962963
0 0.5827083333333333 0.45814814814814814 0.021041666666666667 0.10296296296296296
0 0.559140625 0.5000925925925926 0.020052083333333335 0.10037037037037037
0 0.22877604166666668 0.4630555555555555 0.021927083333333333 0.07907407407407407
