0 0.5011458333333333 0.4991203703703703 0.0509375 0.10287037037037036
0 0.4495833333333333 0.47324074074074074 0.0275 0.07148148148148148
0 0.2642447916666667 0.544212962962963 0.06734375000000001 0.2652777777777778
0 0.20661458333333332 0.462037037037037 0.022291666666666664 0.09851851851851852
0 0.32859374999999996 0.5355555555555556 0.04572916666666667 0.2518518518518518
0 0.539140625 0.45578703703703705 0.02234375 0.1075
0 0.6636458333333333 0.4613425925925926 0.017812500000000002 0.09416666666666666
0 0.42914062499999994 0.4691203703703704 0.02921875 0.056574074074074075
0 0.5767447916666666 0.501712962962963 0.017760416666666667 0.10824074074074075
0 0.7965885416666667 0.5590740740740741 0.08442708333333333 0.3674074074074074
0 0.5835677083333334 0.4562962962962963 0.02109375 0.1
0 0.743515625 0.4645370370370371 0.031822916666666666 0.12148148148148147
0 0.5597916666666667 0.5003703703703704 0.019375 0.10166666666666667
0 0.8505989583333334 0.5589351851851851 0.07963541666666667 0.35453703703703704
0 0.22804687499999998 0.4634259259259259 0.020781249999999998 0.0787037037037037
0 0.35815104166666667 0.5136111111111111 0.025572916666666667 0.16407407407407407
