0 0.50125 0.49939814814814815 0.050104166666666665 0.10342592592592594
0 0.4493489583333333 0.4734259259259259 0.027760416666666666 0.07074074074074074
0 0.20677083333333332 0.46273148148148147 0.021666666666666667 0.09768518518518518
0 0.32828124999999997 0.5349074074074075 0.04572916666666667 0.2477777777777778
0 0.26059895833333335 0.543425925925926 0.06130208333333333 0.2644444444444445
0 0.7539322916666666 0.558425925925926 0.08963541666666666 0.3588888888888889
0 0.6637760416666667 0.46171296296296294 0.017760416666666667 0.09527777777777778
0 0.5770833333333333 0.5012962962962962 0.017916666666666668 0.10907407407407407
0 0.5397135416666666 0.4537037037037037 0.02276041666666667 0.10851851851851853
0 0.42947916666666663 0.46861111111111114 0.029479166666666667 0.05703703703703704
0 0.55984375 0.4996759259259259 0.020104166666666666 0.10046296296296296
0 0.5834635416666667 0.45638888888888884 0.021302083333333333 0.10092592592592593
0 0.8073958333333333 0.5591666666666667 0.06822916666666666 0.3188888888888889
