0 0.19908854166666667 0.4008333333333333 0.09401041666666667 0.34611111111111115
0 0.33937500000000004 0.33629629629629626 0.022291666666666664 0.09888888888888889
0 0.464296875 0.35074074074074074 0.031614583333333335 0.15055555555555555
0 0.5743489583333333 0.33087962962962963 0.014947916666666667 0.06435185185185185
0 0.2991666666666667 0.35875 0.024166666666666666 0.14824074074074073
0 0.6359375 0.36666666666666664 0.03208333333333333 0.18685185185185185
0 0.39046875 0.32648148148148143 0.016458333333333335 0.06981481481481482
0 0.5083072916666667 0.35791666666666666 0.029739583333333333 0.13564814814814816
0 0.5265625 0.3288888888888889 0.016041666666666666 0.05925925925925926
0 0.14979166666666666 0.34902777777777777 0.03197916666666666 0.14675925925925926
0 0.555390625 0.32263888888888886 0.010364583333333333 0.03509259259259259
0 0.4903385416666667 0.34898148148148145 0.022135416666666668 0.08648148148148149
0 0.38153645833333333 0.32407407407407407 0.016822916666666667 0.06999999999999999
0 0.35786458333333326 0.3236574074074074 0.014895833333333334 0.07361111111111111
