0 0.5011458333333334 0.49907407407407406 0.050104166666666665 0.10481481481481482
0 0.20601562499999998 0.4626851851851852 0.02255208333333333 0.09851851851851852
0 0.44895833333333335 0.4730092592592593 0.02802083333333333 0.0723148148148148
0 0.6610677083333333 0.460787037037037 0.020260416666666666 0.0925
0 0.576328125 0.5031018518518519 0.01921875 0.1112037037037037
0 0.4191145833333333 0.5332407407407407 0.043645833333333335 0.2238888888888889
0 0.24377604166666664 0.4804629629629629 0.023072916666666665 0.0937037037037037
0 0.32252604166666665 0.5796296296296296 0.06723958333333332 0.3357407407407408
0 0.27210937500000004 0.4791666666666667 0.01921875 0.09685185185185184
0 0.37203125000000004 0.5492592592592593 0.051250000000000004 0.28685185185185186
0 0.5342708333333334 0.46004629629629634 0.021458333333333336 0.09953703703703703
0 0.558984375 0.4977777777777778 0.021302083333333333 0.1024074074074074
