0 0.6524739583333333 0.08291666666666667 0.03244791666666667 0.11027777777777777
0 0.37835937499999994 0.24425925925925926 0.04223958333333333 0.10629629629629629
0 0.7943489583333333 0.06328703703703703 0.03078125 0.1247222222222222
0 0.5343489583333334 0.060555555555555564 0.028489583333333336 0.11925925925925927
0 0.09625 0.3952777777777778 0.034375 0.1762962962962963
0 0.42692708333333335 0.21476851851851853 0.0325 0.16601851851851854
0 0.18403645833333332 0.24097222222222223 0.026197916666666664 0.15638888888888888
0 0.22515625 0.25027777777777777 0.031875 0.17185185185185184
0 0.8890625 0.10222222222222221 0.029375 0.15666666666666665
0 0.47312499999999996 0.05851851851851852 0.0271875 0.1151851851851852
0 0.500234375 0.05731481481481481 0.029010416666666667 0.11277777777777777
0 0.8971874999999999 0.668611111111111 0.043333333333333335 0.2051851851851852
0 0.4490104166666667 0.6795833333333333 0.041041666666666664 0.23546296296296299
0 0.25903645833333333 0.2201851851851852 0.037135416666666664 0.17851851851851852
0 0.9216145833333333 0.3996759259259259 0.04604166666666667 0.19101851851851853
0 0.8288281249999999 0.665138888888889 0.039635416666666666 0.2202777777777778
0 0.5169010416666667 0.7550000000000001 0.061197916666666664 0.23462962962962963
0 0.8582291666666666 0.3715277777777778 0.03302083333333333 0.18009259259259258
0 0.8570572916666667 0.09902777777777778 0.029114583333333333 0.16527777777777777
0 0.9773697916666666 0.26699074074074075 0.04067708333333333 0.1813888888888889
0 0.1719270833333333 0.8493055555555555 0.04135416666666667 0.24194444444444446
0 0.12966145833333334 0.19930555555555557 0.032864583333333336 0.15064814814814814
0 0.9175 0.5211574074074075 0.04041666666666666 0.1887962962962963
0 0.9239583333333333 0.26296296296296295 0.033125 0.16499999999999998
0 0.131640625 0.8266666666666667 0.04796875 0.2601851851851852
0 0.28252604166666667 0.17023148148148148 0.030989583333333334 0.16583333333333333
0 0.3914583333333333 0.1647685185185185 0.03364583333333333 0.15231481481481482
0 0.253359375 0.08986111111111113 0.038697916666666665 0.16694444444444445
0 0.1647395833333333 0.1947685185185185 0.028541666666666667 0.15805555555555553
0 0.2011197916666667 0.1826851851851852 0.02765625 0.17111111111111113
0 0.220234375 0.0937037037037037 0.02432291666666667 0.15074074074074076
0 0.5539583333333333 0.7685185185185185 0.03885416666666666 0.2274074074074074
0 0.5595052083333333 0.9331481481481482 0.04223958333333333 0.13555555555555557
