0 0.270859375 0.47314814814814815 0.023385416666666665 0.10185185185185185
0 0.7051041666666666 0.5250462962962963 0.07260416666666666 0.25027777777777777
0 0.9380729166666667 0.6299074074074074 0.12489583333333334 0.4646296296296296
0 0.5877604166666667 0.6588425925925926 0.11166666666666666 0.5725
0 0.43057291666666664 0.5083796296296297 0.034687499999999996 0.1962037037037037
0 0.50171875 0.636712962962963 0.071875 0.4900925925925925
0 0.226015625 0.48268518518518516 0.024635416666666667 0.0987037037037037
0 0.34914062500000004 0.46199074074074076 0.01390625 0.06768518518518518
0 0.21013020833333335 0.4821296296296297 0.02276041666666667 0.10314814814814816
0 0.032864583333333336 0.5823611111111111 0.0634375 0.4406481481481481
0 0.3073177083333334 0.45398148148148143 0.012343749999999999 0.05259259259259259
0 0.6316666666666666 0.4608333333333333 0.0184375 0.08462962962962964
0 0.295625 0.4546759259259259 0.012395833333333333 0.05398148148148148
0 0.3296875 0.4526851851851852 0.011979166666666667 0.05222222222222222
0 0.45203125 0.4725925925925926 0.0259375 0.06999999999999999
0 0.28713541666666664 0.45740740740740743 0.012916666666666667 0.059444444444444446
0 0.7461197916666666 0.4635648148148148 0.024739583333333332 0.10916666666666668
