0 0.6521874999999999 0.0835185185185185 0.03239583333333333 0.11074074074074074
0 0.7886197916666666 0.12930555555555556 0.029010416666666667 0.14083333333333334
0 0.378125 0.2439814814814815 0.04177083333333333 0.10407407407407408
0 0.43015624999999996 0.22175925925925927 0.0321875 0.16203703703703703
0 0.22192708333333336 0.607175925925926 0.04895833333333333 0.21712962962962962
0 0.06966145833333333 0.4116666666666667 0.026614583333333334 0.1774074074074074
0 0.5842447916666667 0.1988888888888889 0.032656250000000005 0.17222222222222222
0 0.124765625 0.19421296296296298 0.028802083333333332 0.15546296296296297
0 0.3815364583333334 0.07449074074074075 0.028593749999999998 0.14712962962962964
0 0.16463541666666667 0.19726851851851854 0.029166666666666667 0.15861111111111112
0 0.2509635416666667 0.2650462962962963 0.040364583333333336 0.19101851851851853
0 0.19963541666666668 0.1821296296296296 0.028125 0.16499999999999998
0 0.7373958333333334 0.6391666666666667 0.05583333333333333 0.22555555555555554
0 0.9165625000000001 0.5212037037037037 0.041041666666666664 0.19611111111111112
0 0.8406770833333334 0.06851851851851852 0.030416666666666665 0.1335185185185185
0 0.6232552083333333 0.19175925925925927 0.02744791666666667 0.15074074074074076
0 0.11497395833333333 0.7681018518518519 0.045572916666666664 0.24046296296296296
0 0.49997395833333336 0.20023148148148148 0.03640625 0.1723148148148148
0 0.13138020833333333 0.5385648148148148 0.02984375 0.1862037037037037
0 0.28203125 0.19435185185185186 0.02625 0.16666666666666666
0 0.28036458333333336 0.4297685185185185 0.03875 0.2062037037037037
0 0.45736979166666664 0.40356481481481477 0.04078125 0.18324074074074076
0 0.32361979166666666 0.42777777777777776 0.033177083333333336 0.1862962962962963
0 0.42809895833333333 0.40074074074074073 0.04192708333333333 0.19444444444444445
0 0.09018229166666665 0.7150000000000001 0.046406249999999996 0.22796296296296295
0 0.5046614583333333 0.9182407407407407 0.038802083333333334 0.16537037037037036
