0 0.6522395833333334 0.08402777777777778 0.0321875 0.1100925925925926
0 0.3784895833333333 0.24287037037037038 0.04041666666666666 0.10333333333333333
0 0.16505208333333332 0.1989351851851852 0.0296875 0.1576851851851852
0 0.2557552083333333 0.24324074074074073 0.038177083333333334 0.19574074074074074
0 0.7838020833333333 0.11347222222222222 0.026770833333333334 0.13657407407407407
0 0.8663802083333334 0.08726851851851852 0.03307291666666667 0.1363888888888889
0 0.22096354166666668 0.5549537037037037 0.04984375 0.21916666666666665
0 0.06971354166666667 0.41300925925925924 0.026406250000000003 0.17250000000000001
0 0.19919270833333333 0.18078703703703702 0.02723958333333333 0.16583333333333333
0 0.9165625 0.52125 0.04041666666666666 0.19694444444444442
0 0.4302604166666667 0.2210185185185185 0.030833333333333334 0.1585185185185185
0 0.6005468749999999 0.16962962962962963 0.029010416666666667 0.1562962962962963
0 0.21130208333333333 0.08180555555555556 0.030729166666666665 0.14657407407407408
0 0.3813020833333333 0.07407407407407407 0.028541666666666667 0.14629629629629629
0 0.12752604166666667 0.19453703703703704 0.028593749999999998 0.15333333333333332
0 0.5066666666666667 0.16995370370370372 0.036145833333333335 0.16935185185185186
0 0.13653645833333333 0.4976388888888889 0.03171875 0.1812037037037037
0 0.5627083333333334 0.1837037037037037 0.03197916666666666 0.17074074074074075
0 0.75859375 0.6383796296296296 0.0509375 0.22972222222222222
0 0.15322916666666667 0.8341203703703703 0.04729166666666666 0.2576851851851852
0 0.3807291666666667 0.3864814814814815 0.033854166666666664 0.17111111111111113
0 0.474296875 0.43560185185185185 0.040989583333333336 0.18787037037037038
0 0.27013020833333334 0.4588425925925926 0.03890625 0.20194444444444443
0 0.44059895833333335 0.4271296296296296 0.04526041666666667 0.19648148148148148
0 0.28151041666666665 0.18939814814814815 0.029166666666666667 0.1600925925925926
0 0.1078125 0.6416666666666667 0.04625 0.23185185185185186
0 0.46726562499999996 0.17189814814814813 0.023697916666666666 0.14046296296296296
0 0.31309895833333334 0.46615740740740746 0.03390625 0.1975
0 0.4058072916666667 0.17250000000000001 0.025052083333333332 0.15648148148148147
0 0.5111458333333333 0.924675925925926 0.04416666666666667 0.1525
