0 0.6525520833333333 0.08236111111111111 0.03208333333333333 0.10731481481481482
0 0.3815104166666667 0.07458333333333333 0.029270833333333336 0.14731481481481482
0 0.7890625 0.1323148148148148 0.027916666666666666 0.1348148148148148
0 0.199765625 0.18203703703703705 0.02796875 0.16055555555555556
0 0.24067708333333332 0.3931944444444444 0.04135416666666667 0.21064814814814814
0 0.5225520833333334 0.26912037037037034 0.037083333333333336 0.17453703703703705
0 0.39401041666666664 0.2560648148148148 0.03677083333333333 0.15861111111111112
0 0.916796875 0.5199074074074074 0.039947916666666666 0.19555555555555554
0 0.6408333333333333 0.22523148148148148 0.03395833333333333 0.1597222222222222
0 0.236640625 0.8956018518518518 0.052760416666666664 0.21064814814814814
0 0.7349739583333333 0.6374074074074074 0.055156250000000004 0.22796296296296295
0 0.075546875 0.62375 0.04536458333333333 0.23546296296296299
0 0.16763020833333334 0.19615740740740742 0.02796875 0.15731481481481482
0 0.07401041666666666 0.41509259259259257 0.025104166666666667 0.17981481481481482
0 0.12252604166666667 0.19662037037037036 0.026406250000000003 0.15231481481481482
0 0.2806770833333333 0.29097222222222224 0.03854166666666667 0.18324074074074076
0 0.686328125 0.2622685185185185 0.023385416666666665 0.15194444444444444
0 0.031276041666666664 0.7550462962962963 0.03348958333333333 0.20953703703703705
0 0.29296875 0.13671296296296295 0.025520833333333333 0.1537962962962963
0 0.209375 0.0913888888888889 0.0275 0.14703703703703705
0 0.24210937500000002 0.08319444444444445 0.026822916666666665 0.14583333333333334
0 0.77578125 0.2575 0.029583333333333333 0.16148148148148148
0 0.4658333333333334 0.2695370370370371 0.029375 0.15722222222222224
0 0.7494531249999999 0.2701388888888889 0.030052083333333333 0.17824074074074073
0 0.14908854166666666 0.1689351851851852 0.031927083333333335 0.17009259259259257
0 0.444921875 0.26092592592592595 0.030989583333333334 0.17092592592592593
0 0.26557291666666666 0.19773148148148148 0.029375 0.14564814814814817
0 0.266796875 0.10819444444444444 0.029114583333333333 0.1489814814814815
0 0.43158854166666666 0.22717592592592592 0.031614583333333335 0.16157407407407406
