0 0.5010416666666667 0.4997222222222223 0.050104166666666665 0.10185185185185185
0 0.44940104166666667 0.4732407407407407 0.02796875 0.07203703703703704
0 0.8221875000000001 0.5732870370370371 0.1215625 0.3815740740740741
0 0.266875 0.5444444444444444 0.06447916666666667 0.27
0 0.7507552083333333 0.4635648148148148 0.028802083333333332 0.1212037037037037
0 0.6637500000000001 0.4614351851851852 0.018125 0.09231481481481482
0 0.20658854166666665 0.4623611111111111 0.02234375 0.09824074074074074
0 0.32963541666666674 0.5352314814814815 0.04760416666666667 0.25027777777777777
0 0.5386458333333334 0.45819444444444446 0.022187500000000002 0.10805555555555556
0 0.429296875 0.4689814814814815 0.029427083333333333 0.05666666666666667
0 0.5769791666666666 0.5003703703703704 0.0175 0.10833333333333334
0 0.5831250000000001 0.4564814814814815 0.020729166666666667 0.10296296296296296
0 0.559375 0.5001388888888889 0.0203125 0.1000925925925926
0 0.22843750000000002 0.4633333333333333 0.021458333333333336 0.08092592592592593
0 0.21786458333333333 0.46189814814814817 0.016874999999999998 0.08583333333333333
