0 0.049140625 0.43277777777777776 0.055572916666666666 0.22055555555555553
0 0.40359375 0.38787037037037037 0.020729166666666667 0.10833333333333334
0 0.51890625 0.4135185185185185 0.037083333333333336 0.15685185185185185
0 0.362578125 0.37958333333333333 0.020989583333333332 0.050833333333333335
0 0.5559114583333334 0.3925925925925926 0.029322916666666664 0.14851851851851852
0 0.45838541666666666 0.39092592592592595 0.02645833333333333 0.11962962962962961
0 0.777734375 0.40347222222222223 0.028489583333333336 0.13046296296296298
0 0.15638020833333333 0.4052777777777778 0.029635416666666668 0.125
0 0.103046875 0.3959722222222223 0.018177083333333333 0.09694444444444444
0 0.26296875000000003 0.3886574074074074 0.018333333333333333 0.09583333333333334
0 0.4982552083333333 0.3835648148148148 0.017760416666666667 0.1063888888888889
0 0.96328125 0.5789351851851852 0.07447916666666667 0.5460185185185186
0 0.24468749999999997 0.38560185185185186 0.0134375 0.0763888888888889
