0 0.4496614583333333 0.4743981481481482 0.026927083333333334 0.07305555555555555
0 0.5952864583333334 0.5397685185185186 0.05682291666666666 0.2608333333333333
0 0.3833854166666667 0.46143518518518517 0.02 0.0937962962962963
0 0.3481510416666666 0.4718981481481482 0.019947916666666666 0.10564814814814814
0 0.8738020833333332 0.686712962962963 0.1225 0.6284259259259259
0 0.21158854166666666 0.48254629629629625 0.02578125 0.1063888888888889
0 0.48994791666666665 0.5200925925925927 0.049895833333333334 0.2361111111111111
0 0.3127864583333333 0.46259259259259256 0.01953125 0.07851851851851852
0 0.42906249999999996 0.4697222222222222 0.028958333333333332 0.057962962962962966
0 0.536953125 0.5179166666666666 0.04276041666666666 0.27675925925925926
0 0.228515625 0.48032407407407407 0.023385416666666665 0.09490740740740741
0 0.29328125 0.4630555555555555 0.0153125 0.07203703703703704
0 0.6333854166666666 0.4598148148148148 0.021875 0.10537037037037036
0 0.27028645833333337 0.4499074074074074 0.012447916666666666 0.05333333333333334
