0 0.322265625 0.3581481481481481 0.022135416666666668 0.09333333333333334
0 0.22351562500000002 0.43310185185185185 0.11515625 0.42064814814814816
0 0.5644270833333334 0.3440740740740741 0.0184375 0.07222222222222222
0 0.4343489583333333 0.37199074074074073 0.03140625 0.15194444444444444
0 0.06177083333333334 0.38407407407407407 0.03770833333333334 0.14444444444444443
0 0.4890885416666667 0.3741203703703704 0.030677083333333334 0.13694444444444445
0 0.6379427083333333 0.3819444444444444 0.03057291666666667 0.22462962962962962
0 0.5109895833333333 0.34337962962962965 0.014895833333333334 0.05564814814814815
0 0.6122395833333333 0.37550925925925926 0.030312500000000003 0.14805555555555555
0 0.3502604166666667 0.3506018518518519 0.015729166666666666 0.06453703703703705
0 0.3665885416666666 0.3490740740740741 0.01359375 0.06166666666666666
0 0.46393229166666666 0.36430555555555555 0.02296875 0.0687962962962963
0 0.3422135416666666 0.34976851851851853 0.01421875 0.07027777777777779
0 0.5285416666666667 0.3375 0.011250000000000001 0.0387037037037037
0 0.501171875 0.35013888888888894 0.01973958333333333 0.08249999999999999
