0 0.37856770833333336 0.24300925925925926 0.04130208333333333 0.10472222222222222
0 0.6525520833333333 0.08166666666666667 0.03291666666666667 0.11
0 0.7869791666666667 0.07212962962962963 0.03145833333333333 0.13203703703703704
0 0.19817708333333334 0.3675 0.035729166666666666 0.1887037037037037
0 0.434296875 0.21333333333333335 0.03484375 0.15944444444444444
0 0.8662500000000001 0.2788888888888889 0.04083333333333334 0.18037037037037038
0 0.8453125 0.6539814814814815 0.0515625 0.21888888888888888
0 0.20005208333333335 0.18537037037037035 0.027916666666666666 0.15962962962962962
0 0.30348958333333337 0.6141666666666666 0.044270833333333336 0.22555555555555554
0 0.30226562500000004 0.18481481481481485 0.030677083333333334 0.1627777777777778
0 0.114921875 0.31527777777777777 0.03723958333333333 0.18666666666666668
0 0.9156770833333333 0.5187037037037037 0.04791666666666667 0.19314814814814815
0 0.163671875 0.19546296296296295 0.02734375 0.15703703703703703
0 0.27174479166666665 0.1459722222222222 0.02453125 0.14638888888888887
0 0.14614583333333334 0.3158796296296296 0.030520833333333334 0.17101851851851851
0 0.19763020833333333 0.05787037037037037 0.028593749999999998 0.11296296296296296
0 0.40403645833333335 0.1436111111111111 0.023177083333333334 0.14166666666666666
0 0.8418229166666666 0.04407407407407408 0.02822916666666667 0.0862962962962963
0 0.134375 0.19888888888888887 0.025416666666666664 0.15018518518518517
0 0.24703124999999998 0.1576851851851852 0.024374999999999997 0.15925925925925927
0 0.22747395833333334 0.16953703703703704 0.026510416666666665 0.1446296296296296
0 0.23507812499999997 0.05921296296296296 0.03140625 0.11324074074074074
0 0.6052864583333333 0.927037037037037 0.052656249999999995 0.14777777777777779
