0 0.7861197916666668 0.6230092592592593 0.10359375 0.6191666666666668
0 0.19354166666666664 0.3951388888888889 0.0275 0.11972222222222223
0 0.9272135416666667 0.6164351851851851 0.12807291666666668 0.6191666666666668
0 0.3211197916666667 0.40458333333333335 0.04203125 0.16712962962962963
0 0.5153125 0.41787037037037034 0.03364583333333333 0.1461111111111111
0 0.09822916666666666 0.38976851851851857 0.0215625 0.1062037037037037
0 0.431875 0.39643518518518517 0.02666666666666667 0.1363888888888889
0 0.25546875 0.38625000000000004 0.024583333333333336 0.12138888888888888
0 0.4624739583333333 0.39444444444444443 0.028281249999999997 0.13240740740740742
0 0.543203125 0.3894444444444445 0.01973958333333333 0.11259259259259259
0 0.6456770833333334 0.4310648148148148 0.04510416666666666 0.24379629629629632
0 0.4095052083333333 0.38601851851851854 0.020989583333333332 0.05333333333333334
0 0.079296875 0.36768518518518517 0.01359375 0.061481481481481484
0 0.49223958333333334 0.3918055555555556 0.0228125 0.1112037037037037
0 0.3486458333333333 0.37 0.012083333333333333 0.055740740740740743
0 0.070625 0.3648148148148148 0.011250000000000001 0.053518518518518514
0 0.2426822916666667 0.3846296296296296 0.016510416666666666 0.09722222222222222
