0 0.6523958333333333 0.08324074074074074 0.03229166666666667 0.1112962962962963
0 0.3784635416666667 0.24365740740740738 0.04140625 0.10453703703703704
0 0.21385416666666668 0.37527777777777777 0.0390625 0.1864814814814815
0 0.43203125 0.21069444444444443 0.0375 0.15898148148148147
0 0.2738802083333333 0.3655555555555555 0.03557291666666666 0.17851851851851852
0 0.9012239583333334 0.25416666666666665 0.031927083333333335 0.16962962962962963
0 0.16411458333333334 0.19574074074074072 0.0271875 0.15425925925925926
0 0.5024479166666667 0.3334722222222223 0.036041666666666666 0.19175925925925924
0 0.4563802083333333 0.33884259259259264 0.03463541666666667 0.18027777777777776
0 0.6673177083333334 0.23708333333333334 0.03276041666666667 0.16101851851851853
0 0.619140625 0.6650462962962963 0.047135416666666666 0.23879629629629628
0 0.13598958333333336 0.2051388888888889 0.029791666666666668 0.14953703703703702
0 0.9170312500000001 0.5198148148148148 0.04052083333333333 0.19574074074074074
0 0.17325520833333333 0.5614814814814815 0.046614583333333334 0.18925925925925927
0 0.21364583333333334 0.560138888888889 0.0328125 0.21064814814814814
0 0.17059895833333333 0.37777777777777777 0.03463541666666667 0.1912962962962963
0 0.4051302083333333 0.1435648148148148 0.028177083333333335 0.14787037037037035
0 0.9739583333333334 0.2994444444444444 0.03177083333333333 0.17351851851851852
0 0.8475 0.6568981481481482 0.05302083333333333 0.22212962962962962
0 0.2969270833333333 0.19185185185185183 0.03208333333333333 0.1635185185185185
0 0.9106770833333333 0.74375 0.048125 0.22046296296296294
0 0.7820052083333333 0.2575462962962963 0.03401041666666667 0.1497222222222222
0 0.26138020833333336 0.2439814814814815 0.03984375 0.18333333333333332
0 0.3221614583333333 0.6223148148148149 0.03921875 0.21703703703703706
0 0.23289062500000002 0.23245370370370372 0.030052083333333333 0.14916666666666667
0 0.21057291666666667 0.17777777777777778 0.030833333333333334 0.16314814814814813
0 0.1722135416666667 0.06231481481481481 0.018802083333333334 0.12092592592592592
0 0.21192708333333332 0.9268981481481482 0.0478125 0.14805555555555555
