0 0.578515625 0.40055555555555555 0.037031249999999995 0.10851851851851853
0 0.45734374999999994 0.379212962962963 0.035729166666666666 0.16712962962962963
0 0.8523697916666666 0.3952777777777778 0.05359375 0.23
0 0.654765625 0.37263888888888885 0.028281249999999997 0.13157407407407407
0 0.5519010416666668 0.3938888888888889 0.03671875 0.11777777777777779
0 0.49484375 0.38560185185185186 0.0321875 0.15453703703703706
0 0.608515625 0.348287037037037 0.017447916666666667 0.0675
0 0.3709375 0.34731481481481485 0.013854166666666667 0.054814814814814816
0 0.43341145833333333 0.3513425925925926 0.018385416666666664 0.05935185185185184
0 0.3881770833333334 0.34361111111111114 0.013645833333333333 0.04833333333333334
0 0.6309635416666667 0.3509722222222222 0.015260416666666667 0.06509259259259259
0 0.3997395833333333 0.34097222222222223 0.012604166666666666 0.04861111111111111
0 0.008046875 0.380462962962963 0.015052083333333332 0.11537037037037036
