0 0.11752604166666666 0.6338425925925926 0.018281250000000002 0.09935185185185184
0 0.035703124999999995 0.6311574074074073 0.026614583333333334 0.11064814814814815
0 0.7987760416666667 0.5291666666666667 0.018177083333333333 0.09722222222222222
0 0.573671875 0.49611111111111106 0.012552083333333333 0.045
0 0.6862239583333334 0.5717592592592593 0.02411458333333333 0.11333333333333334
0 0.7064583333333333 0.5587962962962963 0.029791666666666668 0.1175925925925926
0 0.648046875 0.5242129629629629 0.01671875 0.07453703703703704
0 0.9878385416666666 0.5973611111111111 0.025364583333333336 0.20472222222222222
0 0.1328125 0.6167592592592592 0.0184375 0.1
0 0.637890625 0.5220833333333333 0.014531249999999999 0.07027777777777779
0 0.6310416666666666 0.5149537037037036 0.013125 0.062129629629629625
