0 0.6525260416666666 0.0825462962962963 0.032552083333333336 0.10990740740740741
0 0.37828124999999996 0.24356481481481482 0.041562499999999995 0.10601851851851851
0 0.7885416666666667 0.07606481481481481 0.030833333333333334 0.13398148148148148
0 0.14888020833333335 0.2632407407407407 0.03171875 0.1835185185185185
0 0.3026041666666667 0.18791666666666665 0.03166666666666666 0.16398148148148148
0 0.4210677083333333 0.20916666666666667 0.029322916666666664 0.16314814814814813
0 0.7765104166666666 0.17555555555555558 0.027708333333333335 0.15314814814814814
0 0.17458333333333334 0.5014351851851852 0.04041666666666666 0.20675925925925928
0 0.26005208333333335 0.2451851851851852 0.025833333333333333 0.1701851851851852
0 0.916640625 0.5181018518518519 0.05015625 0.1925
0 0.8464322916666667 0.6546296296296297 0.05203125 0.21574074074074073
0 0.8483072916666666 0.17879629629629631 0.029947916666666668 0.16555555555555557
0 0.22776041666666666 0.25351851851851853 0.03979166666666667 0.15555555555555556
0 0.18739583333333334 0.26458333333333334 0.029270833333333336 0.16064814814814815
0 0.2513802083333333 0.6320833333333333 0.04338541666666666 0.23472222222222222
0 0.6103125000000001 0.8015740740740741 0.04416666666666667 0.2364814814814815
0 0.6520572916666667 0.7805555555555556 0.04328125 0.24111111111111108
0 0.24130208333333333 0.12648148148148147 0.030208333333333334 0.1548148148148148
0 0.40390625 0.1461574074074074 0.026354166666666668 0.14083333333333334
0 0.19898437500000002 0.18425925925925926 0.025364583333333336 0.16185185185185186
0 0.16403645833333333 0.19319444444444445 0.024739583333333332 0.1526851851851852
0 0.13739583333333333 0.21319444444444444 0.025625000000000002 0.1512037037037037
0 0.14700520833333333 0.0575 0.02390625 0.10629629629629629
