0 0.32390625 0.4966203703703704 0.029270833333333336 0.1549074074074074
0 0.415 0.6477314814814814 0.089375 0.5297222222222222
0 0.57734375 0.5627314814814814 0.08333333333333333 0.30564814814814817
0 0.27622395833333335 0.4730092592592593 0.018177083333333333 0.10194444444444443
0 0.4895572916666666 0.5828240740740741 0.06984375 0.3587962962962963
0 0.22604166666666667 0.48250000000000004 0.02666666666666667 0.09851851851851852
0 0.20515625 0.4627777777777778 0.02375 0.09666666666666668
0 0.24177083333333335 0.48351851851851857 0.021458333333333336 0.09648148148148149
0 0.6355208333333332 0.4602777777777778 0.02041666666666667 0.0937037037037037
0 0.350390625 0.4640740740740741 0.013385416666666667 0.06796296296296298
0 0.294140625 0.4519444444444445 0.012343749999999999 0.05703703703703704
0 0.3145833333333333 0.4078703703703704 0.01 0.03407407407407407
0 0.3044791666666667 0.41824074074074075 0.009583333333333333 0.03333333333333333
0 0.30572916666666666 0.4594444444444445 0.0253125 0.07703703703703704
