0 0.2669270833333333 0.3739351851851852 0.139375 0.5980555555555556
0 0.9497395833333333 0.32050925925925927 0.023125 0.10527777777777778
0 0.717265625 0.32013888888888886 0.01953125 0.10490740740740741
0 0.5119270833333334 0.35268518518518516 0.09208333333333334 0.48648148148148146
0 0.43036458333333333 0.3712962962962963 0.09093749999999999 0.4374074074074074
0 0.8319791666666666 0.315 0.017812500000000002 0.09722222222222222
0 0.5808072916666666 0.32083333333333336 0.023489583333333335 0.11203703703703703
0 0.63 0.3661574074074074 0.0609375 0.3541666666666667
0 0.9207291666666666 0.31986111111111115 0.017291666666666667 0.0849074074074074
0 0.687578125 0.3229166666666667 0.015885416666666666 0.08990740740740741
0 0.7376822916666667 0.3078240740740741 0.014635416666666668 0.05472222222222222
0 0.6781510416666666 0.32162037037037033 0.013072916666666667 0.0850925925925926
0 0.7473437500000001 0.3137037037037037 0.014791666666666667 0.05925925925925926
0 0.69734375 0.3221759259259259 0.015625 0.09027777777777778
0 0.820546875 0.31416666666666665 0.013072916666666667 0.08222222222222222
0 0.9900260416666667 0.3187037037037037 0.01296875 0.095
