0 0.6523697916666666 0.08388888888888889 0.03203125 0.1112962962962963
0 0.790234375 0.06620370370370371 0.030989583333333334 0.1303703703703704
0 0.37854166666666667 0.24361111111111114 0.04145833333333333 0.10518518518518517
0 0.532109375 0.05685185185185185 0.028177083333333335 0.1111111111111111
0 0.9162239583333334 0.522361111111111 0.04182291666666667 0.18916666666666668
0 0.8846875000000001 0.0934722222222222 0.02802083333333333 0.1487962962962963
0 0.10216145833333333 0.38902777777777775 0.03421875 0.1799074074074074
0 0.21971354166666668 0.2604166666666667 0.03078125 0.17546296296296296
0 0.4246875 0.21518518518518517 0.030000000000000002 0.16444444444444445
0 0.16408854166666667 0.19555555555555554 0.028177083333333335 0.16074074074074074
0 0.25924479166666664 0.20333333333333334 0.03390625 0.16999999999999998
0 0.8527864583333334 0.08712962962962964 0.029635416666666668 0.16055555555555556
0 0.49921875 0.05555555555555555 0.030208333333333334 0.1087037037037037
0 0.44859375 0.6821296296296296 0.03666666666666667 0.24018518518518517
0 0.8349218750000001 0.6648148148148149 0.03244791666666667 0.22555555555555554
0 0.9118229166666666 0.38587962962962963 0.044895833333333336 0.1963888888888889
0 0.4750260416666666 0.05550925925925926 0.02671875 0.1086111111111111
0 0.9311718750000001 0.6962499999999999 0.03796875 0.19916666666666666
0 0.526796875 0.7866666666666667 0.06338541666666667 0.24074074074074073
0 0.129453125 0.20032407407407407 0.033177083333333336 0.1486111111111111
0 0.16239583333333335 0.8747685185185186 0.04125 0.24842592592592594
0 0.9341927083333332 0.2722685185185185 0.031614583333333335 0.15916666666666668
0 0.9848177083333334 0.28800925925925924 0.03140625 0.17712962962962964
0 0.283359375 0.17555555555555555 0.030677083333333334 0.1687037037037037
0 0.2545572916666667 0.08212962962962962 0.039739583333333335 0.15944444444444444
0 0.12450520833333334 0.8502777777777777 0.05067708333333333 0.25277777777777777
0 0.8489322916666667 0.3619907407407408 0.03307291666666667 0.18453703703703705
0 0.4018489583333334 0.16305555555555554 0.032239583333333335 0.1575925925925926
0 0.19817708333333334 0.22953703703703704 0.024270833333333335 0.15203703703703703
0 0.22125 0.10106481481481482 0.024791666666666667 0.15101851851851852
0 0.561875 0.7954629629629629 0.03729166666666666 0.2301851851851852
0 0.3107552083333333 0.1375462962962963 0.01942708333333333 0.13824074074074075
0 0.5636979166666667 0.9326388888888889 0.037083333333333336 0.13657407407407407
