0 0.9392447916666666 0.6330092592592592 0.03338541666666666 0.1789814814814815
0 0.39291666666666664 0.7794907407407408 0.06760416666666667 0.2923148148148148
0 0.5826302083333332 0.5694907407407407 0.02713541666666667 0.11527777777777778
0 0.8529947916666667 0.6441666666666666 0.04088541666666667 0.16537037037037036
0 0.5478645833333334 0.5737037037037036 0.023125 0.11444444444444445
0 0.6633854166666667 0.5643981481481481 0.025520833333333333 0.12324074074074073
0 0.6286979166666666 0.5709722222222223 0.02322916666666667 0.11935185185185186
0 0.5013802083333333 0.5004166666666667 0.013697916666666667 0.06268518518518519
0 0.5317447916666667 0.5076388888888889 0.014114583333333335 0.06453703703703705
0 0.53625 0.8847222222222222 0.06989583333333332 0.2324074074074074
0 0.5222135416666667 0.5032407407407408 0.012760416666666666 0.06018518518518518
0 0.5416666666666666 0.5157870370370371 0.014375 0.05731481481481481
