0 0.652265625 0.08328703703703703 0.032552083333333336 0.11064814814814815
0 0.3784635416666667 0.2434722222222222 0.04140625 0.10583333333333333
0 0.7868489583333333 0.07138888888888889 0.030989583333333334 0.1337037037037037
0 0.43125 0.21481481481481482 0.03625 0.15888888888888889
0 0.21458333333333332 0.3102777777777778 0.0353125 0.1811111111111111
0 0.8743750000000001 0.06398148148148147 0.029583333333333333 0.1261111111111111
0 0.9156770833333333 0.5190740740740741 0.044895833333333336 0.1962962962962963
0 0.9719531250000001 0.3188425925925926 0.03671875 0.16694444444444445
0 0.30031250000000004 0.1859722222222222 0.026770833333333334 0.15787037037037038
0 0.8819791666666668 0.3327777777777778 0.036875 0.1874074074074074
0 0.1278125 0.20027777777777775 0.028333333333333332 0.1511111111111111
0 0.16382812500000002 0.19296296296296298 0.02734375 0.1627777777777778
0 0.468046875 0.049305555555555554 0.02713541666666667 0.09675925925925925
0 0.4043229166666667 0.14560185185185184 0.022500000000000003 0.14342592592592593
0 0.247109375 0.19407407407407407 0.026614583333333334 0.15018518518518517
0 0.8466145833333333 0.6537499999999999 0.044375000000000005 0.21416666666666667
0 0.12520833333333334 0.35004629629629624 0.03291666666666667 0.17805555555555558
0 0.09364583333333333 0.3364351851851852 0.0325 0.19787037037037036
0 0.5718229166666667 0.8765277777777778 0.0715625 0.2487962962962963
0 0.3969010416666666 0.6577777777777779 0.04380208333333333 0.23462962962962963
0 0.20125 0.18125 0.0271875 0.16175925925925924
0 0.23223958333333336 0.13208333333333333 0.024270833333333335 0.15657407407407406
0 0.25817708333333333 0.1497222222222222 0.03177083333333333 0.16055555555555556
0 0.15169270833333334 0.9269444444444445 0.04244791666666667 0.14796296296296296
0 0.5439062499999999 0.9364814814814815 0.04 0.1288888888888889
