0 0.6524479166666666 0.08300925925925927 0.03239583333333333 0.11064814814814815
0 0.7900520833333334 0.13310185185185186 0.028854166666666667 0.1391666666666667
0 0.528828125 0.19907407407407407 0.03786458333333333 0.1622222222222222
0 0.12463541666666668 0.1936574074074074 0.028645833333333332 0.15564814814814815
0 0.06984375 0.4103240740740741 0.026041666666666668 0.17694444444444443
0 0.19992187499999997 0.1800462962962963 0.028593749999999998 0.16583333333333333
0 0.16455729166666666 0.19712962962962963 0.02890625 0.15962962962962962
0 0.3812760416666666 0.07453703703703704 0.029322916666666664 0.14722222222222223
0 0.73484375 0.639212962962963 0.054375 0.2263888888888889
0 0.3784114583333334 0.24384259259259256 0.040989583333333336 0.10305555555555555
0 0.9169270833333333 0.5214351851851852 0.04041666666666666 0.1960185185185185
0 0.2415625 0.11300925925925925 0.03229166666666667 0.15527777777777776
0 0.23468750000000002 0.7494907407407407 0.04958333333333333 0.2375
0 0.23942708333333332 0.32629629629629625 0.043541666666666666 0.2048148148148148
0 0.075 0.6241203703703704 0.0446875 0.23472222222222222
0 0.29348958333333336 0.13902777777777778 0.02666666666666667 0.15731481481481482
0 0.6053645833333333 0.21916666666666668 0.025 0.14796296296296296
0 0.12776041666666668 0.6494907407407408 0.034583333333333334 0.19787037037037036
0 0.29174479166666667 0.35703703703703704 0.03348958333333333 0.19962962962962963
0 0.31140625 0.22583333333333333 0.034375 0.16092592592592594
0 0.43374999999999997 0.33592592592592596 0.033125 0.16074074074074074
0 0.408203125 0.3307407407407408 0.03494791666666666 0.18407407407407408
0 0.21703124999999998 0.05851851851851852 0.024479166666666666 0.10407407407407408
0 0.4311979166666667 0.21856481481481482 0.0315625 0.1600925925925926
0 0.46359375 0.2649537037037037 0.037187500000000005 0.17287037037037037
0 0.2748177083333333 0.2740740740740741 0.029427083333333333 0.15925925925925927
0 0.6823697916666667 0.23310185185185187 0.02890625 0.1562037037037037
0 0.66484375 0.2313888888888889 0.028541666666666667 0.1488888888888889
0 0.5530208333333333 0.9193518518518519 0.03770833333333334 0.16314814814814813
0 0.3270052083333333 0.33773148148148147 0.028177083333333335 0.17527777777777778
