0 0.3784114583333333 0.24310185185185187 0.04171875 0.10527777777777778
0 0.64765625 0.08342592592592592 0.0378125 0.11
0 0.7889583333333334 0.13361111111111112 0.029062499999999998 0.1388888888888889
0 0.38119791666666664 0.07444444444444445 0.029479166666666667 0.14629629629629629
0 0.7370572916666667 0.638425925925926 0.05484375 0.2274074074074074
0 0.9175520833333334 0.5202777777777777 0.03979166666666667 0.19592592592592592
0 0.27963541666666664 0.2358333333333333 0.04677083333333333 0.17592592592592593
0 0.4301302083333333 0.21939814814814818 0.032135416666666666 0.16046296296296297
0 0.5347916666666667 0.26773148148148146 0.04114583333333333 0.16564814814814816
0 0.07544270833333333 0.6236574074074075 0.04453125 0.23416666666666666
0 0.221796875 0.46217592592592593 0.04348958333333333 0.22324074074074074
0 0.119765625 0.44027777777777777 0.03619791666666667 0.1862962962962963
0 0.19861979166666666 0.17939814814814814 0.028072916666666666 0.1673148148148148
0 0.12515625 0.19500000000000003 0.025208333333333333 0.15148148148148147
0 0.9677864583333334 0.30800925925925926 0.03348958333333333 0.17509259259259258
0 0.16229166666666667 0.1941203703703704 0.028645833333333332 0.15861111111111112
0 0.23018229166666668 0.1486111111111111 0.02796875 0.14833333333333332
0 0.8490625 0.30893518518518515 0.030416666666666665 0.1749074074074074
0 0.25005208333333334 0.13291666666666668 0.025416666666666664 0.15416666666666667
0 0.469140625 0.21305555555555555 0.028385416666666666 0.1675925925925926
0 0.015416666666666667 0.8783333333333333 0.0284375 0.22092592592592591
0 0.49018229166666666 0.21578703703703705 0.026406250000000003 0.1512037037037037
0 0.7284114583333333 0.25152777777777774 0.02484375 0.15953703703703706
