0 0.6649479166666666 0.6836111111111111 0.134375 0.6346296296296297
0 0.29546875 0.5384722222222221 0.06145833333333333 0.27175925925925926
0 0.2107291666666667 0.48245370370370366 0.02666666666666667 0.1062037037037037
0 0.5006510416666666 0.5002777777777778 0.05026041666666667 0.10222222222222223
0 0.5277864583333334 0.4601388888888889 0.01942708333333333 0.09435185185185185
0 0.22671875 0.4818981481481481 0.023958333333333335 0.09731481481481481
0 0.4134375 0.665462962962963 0.1990625 0.6709259259259259
0 0.5908593750000001 0.6453703703703704 0.08859375 0.477962962962963
0 0.25395833333333334 0.4623611111111111 0.014583333333333334 0.07268518518518519
0 0.7321614583333333 0.5616666666666665 0.06359374999999999 0.3087037037037037
0 0.243984375 0.4661574074074074 0.01265625 0.07453703703703704
0 0.5420052083333332 0.44513888888888886 0.012864583333333334 0.0813888888888889
