0 0.22489583333333335 0.48171296296296295 0.027083333333333334 0.10027777777777777
0 0.40036458333333336 0.6500462962962963 0.08614583333333334 0.520462962962963
0 0.31940104166666666 0.500462962962963 0.031927083333333335 0.155
0 0.6300000000000001 0.46101851851851855 0.018125 0.09092592592592592
0 0.5530208333333333 0.5619907407407407 0.05979166666666667 0.2980555555555555
0 0.47484375 0.5790277777777778 0.07885416666666667 0.35527777777777775
0 0.27578125 0.47337962962962965 0.017083333333333332 0.10046296296296296
0 0.20476562499999998 0.4622685185185185 0.022864583333333334 0.09842592592592592
0 0.245625 0.4808333333333333 0.017708333333333333 0.1
0 0.35020833333333334 0.4638888888888889 0.013958333333333333 0.06962962962962964
0 0.29809895833333333 0.4576388888888889 0.013697916666666667 0.061759259259259264
0 0.28677083333333336 0.46120370370370367 0.013125 0.07351851851851852
0 0.31252604166666664 0.4074074074074074 0.010052083333333333 0.03481481481481482
0 0.3059635416666666 0.41407407407407404 0.010052083333333333 0.0337037037037037
