0 0.47671874999999997 0.5396296296296296 0.06822916666666666 0.2759259259259259
0 0.21270833333333333 0.48351851851851857 0.02802083333333333 0.10925925925925926
0 0.3823697916666667 0.5281018518518519 0.046406249999999996 0.2556481481481482
0 0.827265625 0.6738888888888889 0.12578125 0.654074074074074
0 0.5336979166666667 0.5175 0.060625000000000005 0.2301851851851852
0 0.578203125 0.4837962962962963 0.029427083333333333 0.14537037037037037
0 0.305390625 0.46148148148148144 0.017135416666666667 0.07592592592592592
0 0.6966666666666667 0.6725925925925925 0.11520833333333333 0.5387037037037037
0 0.339921875 0.46240740740740743 0.017552083333333336 0.08351851851851852
0 0.43 0.46949074074074076 0.029895833333333333 0.056574074074074075
0 0.6230989583333334 0.4562037037037037 0.018697916666666665 0.0788888888888889
0 0.9272916666666667 0.5967129629629631 0.10927083333333334 0.44731481481481483
0 0.28739583333333335 0.4609722222222222 0.01583333333333333 0.0699074074074074
0 0.24643229166666666 0.46092592592592596 0.013489583333333333 0.07037037037037037
