0 0.6523697916666666 0.08402777777777778 0.03234375 0.11046296296296296
0 0.3784635416666667 0.2434259259259259 0.04140625 0.10555555555555556
0 0.7871354166666666 0.07023148148148148 0.03145833333333333 0.13472222222222222
0 0.43427083333333333 0.2151388888888889 0.034166666666666665 0.15842592592592591
0 0.20690104166666667 0.3480092592592593 0.03442708333333333 0.1849074074074074
0 0.9143489583333333 0.5203703703703704 0.048802083333333336 0.19425925925925927
0 0.14080729166666664 0.3287962962962963 0.03244791666666667 0.17222222222222222
0 0.8553125 0.05199074074074074 0.028333333333333332 0.09768518518518518
0 0.10473958333333333 0.3198148148148148 0.03114583333333333 0.1862962962962963
0 0.8451562499999999 0.6541666666666667 0.050625 0.21611111111111111
0 0.8744010416666667 0.2996759259259259 0.03598958333333333 0.18101851851851852
0 0.30552083333333335 0.18583333333333332 0.02645833333333333 0.16462962962962965
0 0.2678125 0.1577777777777778 0.0234375 0.1461111111111111
0 0.16286458333333334 0.19699074074074074 0.026979166666666665 0.1613888888888889
0 0.12903645833333333 0.1999537037037037 0.029010416666666667 0.15046296296296297
0 0.2395052083333333 0.14615740740740743 0.024947916666666667 0.15453703703703706
0 0.40335937499999996 0.1488888888888889 0.022447916666666668 0.1425925925925926
0 0.2004427083333333 0.18541666666666667 0.025989583333333333 0.16657407407407407
0 0.60046875 0.9093981481481481 0.0640625 0.18305555555555555
0 0.3396875 0.6251388888888889 0.04677083333333333 0.2326851851851852
0 0.219140625 0.15856481481481483 0.027760416666666666 0.15231481481481482
