0 0.8903125000000001 0.5800925925925926 0.02625 0.11092592592592593
0 0.8094010416666666 0.5656944444444445 0.025885416666666668 0.10990740740740741
0 0.04013020833333334 0.6050462962962964 0.02484375 0.12768518518518518
0 0.19617187500000002 0.5224074074074074 0.01359375 0.06611111111111112
0 0.514921875 0.4898611111111111 0.010572916666666666 0.04398148148148148
0 0.7169791666666667 0.5187037037037038 0.014791666666666667 0.0651851851851852
0 0.24518229166666666 0.5314814814814814 0.012552083333333333 0.06222222222222223
0 0.5562239583333334 0.5093518518518518 0.012239583333333333 0.05296296296296297
0 0.6126822916666668 0.5095833333333334 0.012135416666666668 0.05527777777777778
0 0.702265625 0.5180092592592593 0.014427083333333333 0.059722222222222225
0 0.21208333333333332 0.5176388888888889 0.013020833333333334 0.062129629629629625
0 0.6930208333333333 0.518425925925926 0.011979166666666667 0.05666666666666667
0 0.6221093750000001 0.5098148148148148 0.01203125 0.055
0 0.20419270833333333 0.5211111111111111 0.010989583333333334 0.06666666666666667
0 0.532890625 0.49675925925925923 0.010260416666666666 0.04148148148148148
0 0.58359375 0.5071296296296297 0.0103125 0.04925925925925926
