0 0.65234375 0.08291666666666668 0.03239583333333333 0.10916666666666668
0 0.5358072916666666 0.20023148148148148 0.04234375 0.15675925925925926
0 0.7898958333333332 0.1322685185185185 0.028958333333333332 0.13953703703703701
0 0.19973958333333333 0.1789351851851852 0.0284375 0.16564814814814816
0 0.12533854166666666 0.19393518518518518 0.028593749999999998 0.15657407407407406
0 0.16453125 0.19532407407407407 0.028645833333333332 0.15842592592592591
0 0.07013020833333333 0.4108333333333334 0.026302083333333334 0.17518518518518517
0 0.38153645833333333 0.07407407407407407 0.028802083333333332 0.14629629629629629
0 0.24427083333333333 0.11087962962962963 0.03364583333333333 0.1549074074074074
0 0.37828125 0.2434722222222222 0.041875 0.10453703703703704
0 0.29380208333333335 0.13578703703703704 0.0259375 0.15175925925925926
0 0.23989583333333334 0.33328703703703705 0.0421875 0.20787037037037037
0 0.7350260416666666 0.6383333333333333 0.05473958333333333 0.2261111111111111
0 0.9167708333333333 0.5214351851851852 0.04010416666666667 0.1960185185185185
0 0.23697916666666666 0.7678703703703703 0.04760416666666667 0.24129629629629631
0 0.07486979166666667 0.6262962962962962 0.04192708333333333 0.23425925925925925
0 0.609765625 0.2223611111111111 0.023802083333333335 0.15009259259259258
0 0.12229166666666667 0.6618518518518519 0.03270833333333333 0.2001851851851852
0 0.3251822916666667 0.33587962962962964 0.03140625 0.18027777777777776
0 0.2920052083333333 0.3500925925925926 0.03296875 0.19537037037037036
0 0.21421875 0.058472222222222224 0.024791666666666667 0.10935185185185185
0 0.43434895833333337 0.3301851851851852 0.03369791666666667 0.16314814814814813
0 0.41041666666666665 0.3224537037037037 0.03677083333333333 0.17583333333333334
0 0.670234375 0.23990740740740743 0.030677083333333334 0.16111111111111112
0 0.2731510416666667 0.2681018518518518 0.03057291666666667 0.15527777777777776
0 0.4635416666666667 0.27282407407407405 0.038125 0.18064814814814814
0 0.4301822916666667 0.21930555555555556 0.03203125 0.16546296296296295
0 0.5567708333333333 0.9212962962962963 0.03760416666666667 0.15925925925925927
0 0.6870052083333335 0.24296296296296294 0.025677083333333333 0.16037037037037036
