0 0.449375 0.4725925925925926 0.0278125 0.07333333333333333
0 0.08669270833333333 0.5642592592592592 0.09421875 0.3333333333333333
0 0.33697916666666666 0.5414351851851852 0.0628125 0.3210185185185185
0 0.6204166666666667 0.6542129629629629 0.121875 0.5612037037037038
0 0.42932291666666667 0.4691666666666667 0.029062499999999998 0.05685185185185185
0 0.199609375 0.5744907407407408 0.08203125 0.320462962962963
0 0.4971875 0.48921296296296296 0.0325 0.17083333333333334
0 0.54359375 0.6301851851851851 0.07052083333333334 0.47537037037037033
0 0.2833072916666666 0.4546759259259259 0.011614583333333334 0.05768518518518518
0 0.29593749999999996 0.454212962962963 0.011354166666666667 0.05694444444444444
0 0.24330729166666665 0.5455092592592592 0.08161458333333332 0.29305555555555557
