0 0.48013020833333336 0.6240277777777778 0.08484375000000001 0.4726851851851852
0 0.8137239583333333 0.5991666666666667 0.08651041666666666 0.39
0 0.2747395833333333 0.4727314814814815 0.017708333333333333 0.10083333333333334
0 0.5553645833333333 0.6723148148148147 0.08010416666666667 0.6007407407407407
0 0.21263020833333332 0.48236111111111113 0.023385416666666665 0.10342592592592594
0 0.397265625 0.5076851851851851 0.04692708333333333 0.18592592592592594
0 0.7116666666666666 0.45981481481481484 0.021979166666666668 0.10018518518518518
0 0.35041666666666665 0.4624537037037037 0.0134375 0.06935185185185186
0 0.24236979166666664 0.4741203703703703 0.016822916666666667 0.09694444444444444
0 0.3084114583333334 0.4558333333333333 0.013489583333333333 0.05722222222222222
0 0.3006510416666667 0.45537037037037037 0.013385416666666667 0.05666666666666667
0 0.31671875 0.4527777777777778 0.0134375 0.054259259259259264
0 0.29093749999999996 0.4583333333333333 0.013854166666666667 0.06611111111111112
0 0.2315625 0.47939814814814813 0.013854166666666667 0.09527777777777778
