0 0.5015104166666667 0.49930555555555556 0.050208333333333334 0.10398148148148148
0 0.449609375 0.4736111111111111 0.02765625 0.0724074074074074
0 0.20604166666666668 0.46189814814814817 0.02354166666666667 0.09731481481481481
0 0.665546875 0.46069444444444446 0.019114583333333334 0.09453703703703703
0 0.2506510416666667 0.4827314814814815 0.022447916666666668 0.09787037037037037
0 0.4065625 0.5264814814814816 0.043854166666666666 0.2114814814814815
0 0.57671875 0.5020833333333333 0.018958333333333334 0.1087962962962963
0 0.31578125 0.5736111111111111 0.060000000000000005 0.3272222222222222
0 0.5338802083333333 0.4597685185185185 0.021302083333333333 0.09972222222222223
0 0.5584114583333334 0.4981018518518519 0.02109375 0.10305555555555555
0 0.35770833333333335 0.5492592592592593 0.052708333333333336 0.2816666666666667
0 0.23197916666666665 0.4626851851851852 0.01875 0.07833333333333332
0 0.27067708333333335 0.4726388888888889 0.015208333333333332 0.08416666666666667
