0 0.28822916666666665 0.5867129629629629 0.026145833333333333 0.11824074074074074
0 0.5882552083333333 0.732962962962963 0.05130208333333333 0.22111111111111112
0 0.676171875 0.6631944444444444 0.04380208333333333 0.19898148148148148
0 0.3219791666666667 0.5833796296296297 0.02666666666666667 0.12305555555555556
0 0.3862239583333334 0.6006944444444444 0.03536458333333334 0.14416666666666667
0 0.6340364583333334 0.680324074074074 0.045468749999999995 0.1950925925925926
0 0.2703125 0.5066203703703704 0.015729166666666666 0.06472222222222222
0 0.42966145833333336 0.5848148148148148 0.032135416666666666 0.13074074074074074
0 0.2910677083333333 0.5091666666666668 0.015156250000000001 0.05685185185185185
0 0.30864583333333334 0.5697222222222222 0.014791666666666667 0.08907407407407408
