0 0.029036458333333334 0.34375 0.021302083333333333 0.09842592592592592
0 0.6055208333333333 0.35935185185185187 0.0315625 0.1375925925925926
0 0.5122135416666667 0.3784259259259259 0.028489583333333336 0.0961111111111111
0 0.6738802083333334 0.3585185185185185 0.037135416666666664 0.14814814814814814
0 0.4898177083333334 0.3684722222222222 0.03046875 0.1000925925925926
0 0.401484375 0.3610648148148148 0.03401041666666667 0.16675925925925925
0 0.053593749999999996 0.3424537037037037 0.02322916666666667 0.10472222222222222
0 0.44708333333333333 0.36712962962962964 0.029270833333333336 0.15055555555555555
0 0.5444270833333333 0.3363425925925926 0.016145833333333335 0.06712962962962964
0 0.9312239583333334 0.4948148148148148 0.10963541666666667 0.6755555555555556
0 0.3220572916666667 0.32935185185185184 0.013489583333333333 0.054259259259259264
0 0.570078125 0.3375 0.01359375 0.05907407407407407
0 0.87890625 0.47662037037037036 0.10177083333333334 0.5506481481481482
0 0.34096354166666665 0.3253703703703704 0.012343749999999999 0.046481481481481485
0 0.38091145833333334 0.33527777777777773 0.016822916666666667 0.056296296296296296
0 0.3344791666666667 0.3288888888888889 0.012083333333333333 0.04574074074074074
0 0.35 0.3231018518518519 0.012083333333333333 0.04601851851851852
0 0.5842187499999999 0.3414814814814815 0.0146875 0.060555555555555564
0 0.35716145833333335 0.3239814814814815 0.011614583333333334 0.04518518518518518
0 0.04119791666666666 0.3419907407407407 0.0175 0.09564814814814815
