0 0.03828125 0.3705555555555556 0.03947916666666666 0.18129629629629632
0 0.8195052083333334 0.5855555555555555 0.12671875000000002 0.6985185185185185
0 0.6204427083333334 0.36069444444444443 0.03755208333333333 0.15435185185185185
0 0.37981770833333334 0.3545833333333333 0.044843749999999995 0.19453703703703704
0 0.5166145833333333 0.3493981481481482 0.033854166666666664 0.16027777777777777
0 0.6553645833333334 0.33949074074074076 0.019375 0.10898148148148148
0 0.16221354166666666 0.3318055555555555 0.021614583333333333 0.11601851851851852
0 0.5951041666666667 0.33921296296296294 0.0253125 0.12675925925925927
0 0.9433072916666666 0.5906944444444445 0.11442708333333333 0.7239814814814814
0 0.447265625 0.32027777777777783 0.012447916666666666 0.05888888888888889
0 0.29174479166666667 0.3460185185185185 0.03307291666666667 0.15333333333333332
0 0.493828125 0.33611111111111114 0.021510416666666664 0.1012962962962963
0 0.5749739583333333 0.31916666666666665 0.01359375 0.051666666666666666
0 0.4150260416666667 0.31912037037037033 0.012343749999999999 0.05694444444444444
0 0.30999999999999994 0.33245370370370364 0.0259375 0.12564814814814815
0 0.55703125 0.32407407407407407 0.0115625 0.05259259259259259
