0 0.3784114583333334 0.24324074074074073 0.04151041666666667 0.10444444444444444
0 0.652109375 0.08342592592592592 0.032552083333333336 0.11074074074074074
0 0.4326041666666667 0.21032407407407408 0.03875 0.15953703703703706
0 0.9368489583333334 0.2211574074074074 0.03598958333333333 0.16342592592592592
0 0.7831250000000001 0.20694444444444443 0.0340625 0.14944444444444446
0 0.6162500000000001 0.15685185185185185 0.030520833333333334 0.15537037037037038
0 0.847265625 0.6547685185185185 0.05317708333333333 0.21787037037037038
0 0.8716666666666667 0.18037037037037038 0.028854166666666667 0.1590740740740741
0 0.40570312499999994 0.1410648148148148 0.02921875 0.15157407407407406
0 0.5019010416666666 0.41870370370370374 0.039739583333333335 0.20388888888888887
0 0.23671875 0.3132407407407407 0.0359375 0.18074074074074073
0 0.9160416666666666 0.5198148148148148 0.04083333333333334 0.19518518518518518
0 0.6626302083333333 0.8081944444444444 0.04973958333333333 0.2525
0 0.19307291666666665 0.84875 0.048854166666666664 0.25027777777777777
0 0.7808333333333334 0.05032407407407408 0.030729166666666665 0.0987962962962963
0 0.24375 0.15074074074074076 0.028958333333333332 0.16833333333333333
0 0.4604427083333333 0.4268981481481481 0.03567708333333333 0.1950925925925926
0 0.26971354166666667 0.29689814814814813 0.032239583333333335 0.16472222222222221
0 0.133984375 0.2038425925925926 0.02890625 0.15416666666666667
0 0.30085937500000004 0.1888425925925926 0.029114583333333333 0.15805555555555553
0 0.22104166666666666 0.47740740740740745 0.034791666666666665 0.2001851851851852
0 0.191875 0.31203703703703706 0.033854166666666664 0.17722222222222223
0 0.188046875 0.475462962962963 0.04401041666666667 0.17925925925925926
0 0.7450520833333333 0.05032407407407408 0.024895833333333332 0.09787037037037037
0 0.931015625 0.7399074074074075 0.048906250000000005 0.23074074074074072
0 0.16434895833333335 0.1950925925925926 0.02744791666666667 0.15962962962962962
0 0.26580729166666667 0.12148148148148147 0.02755208333333333 0.14574074074074075
0 0.139609375 0.055972222222222215 0.026822916666666665 0.10842592592592593
0 0.17549479166666665 0.06162037037037037 0.02546875 0.12138888888888888
