0 0.6185416666666667 0.38162037037037033 0.03135416666666667 0.1349074074074074
0 0.52703125 0.4036574074074074 0.03125 0.09805555555555556
0 0.7078645833333332 0.38532407407407404 0.04125 0.1597222222222222
0 0.501796875 0.3978703703703704 0.03203125 0.1012962962962963
0 0.037994791666666666 0.3746759259259259 0.028177083333333335 0.10916666666666668
0 0.4126822916666667 0.3875462962962963 0.03307291666666667 0.16416666666666668
0 0.015625 0.3794444444444445 0.0275 0.10407407407407408
0 0.4532552083333333 0.3950462962962963 0.03046875 0.1525
0 0.5563541666666667 0.35856481481481484 0.017395833333333333 0.06453703703703705
0 0.33031249999999995 0.3558796296296296 0.015000000000000001 0.054907407407407405
0 0.9586197916666667 0.5001388888888889 0.08380208333333333 0.6380555555555556
0 0.3544010416666667 0.3514351851851852 0.012864583333333334 0.047314814814814816
0 0.5822395833333334 0.35875000000000007 0.012395833333333333 0.053425925925925925
0 0.5896354166666667 0.3598611111111111 0.0134375 0.05583333333333333
0 0.39205729166666664 0.35939814814814813 0.01609375 0.055092592592592596
0 0.3733854166666667 0.3499537037037037 0.011666666666666665 0.04342592592592592
