0 0.5233854166666666 0.4756481481481482 0.03895833333333333 0.1622222222222222
0 0.6812239583333334 0.5483333333333333 0.06848958333333334 0.39611111111111114
0 0.07677083333333333 0.5020833333333333 0.041666666666666664 0.19101851851851853
0 0.4029427083333334 0.4514814814814815 0.021302083333333333 0.10574074074074075
0 0.34429687500000006 0.43583333333333335 0.013385416666666667 0.06351851851851852
0 0.4519791666666667 0.44569444444444445 0.022500000000000003 0.10287037037037036
0 0.4278645833333333 0.4484722222222222 0.023958333333333335 0.11398148148148148
0 0.386328125 0.43902777777777774 0.018802083333333334 0.0850925925925926
0 0.19778645833333333 0.44675925925925924 0.011614583333333334 0.05981481481481481
0 0.21856770833333333 0.44763888888888886 0.012447916666666666 0.059166666666666666
0 0.21002604166666666 0.4471759259259259 0.01171875 0.06101851851851852
0 0.17804687500000002 0.4464814814814815 0.010989583333333334 0.05555555555555555
0 0.189609375 0.44560185185185186 0.011197916666666667 0.05694444444444444
0 0.03174479166666667 0.5549537037037037 0.053281249999999995 0.3136111111111111
0 0.22653645833333333 0.45129629629629625 0.012447916666666666 0.05555555555555555
