0 0.652265625 0.08351851851851852 0.032135416666666666 0.11
0 0.3784114583333334 0.24375 0.040989583333333336 0.10601851851851851
0 0.7917187499999999 0.0699074074074074 0.030312500000000003 0.13148148148148148
0 0.21635416666666665 0.29189814814814813 0.0325 0.17787037037037037
0 0.42518229166666666 0.21439814814814817 0.03536458333333334 0.16157407407407406
0 0.9157552083333333 0.5192129629629629 0.044843749999999995 0.19546296296296295
0 0.9490104166666667 0.29648148148148146 0.035625000000000004 0.16666666666666666
0 0.890546875 0.36180555555555555 0.04692708333333333 0.1928703703703704
0 0.46997395833333333 0.0512962962962963 0.02796875 0.10074074074074074
0 0.5282552083333333 0.04694444444444444 0.02671875 0.09129629629629629
0 0.16411458333333334 0.1935185185185185 0.027083333333333334 0.16074074074074074
0 0.29127604166666665 0.18208333333333332 0.031197916666666665 0.16398148148148148
0 0.42578125 0.6706944444444444 0.051354166666666666 0.23435185185185184
0 0.8781770833333333 0.07472222222222223 0.027708333333333335 0.14574074074074075
0 0.11317708333333334 0.37171296296296297 0.03697916666666667 0.1749074074074074
0 0.8450000000000001 0.07337962962962963 0.028854166666666667 0.1449074074074074
0 0.15216145833333336 0.9050462962962962 0.04255208333333334 0.19175925925925924
0 0.25354166666666667 0.18050925925925926 0.03395833333333333 0.17157407407407407
0 0.12919270833333335 0.1990277777777778 0.03036458333333333 0.14750000000000002
0 0.8484375 0.6518518518518519 0.035833333333333335 0.22277777777777777
0 0.20166666666666666 0.18324074074074073 0.028958333333333332 0.1662962962962963
0 0.4984635416666667 0.047314814814814816 0.029635416666666668 0.09203703703703704
0 0.084375 0.3515277777777778 0.030625 0.20249999999999999
0 0.405078125 0.14935185185185187 0.025572916666666667 0.14333333333333334
0 0.581875 0.8312962962962962 0.04916666666666667 0.22648148148148148
0 0.22776041666666666 0.12027777777777779 0.0253125 0.16814814814814813
0 0.5507552083333334 0.8227314814814815 0.05765625 0.21787037037037038
0 0.22677083333333334 0.20462962962962963 0.021979166666666668 0.15
