0 0.6525000000000001 0.08287037037037037 0.0321875 0.1087037037037037
0 0.3782552083333333 0.24319444444444446 0.04088541666666667 0.10527777777777778
0 0.50203125 0.06944444444444445 0.029895833333333333 0.13703703703703704
0 0.5382291666666668 0.07226851851851851 0.02802083333333333 0.1426851851851852
0 0.2538802083333333 0.2687037037037037 0.03598958333333333 0.18129629629629632
0 0.15794270833333332 0.27629629629629626 0.02744791666666667 0.1622222222222222
0 0.20143229166666668 0.1834259259259259 0.029114583333333333 0.16444444444444445
0 0.9623177083333333 0.4372222222222223 0.044843749999999995 0.19925925925925925
0 0.91265625 0.5208333333333334 0.0496875 0.19444444444444445
0 0.14867187499999998 0.7506944444444444 0.04859375 0.2400925925925926
0 0.07643229166666667 0.4068055555555556 0.03078125 0.17416666666666666
0 0.7998177083333332 0.05291666666666667 0.030260416666666668 0.10342592592592594
0 0.4309635416666666 0.21560185185185188 0.02453125 0.16194444444444445
0 0.8751822916666666 0.41194444444444445 0.032135416666666666 0.18407407407407408
0 0.917109375 0.23060185185185186 0.033177083333333336 0.15046296296296297
0 0.4708072916666667 0.06337962962962963 0.026927083333333334 0.12490740740740741
0 0.19281250000000003 0.7770833333333333 0.038125 0.2287962962962963
0 0.130078125 0.20087962962962963 0.032135416666666666 0.14731481481481482
0 0.28492187500000005 0.15546296296296297 0.03171875 0.16018518518518518
0 0.8227083333333334 0.6758333333333333 0.03791666666666667 0.2237037037037037
0 0.4463802083333333 0.6579166666666666 0.04973958333333333 0.23453703703703704
0 0.8864843750000001 0.13 0.031927083333333335 0.16092592592592594
0 0.40661458333333333 0.15296296296296294 0.028125 0.1312962962962963
0 0.49830729166666665 0.6904166666666667 0.060572916666666664 0.2310185185185185
0 0.795078125 0.6106018518518518 0.03911458333333333 0.17601851851851852
0 0.5352604166666667 0.6952777777777778 0.0459375 0.2061111111111111
0 0.251796875 0.11884259259259258 0.03796875 0.16935185185185186
0 0.22708333333333333 0.07439814814814816 0.02322916666666667 0.14287037037037037
0 0.38588541666666665 0.1602777777777778 0.0265625 0.15351851851851853
0 0.23588541666666665 0.2058333333333333 0.025 0.14833333333333332
0 0.9140625 0.13458333333333333 0.026354166666666668 0.14916666666666667
0 0.5567708333333333 0.9268518518518518 0.0453125 0.14814814814814814
0 0.163515625 0.19828703703703704 0.026302083333333334 0.1562037037037037
0 0.9353645833333334 0.2111574074074074 0.0340625 0.1476851851851852
