0 0.6306510416666667 0.575462962962963 0.02755208333333333 0.11240740740740741
0 0.9850260416666666 0.635 0.030989583333333334 0.1733333333333333
0 0.5966666666666668 0.5783333333333334 0.023854166666666666 0.11037037037037037
0 0.48369791666666667 0.7680092592592593 0.06364583333333333 0.27768518518518515
0 0.8880989583333333 0.6460648148148148 0.033177083333333336 0.1549074074074074
0 0.6123958333333334 0.8786111111111111 0.0671875 0.2446296296296296
0 0.7079947916666666 0.5697685185185185 0.024010416666666666 0.11898148148148148
0 0.5816927083333334 0.518611111111111 0.016614583333333332 0.06814814814814814
0 0.6736458333333334 0.573935185185185 0.023958333333333335 0.1149074074074074
0 0.5633854166666666 0.5103240740740741 0.012395833333333333 0.0612037037037037
0 0.55578125 0.5133333333333334 0.012291666666666668 0.060555555555555564
0 0.8531770833333333 0.6474537037037037 0.034687499999999996 0.15842592592592591
