0 0.2249479166666667 0.48259259259259263 0.02666666666666667 0.09851851851851852
0 0.38395833333333335 0.6387037037037037 0.08802083333333334 0.5022222222222222
0 0.31296874999999996 0.49694444444444447 0.0334375 0.1585185185185185
0 0.4624479166666667 0.5756944444444444 0.07916666666666666 0.35138888888888886
0 0.20510416666666667 0.4615740740740741 0.023020833333333334 0.0987037037037037
0 0.27513020833333335 0.4727777777777778 0.017760416666666667 0.09962962962962962
0 0.6036979166666667 0.46296296296296297 0.020520833333333332 0.0937037037037037
0 0.5283854166666667 0.5583796296296296 0.057708333333333334 0.2947222222222222
0 0.5638281250000001 0.532037037037037 0.052760416666666664 0.26240740740740737
0 0.6230729166666666 0.46152777777777776 0.019375 0.0912037037037037
0 0.24848958333333335 0.48259259259259263 0.019583333333333335 0.10111111111111111
0 0.31309895833333334 0.4097222222222222 0.012135416666666668 0.041666666666666664
0 0.2913020833333333 0.42625 0.010208333333333335 0.04212962962962963
0 0.29692708333333334 0.43439814814814814 0.019375 0.08564814814814815
0 0.31997395833333336 0.40314814814814814 0.01171875 0.04611111111111111
