0 0.47640625000000003 0.655925925925926 0.12927083333333333 0.5514814814814815
0 0.339296875 0.5015277777777778 0.033177083333333336 0.17324074074074072
0 0.629296875 0.5769907407407407 0.07692708333333333 0.32564814814814813
0 0.20463541666666665 0.46351851851851855 0.023125 0.09833333333333334
0 0.23015625 0.4812962962962963 0.021979166666666668 0.1025925925925926
0 0.27630208333333334 0.4712037037037037 0.017812500000000002 0.10351851851851851
0 0.5769010416666667 0.5006018518518518 0.020989583333333332 0.10564814814814814
0 0.5566927083333334 0.5 0.021302083333333333 0.10092592592592593
0 0.31507812500000004 0.4564814814814815 0.013385416666666667 0.05555555555555555
0 0.2525 0.4701388888888889 0.016666666666666666 0.09824074074074074
0 0.291875 0.45425925925925925 0.013541666666666667 0.060925925925925925
