0 0.5009374999999999 0.49953703703703706 0.0509375 0.10296296296296296
0 0.44893229166666665 0.4724537037037037 0.02765625 0.07083333333333333
0 0.206328125 0.4624074074074074 0.022864583333333334 0.09814814814814815
0 0.6654947916666667 0.46129629629629626 0.018697916666666665 0.09259259259259259
0 0.5764583333333333 0.5031944444444445 0.019375 0.10712962962962963
0 0.22927083333333334 0.46337962962962964 0.021770833333333333 0.07972222222222222
0 0.390234375 0.5262962962962963 0.04671875 0.21055555555555555
0 0.3075 0.5654166666666667 0.059166666666666666 0.3087962962962963
0 0.5592447916666666 0.49800925925925926 0.020885416666666667 0.10287037037037036
0 0.5339322916666667 0.4613888888888889 0.02203125 0.10092592592592593
0 0.3450520833333333 0.542962962962963 0.050312499999999996 0.2707407407407407
0 0.25369791666666663 0.478287037037037 0.0184375 0.09305555555555556
0 0.4299739583333333 0.4696296296296296 0.027760416666666666 0.05240740740740741
0 0.5816666666666667 0.46379629629629626 0.020625 0.09703703703703703
