0 0.496640625 0.3350925925925926 0.026302083333333334 0.08814814814814816
0 0.4047916666666666 0.33189814814814816 0.033749999999999995 0.1613888888888889
0 0.592890625 0.320462962962963 0.031510416666666666 0.13203703703703704
0 0.47390625 0.3288425925925926 0.026979166666666665 0.09064814814814816
0 0.09773437499999998 0.3181944444444445 0.020781249999999998 0.0849074074074074
0 0.4460416666666667 0.3309259259259259 0.028333333333333332 0.1438888888888889
0 0.5243229166666666 0.30050925925925925 0.016354166666666666 0.06583333333333333
0 0.6243489583333334 0.3134722222222222 0.029531250000000002 0.1150925925925926
0 0.368359375 0.3198148148148148 0.02140625 0.1037037037037037
0 0.7941666666666668 0.38930555555555557 0.0915625 0.43287037037037035
0 0.554453125 0.2987037037037037 0.01328125 0.05722222222222222
0 0.3093489583333333 0.29819444444444443 0.01359375 0.04861111111111111
0 0.3163020833333333 0.2974537037037037 0.0125 0.046203703703703705
0 0.3404947916666667 0.2965740740740741 0.01078125 0.04037037037037037
0 0.067578125 0.321574074074074 0.024427083333333332 0.10351851851851851
