0 0.888046875 0.5781018518518519 0.04015625 0.13287037037037036
0 0.7091927083333334 0.5761574074074074 0.026822916666666665 0.12583333333333332
0 0.08182291666666666 0.5834259259259258 0.0140625 0.0774074074074074
0 0.5369791666666667 0.5241203703703703 0.01625 0.06398148148148147
0 0.46361979166666667 0.5226851851851851 0.013072916666666667 0.05907407407407407
0 0.6265625 0.5660185185185185 0.0275 0.11296296296296296
0 0.43354166666666666 0.5050925925925925 0.008229166666666668 0.04388888888888889
0 0.02950520833333333 0.5740277777777777 0.01598958333333333 0.08064814814814815
0 0.5833854166666667 0.5391666666666666 0.01625 0.07666666666666666
0 0.013307291666666667 0.5768055555555556 0.016927083333333332 0.0813888888888889
0 0.511484375 0.5261111111111111 0.014114583333333335 0.06259259259259259
0 0.5739322916666667 0.5372222222222223 0.015156250000000001 0.07148148148148148
0 0.5188802083333334 0.5268055555555555 0.01203125 0.06416666666666666
0 0.527421875 0.5241203703703704 0.014739583333333334 0.06101851851851852
0 0.5502864583333333 0.5256944444444445 0.013489583333333333 0.06231481481481481
0 0.5035677083333333 0.5252314814814815 0.011822916666666666 0.05824074074074074
