0 0.6520572916666667 0.08333333333333333 0.03244791666666667 0.11037037037037037
0 0.3784895833333333 0.24375 0.04145833333333333 0.10601851851851851
0 0.1796875 0.7391203703703704 0.04895833333333333 0.23546296296296299
0 0.26598958333333333 0.25828703703703704 0.034270833333333334 0.17175925925925925
0 0.43278645833333335 0.20958333333333334 0.039427083333333335 0.15916666666666668
0 0.7573697916666667 0.06837962962962962 0.026822916666666665 0.1349074074074074
0 0.7895052083333333 0.16402777777777777 0.029427083333333333 0.1375
0 0.8467447916666667 0.6558333333333334 0.054218749999999996 0.21888888888888888
0 0.306640625 0.18805555555555556 0.029635416666666668 0.15944444444444444
0 0.9169791666666668 0.5189814814814815 0.0403125 0.19796296296296298
0 0.8447395833333334 0.11967592592592592 0.0259375 0.1486111111111111
0 0.9051302083333332 0.15152777777777776 0.028697916666666667 0.15842592592592591
0 0.21994791666666666 0.2562962962962963 0.030833333333333334 0.1635185185185185
0 0.59234375 0.09268518518518519 0.02822916666666667 0.14425925925925928
0 0.5253645833333332 0.5022222222222222 0.040937499999999995 0.20925925925925926
0 0.19591145833333334 0.41226851851851853 0.03911458333333333 0.17064814814814816
0 0.1755729166666667 0.23939814814814817 0.034166666666666665 0.1763888888888889
0 0.40677083333333336 0.1415277777777778 0.028125 0.14935185185185187
0 0.25713541666666667 0.07287037037037038 0.02645833333333333 0.1388888888888889
0 0.23317708333333337 0.4022685185185186 0.029270833333333336 0.1886111111111111
0 0.4750260416666667 0.5160648148148148 0.03473958333333334 0.2050925925925926
0 0.1761197916666667 0.06046296296296296 0.02484375 0.11833333333333333
0 0.9335677083333332 0.7394907407407407 0.048281250000000005 0.2200925925925926
0 0.14630208333333333 0.05597222222222222 0.027395833333333335 0.10990740740740741
0 0.14127604166666666 0.2021296296296296 0.029531250000000002 0.15666666666666665
0 0.7966666666666667 0.06847222222222223 0.030416666666666665 0.13435185185185183
0 0.7165104166666667 0.9189351851851851 0.04760416666666667 0.16398148148148148
0 0.23158854166666668 0.13712962962962963 0.028177083333333335 0.16796296296296298
