0 0.6524739583333333 0.08291666666666668 0.032239583333333335 0.11101851851851853
0 0.3784635416666667 0.24393518518518517 0.04171875 0.1050925925925926
0 0.21364583333333334 0.3765740740740741 0.03802083333333333 0.18592592592592594
0 0.90125 0.2556481481481482 0.03270833333333333 0.17074074074074075
0 0.27390624999999996 0.36527777777777776 0.035520833333333335 0.1762962962962963
0 0.4323177083333334 0.21069444444444443 0.03734375 0.15898148148148147
0 0.6673697916666667 0.2381481481481482 0.03307291666666667 0.1562962962962963
0 0.16427083333333334 0.1961574074074074 0.0271875 0.15416666666666667
0 0.5027604166666666 0.33342592592592596 0.0359375 0.19277777777777777
0 0.6187760416666667 0.6638425925925925 0.04526041666666667 0.23824074074074075
0 0.45651041666666664 0.33587962962962964 0.034270833333333334 0.17805555555555558
0 0.136328125 0.20527777777777778 0.03015625 0.15074074074074076
0 0.1706510416666667 0.37939814814814815 0.03526041666666667 0.19083333333333333
0 0.9166666666666666 0.5193981481481482 0.0403125 0.19712962962962963
0 0.21361979166666664 0.562037037037037 0.03328125 0.2101851851851852
0 0.8472135416666667 0.6561574074074074 0.053802083333333334 0.22064814814814815
0 0.404921875 0.14337962962962966 0.028281249999999997 0.1499074074074074
0 0.29723958333333333 0.1925462962962963 0.03229166666666667 0.16268518518518518
0 0.908359375 0.7428703703703703 0.046406249999999996 0.21907407407407406
0 0.17348958333333334 0.5621759259259259 0.04614583333333333 0.18694444444444444
0 0.9746354166666666 0.2994444444444444 0.03229166666666667 0.1737037037037037
0 0.7827083333333335 0.26157407407407407 0.034791666666666665 0.14944444444444446
0 0.23414062499999996 0.23342592592592593 0.03036458333333333 0.15185185185185185
0 0.26242187499999997 0.2437037037037037 0.03661458333333333 0.18333333333333332
0 0.32171874999999994 0.6224074074074074 0.039375 0.21685185185185185
0 0.21002604166666666 0.17620370370370372 0.03015625 0.16240740740740742
0 0.17184895833333333 0.06208333333333333 0.018697916666666665 0.12101851851851851
0 0.2125520833333333 0.9272222222222222 0.04677083333333333 0.1474074074074074
