0 0.6009114583333334 0.3445833333333333 0.03369791666666667 0.13546296296296298
0 0.12151041666666666 0.4037962962962963 0.059479166666666666 0.2588888888888889
0 0.499453125 0.34976851851851853 0.02421875 0.08083333333333333
0 0.73609375 0.39592592592592596 0.05239583333333333 0.3635185185185185
0 0.52890625 0.32125 0.016041666666666666 0.060648148148148145
0 0.46421875 0.34847222222222224 0.029895833333333333 0.14194444444444446
0 0.4233854166666667 0.3418981481481482 0.034687499999999996 0.16324074074074074
0 0.3663020833333333 0.3359259259259259 0.022916666666666665 0.10537037037037036
0 0.5542447916666667 0.31560185185185186 0.01265625 0.047314814814814816
0 0.3925 0.3213888888888889 0.011354166666666667 0.0575925925925926
0 0.3250260416666667 0.3145833333333333 0.011822916666666666 0.04009259259259259
0 0.3778125 0.3293055555555555 0.020625 0.08916666666666666
0 0.30072916666666666 0.32685185185185184 0.017604166666666664 0.05962962962962964
