0 0.5006510416666666 0.4994444444444444 0.05078125 0.10333333333333333
0 0.4490104166666667 0.47291666666666665 0.0278125 0.07157407407407407
0 0.20627604166666663 0.4625462962962963 0.02255208333333333 0.09768518518518518
0 0.6657552083333333 0.4610648148148148 0.018802083333333334 0.09342592592592593
0 0.5761979166666666 0.5038425925925926 0.018958333333333334 0.1062037037037037
0 0.5341145833333333 0.4616203703703704 0.022083333333333333 0.10268518518518518
0 0.30874999999999997 0.5670370370370371 0.056666666666666664 0.3098148148148148
0 0.25315104166666663 0.4777314814814814 0.01890625 0.0936111111111111
0 0.22947916666666668 0.46370370370370373 0.021979166666666668 0.08
0 0.39427083333333335 0.5257407407407407 0.049791666666666665 0.21037037037037035
0 0.34802083333333333 0.5419907407407407 0.04895833333333333 0.2708333333333333
0 0.5597135416666668 0.4997685185185185 0.020260416666666666 0.10027777777777777
0 0.5815364583333333 0.4634259259259259 0.02015625 0.09777777777777777
0 0.2674739583333333 0.47125000000000006 0.01328125 0.08768518518518519
