0 0.2616145833333333 0.5894444444444444 0.02802083333333333 0.1137037037037037
0 0.3601822916666667 0.6003240740740741 0.03890625 0.14787037037037035
0 0.56203125 0.7393055555555554 0.052708333333333336 0.23249999999999998
0 0.6103906250000001 0.685138888888889 0.04421875 0.19324074074074074
0 0.6482291666666666 0.6674537037037037 0.042708333333333334 0.20435185185185184
0 0.299375 0.5825462962962963 0.024374999999999997 0.11953703703703702
0 0.245546875 0.50625 0.016614583333333332 0.0675
0 0.25484375 0.5081481481481481 0.015729166666666666 0.060925925925925925
0 0.27450520833333336 0.5118055555555555 0.014947916666666667 0.0625
0 0.40236979166666664 0.5983333333333333 0.03078125 0.14981481481481482
0 0.2777604166666666 0.5488425925925926 0.017604166666666664 0.0725
