0 0.6522916666666666 0.08245370370370371 0.03239583333333333 0.1100925925925926
0 0.37843750000000004 0.24333333333333335 0.04114583333333333 0.10555555555555556
0 0.8564843749999999 0.06439814814814815 0.03057291666666667 0.12694444444444444
0 0.9170312499999999 0.5181944444444444 0.03916666666666667 0.19824074074074075
0 0.166484375 0.6000462962962962 0.04182291666666667 0.22175925925925927
0 0.30242187500000006 0.18824074074074076 0.03432291666666667 0.1638888888888889
0 0.8464322916666666 0.6558333333333333 0.052656249999999995 0.21833333333333335
0 0.423046875 0.20314814814814816 0.02703125 0.16666666666666666
0 0.16057291666666668 0.245462962962963 0.0315625 0.18444444444444444
0 0.2656510416666667 0.17703703703703702 0.03411458333333333 0.16555555555555557
0 0.21799479166666666 0.3073611111111111 0.038385416666666665 0.1628703703703704
0 0.24416666666666664 0.30722222222222223 0.029583333333333333 0.1814814814814815
0 0.13499999999999998 0.20092592592592592 0.027291666666666665 0.1537037037037037
0 0.5802604166666667 0.6508333333333333 0.04052083333333333 0.2361111111111111
0 0.7845052083333334 0.10129629629629629 0.03171875 0.14185185185185184
0 0.54125 0.6688425925925925 0.0378125 0.21861111111111112
0 0.19372395833333333 0.24847222222222223 0.026822916666666665 0.16157407407407406
0 0.4061197916666667 0.14199074074074072 0.029635416666666668 0.14953703703703702
0 0.7623697916666666 0.12333333333333332 0.026406250000000003 0.14648148148148146
0 0.235234375 0.17226851851851852 0.030677083333333334 0.15824074074074074
0 0.14630208333333336 0.05949074074074074 0.02822916666666667 0.11472222222222223
0 0.24096354166666664 0.03925925925925926 0.021510416666666664 0.07648148148148147
