0 0.8449739583333334 0.6861111111111111 0.04703125 0.17925925925925926
0 0.7359895833333334 0.6635185185185185 0.04604166666666667 0.19296296296296298
0 0.7757291666666666 0.7116203703703703 0.035729166666666666 0.18731481481481482
0 0.06812499999999999 0.7038888888888888 0.025208333333333333 0.15703703703703703
0 0.03591145833333333 0.7297685185185185 0.02234375 0.1502777777777778
0 0.8080729166666667 0.5570833333333333 0.019166666666666665 0.08657407407407407
0 0.76890625 0.5572685185185184 0.019791666666666666 0.07694444444444444
0 0.7105989583333333 0.5129166666666667 0.01171875 0.050833333333333335
0 0.7448958333333333 0.55375 0.017604166666666664 0.08083333333333333
0 0.7165104166666667 0.5171296296296296 0.011979166666666667 0.05092592592592592
0 0.7257291666666668 0.5273148148148148 0.012187499999999999 0.05148148148148148
