0 0.6522916666666666 0.08398148148148149 0.03208333333333333 0.1112962962962963
0 0.7891927083333333 0.06648148148148147 0.03057291666666667 0.1311111111111111
0 0.3783333333333333 0.24365740740740738 0.040937499999999995 0.10675925925925926
0 0.21776041666666665 0.27421296296296294 0.034791666666666665 0.17527777777777778
0 0.16455729166666666 0.1952314814814815 0.028281249999999997 0.15953703703703706
0 0.42143229166666674 0.21342592592592594 0.03015625 0.1622222222222222
0 0.5311979166666667 0.05236111111111111 0.028854166666666667 0.10287037037037036
0 0.10638020833333334 0.3807407407407407 0.03505208333333333 0.18092592592592593
0 0.9161458333333333 0.5202314814814815 0.042291666666666665 0.1950925925925926
0 0.9041145833333334 0.37347222222222226 0.03822916666666667 0.1837962962962963
0 0.8821875 0.08578703703703702 0.027291666666666665 0.14916666666666667
0 0.9383593749999999 0.28277777777777774 0.03630208333333333 0.15833333333333333
0 0.258125 0.1947685185185185 0.03260416666666667 0.1726851851851852
0 0.8505989583333334 0.08018518518518519 0.029635416666666668 0.15592592592592594
0 0.47296875 0.055185185185185184 0.027291666666666665 0.10722222222222222
0 0.8410677083333334 0.6604166666666667 0.03276041666666667 0.22361111111111112
0 0.28515625 0.1776388888888889 0.03145833333333333 0.16601851851851854
0 0.12989583333333335 0.2028703703703704 0.03260416666666667 0.14851851851851852
0 0.15872395833333333 0.8852777777777778 0.04307291666666667 0.2312962962962963
0 0.44273437499999996 0.6772222222222222 0.039635416666666666 0.2351851851851852
0 0.49856770833333336 0.052175925925925924 0.029739583333333333 0.10250000000000001
0 0.12513020833333333 0.8666203703703704 0.05005208333333333 0.2565740740740741
0 0.25244791666666666 0.0799074074074074 0.0359375 0.15648148148148147
0 0.22291666666666668 0.10893518518518519 0.02666666666666667 0.15287037037037038
0 0.5326562499999999 0.8011574074074074 0.064375 0.23953703703703702
0 0.9508854166666667 0.7112037037037037 0.033229166666666664 0.19685185185185183
0 0.842890625 0.35847222222222225 0.03046875 0.1862037037037037
0 0.9886458333333333 0.3063888888888889 0.02375 0.1962962962962963
0 0.5697395833333334 0.8131481481481482 0.04552083333333334 0.21851851851851853
