0 0.7785416666666667 0.6793981481481481 0.14541666666666667 0.6430555555555556
0 0.3578906250000001 0.5299537037037036 0.04838541666666667 0.2508333333333333
0 0.66125 0.6615740740740741 0.08499999999999999 0.5461111111111111
0 0.55 0.45662037037037034 0.020104166666666666 0.09842592592592592
0 0.30335937500000004 0.45893518518518517 0.018177083333333333 0.07583333333333334
0 0.4377864583333333 0.5408333333333334 0.05182291666666667 0.27462962962962967
0 0.399140625 0.4741666666666667 0.02328125 0.12129629629629629
0 0.5758593750000001 0.4946296296296296 0.020468749999999997 0.12185185185185185
0 0.49223958333333334 0.5198611111111111 0.06729166666666667 0.23472222222222222
0 0.590234375 0.4759722222222222 0.020885416666666667 0.13212962962962962
0 0.8524739583333333 0.5752314814814815 0.09609375 0.3900925925925926
0 0.2509375 0.46171296296296294 0.014895833333333334 0.07175925925925926
0 0.2856510416666667 0.4586574074074074 0.013802083333333333 0.06675925925925925
0 0.5287239583333333 0.4587962962962963 0.014114583333333335 0.08722222222222223
0 0.4625 0.5201388888888889 0.03354166666666667 0.26583333333333337
0 0.565234375 0.4685185185185185 0.01796875 0.10722222222222222
0 0.6084635416666667 0.4626851851851852 0.01296875 0.08388888888888889
