0 0.6522395833333333 0.08398148148148149 0.03208333333333333 0.11018518518518519
0 0.7728385416666668 0.06861111111111111 0.029635416666666668 0.13240740740740742
0 0.20026041666666666 0.6564351851851852 0.05520833333333333 0.2313888888888889
0 0.37838541666666664 0.24365740740740738 0.041562499999999995 0.10416666666666667
0 0.0703125 0.4133796296296296 0.027291666666666665 0.17675925925925925
0 0.91625 0.5223148148148148 0.04145833333333333 0.19703703703703704
0 0.25505208333333335 0.20027777777777778 0.03833333333333333 0.18703703703703703
0 0.9060677083333333 0.12152777777777778 0.029010416666666667 0.14638888888888887
0 0.20216145833333332 0.1839351851851852 0.03046875 0.1687962962962963
0 0.43041666666666667 0.2178240740740741 0.030729166666666665 0.1676851851851852
0 0.48440104166666664 0.5011111111111112 0.037135416666666664 0.18555555555555556
0 0.24479166666666666 0.5295833333333334 0.03760416666666667 0.22398148148148148
0 0.8096354166666667 0.6704166666666667 0.04697916666666667 0.22712962962962965
0 0.13916666666666666 0.432962962962963 0.029791666666666668 0.1748148148148148
0 0.23307291666666666 0.12106481481481482 0.029166666666666667 0.1587962962962963
0 0.5332552083333334 0.15296296296296294 0.031614583333333335 0.16425925925925927
0 0.5000260416666668 0.12398148148148146 0.031614583333333335 0.1585185185185185
0 0.16075520833333332 0.20092592592592592 0.028385416666666666 0.16074074074074074
0 0.8350260416666667 0.052592592592592594 0.029739583333333333 0.10111111111111111
0 0.5610677083333333 0.14884259259259258 0.02765625 0.1562037037037037
0 0.12611979166666668 0.2000462962962963 0.029322916666666664 0.15416666666666667
0 0.2877604166666667 0.5394907407407408 0.033854166666666664 0.19990740740740742
0 0.4515625 0.4976388888888889 0.04020833333333333 0.19101851851851853
0 0.3812760416666667 0.07416666666666667 0.02744791666666667 0.14425925925925928
0 0.39171875 0.1726851851851852 0.025625000000000002 0.16462962962962965
0 0.21263020833333332 0.9149999999999999 0.05296875 0.17185185185185184
0 0.278984375 0.17074074074074075 0.02140625 0.15555555555555556
0 0.5039322916666666 0.9214814814814815 0.04088541666666667 0.15888888888888889
