0 0.819921875 0.5793055555555555 0.029635416666666668 0.11398148148148148
0 0.8706770833333334 0.5798611111111112 0.03302083333333333 0.11787037037037036
0 0.7314322916666668 0.5263888888888889 0.018177083333333333 0.09092592592592592
0 0.053098958333333335 0.7114814814814815 0.02453125 0.09888888888888889
0 0.09796875 0.6056018518518518 0.025520833333333333 0.14453703703703702
0 0.14151041666666667 0.6104629629629629 0.02375 0.1385185185185185
0 0.26947916666666666 0.5484259259259259 0.01885416666666667 0.08851851851851851
0 0.788671875 0.5181944444444444 0.018697916666666665 0.07138888888888888
0 0.76890625 0.5074074074074074 0.016666666666666666 0.07518518518518519
0 0.3461458333333333 0.5196759259259259 0.014166666666666666 0.0687962962962963
0 0.2908072916666667 0.5469907407407407 0.01703125 0.0850925925925926
0 0.43645833333333334 0.4921759259259259 0.009791666666666667 0.04287037037037037
0 0.625390625 0.46875 0.009427083333333334 0.03453703703703703
0 0.5637760416666667 0.47050925925925924 0.007864583333333333 0.023425925925925926
0 0.4165625 0.48712962962962963 0.010208333333333335 0.045
0 0.4273177083333333 0.4890740740740741 0.008906250000000001 0.04092592592592593
0 0.7795833333333333 0.5118055555555555 0.015208333333333332 0.06861111111111111
0 0.6691145833333334 0.4799537037037037 0.007604166666666666 0.041944444444444444
0 0.40875 0.48490740740740745 0.009375 0.04351851851851852
