0 0.7609375 0.5957407407407407 0.1028125 0.37592592592592594
0 0.4649479166666667 0.6272222222222222 0.07302083333333333 0.44703703703703707
0 0.2754947916666667 0.4727314814814815 0.018072916666666668 0.10287037037037036
0 0.376796875 0.5059259259259259 0.03348958333333333 0.18166666666666664
0 0.21630208333333334 0.48356481481481484 0.022083333333333333 0.10435185185185185
0 0.54046875 0.6720833333333333 0.08625 0.5934259259259259
0 0.8802864583333334 0.5363425925925925 0.061927083333333334 0.30842592592592594
0 0.24833333333333335 0.47583333333333333 0.016145833333333335 0.09888888888888889
0 0.3467708333333333 0.46125000000000005 0.013958333333333333 0.06546296296296296
0 0.31052083333333336 0.45416666666666666 0.012187499999999999 0.05666666666666667
0 0.29739583333333336 0.45532407407407405 0.012083333333333333 0.05620370370370371
0 0.3389583333333333 0.4566203703703704 0.013958333333333333 0.05842592592592593
