0 0.6522395833333333 0.08236111111111111 0.0325 0.10990740740740741
0 0.582265625 0.07263888888888889 0.03244791666666667 0.14342592592592593
0 0.37835937499999994 0.2434259259259259 0.04130208333333333 0.10518518518518517
0 0.7858072916666666 0.1522685185185185 0.03109375 0.1423148148148148
0 0.432890625 0.20976851851851852 0.038072916666666665 0.16101851851851853
0 0.26002604166666665 0.06342592592592593 0.024947916666666667 0.12314814814814815
0 0.8473958333333333 0.6556481481481481 0.05385416666666667 0.21814814814814815
0 0.175390625 0.2406944444444445 0.03651041666666666 0.1826851851851852
0 0.91734375 0.5193055555555556 0.04072916666666667 0.19768518518518519
0 0.17174479166666667 0.7124074074074074 0.04505208333333333 0.2301851851851852
0 0.30625 0.18930555555555553 0.030416666666666665 0.1636111111111111
0 0.26544270833333333 0.2426388888888889 0.031510416666666666 0.16842592592592592
0 0.48385416666666664 0.5477777777777778 0.03666666666666667 0.21444444444444444
0 0.19505208333333332 0.38773148148148145 0.0428125 0.17287037037037037
0 0.8977343750000001 0.1287962962962963 0.028593749999999998 0.1585185185185185
0 0.8365104166666666 0.09976851851851852 0.029270833333333336 0.1386111111111111
0 0.406796875 0.14217592592592593 0.02890625 0.15083333333333335
0 0.5292447916666666 0.5328703703703703 0.03578125 0.21388888888888888
0 0.7540104166666667 0.07583333333333334 0.026354166666666668 0.14351851851851852
0 0.23752604166666666 0.38097222222222227 0.029947916666666668 0.18953703703703703
0 0.14611979166666667 0.05763888888888889 0.027864583333333335 0.11342592592592593
0 0.22736979166666668 0.23912037037037037 0.03109375 0.16675925925925925
0 0.13828125 0.19907407407407407 0.02645833333333333 0.15611111111111112
0 0.9383072916666666 0.7403703703703703 0.048906250000000005 0.21611111111111111
0 0.7941927083333334 0.07125 0.029322916666666664 0.13953703703703701
