0 0.5008333333333334 0.5001851851851852 0.051250000000000004 0.1037037037037037
0 0.44953125 0.4735185185185185 0.02802083333333333 0.07296296296296297
0 0.20619791666666668 0.46212962962962967 0.022708333333333334 0.09814814814814815
0 0.6657812500000001 0.46032407407407405 0.01864583333333333 0.09435185185185185
0 0.2889322916666667 0.5615740740740741 0.07015624999999999 0.3005555555555556
0 0.2290625 0.46370370370370373 0.021979166666666668 0.07907407407407407
0 0.5340104166666666 0.4611574074074074 0.021770833333333333 0.1062037037037037
0 0.8096093750000001 0.45555555555555555 0.02755208333333333 0.11870370370370369
0 0.34781249999999997 0.54375 0.04677083333333333 0.26175925925925925
0 0.5594791666666666 0.4991666666666667 0.020520833333333332 0.10296296296296296
0 0.5764843749999999 0.5001851851851852 0.01796875 0.10703703703703703
0 0.42916666666666664 0.4697685185185185 0.029375 0.059537037037037034
0 0.5818229166666667 0.45731481481481484 0.021249999999999998 0.10296296296296296
0 0.3797916666666667 0.5260185185185186 0.03916666666666667 0.20537037037037037
