0 0.6522135416666667 0.08282407407407408 0.03244791666666667 0.10916666666666668
0 0.20026041666666666 0.18055555555555555 0.02875 0.1638888888888889
0 0.22890625 0.8765740740740741 0.05385416666666667 0.24870370370370373
0 0.3813541666666666 0.07462962962962963 0.028958333333333332 0.1474074074074074
0 0.06953125 0.4116666666666666 0.025729166666666668 0.17351851851851852
0 0.122265625 0.1949537037037037 0.026822916666666665 0.1526851851851852
0 0.7891666666666666 0.1327314814814815 0.029270833333333336 0.13824074074074075
0 0.9166666666666666 0.520462962962963 0.04 0.195
0 0.7345833333333334 0.637824074074074 0.05489583333333334 0.2262037037037037
0 0.16622395833333334 0.19523148148148148 0.030260416666666668 0.16157407407407406
0 0.5071875 0.2772685185185186 0.03625 0.17712962962962964
0 0.6174999999999999 0.21893518518518518 0.029791666666666668 0.16157407407407406
0 0.28447916666666667 0.30726851851851855 0.0375 0.18564814814814815
0 0.24210937500000002 0.37560185185185185 0.040468750000000005 0.20916666666666667
0 0.04437499999999999 0.7312037037037037 0.043541666666666666 0.2025925925925926
0 0.6666666666666666 0.25199074074074074 0.023020833333333334 0.15861111111111112
0 0.292890625 0.13837962962962963 0.025677083333333333 0.15583333333333335
0 0.7333072916666666 0.2585648148148148 0.03359375 0.1826851851851852
0 0.075625 0.6236574074074074 0.0440625 0.23657407407407408
0 0.2645572916666667 0.21796296296296294 0.03109375 0.15055555555555555
0 0.455 0.2821296296296296 0.030104166666666664 0.15518518518518518
0 0.37864583333333335 0.24671296296296294 0.030104166666666664 0.1499074074074074
0 0.24375 0.07342592592592592 0.027916666666666666 0.1425925925925926
0 0.20859375 0.07893518518518519 0.025416666666666664 0.14916666666666667
0 0.4344270833333333 0.2699537037037037 0.033125 0.17916666666666667
0 0.26695312499999996 0.11046296296296297 0.030885416666666665 0.14796296296296296
0 0.149375 0.16055555555555553 0.028333333333333332 0.15611111111111112
0 0.7528125 0.2523148148148148 0.022395833333333334 0.15703703703703703
