0 0.6520312500000001 0.0825462962962963 0.03270833333333333 0.11212962962962962
0 0.37859375 0.24328703703703702 0.041562499999999995 0.10472222222222222
0 0.7874479166666666 0.07120370370370371 0.0315625 0.13277777777777777
0 0.9160677083333333 0.5191203703703704 0.05005208333333333 0.19305555555555556
0 0.43450520833333334 0.21342592592592594 0.03307291666666667 0.15944444444444444
0 0.30268229166666666 0.18513888888888888 0.031510416666666666 0.16435185185185186
0 0.61546875 0.05453703703703704 0.03739583333333333 0.10388888888888889
0 0.20036458333333332 0.18439814814814814 0.02645833333333333 0.15638888888888888
0 0.18776041666666668 0.4048611111111111 0.03635416666666667 0.19398148148148148
0 0.8457812499999999 0.6531018518518519 0.050312499999999996 0.21694444444444447
0 0.25018229166666667 0.6040740740740741 0.041093750000000005 0.2274074074074074
0 0.8604687500000001 0.2434259259259259 0.04083333333333334 0.17055555555555554
0 0.227734375 0.07277777777777777 0.030052083333333333 0.1437037037037037
0 0.2598958333333333 0.18347222222222223 0.025 0.1628703703703704
0 0.13096354166666666 0.29212962962962963 0.029531250000000002 0.1877777777777778
0 0.4033072916666667 0.1463425925925926 0.02411458333333333 0.14287037037037037
0 0.237578125 0.18921296296296294 0.031197916666666665 0.14731481481481482
0 0.15838541666666667 0.2985648148148148 0.030208333333333334 0.16842592592592592
0 0.7672916666666667 0.9199537037037038 0.05072916666666667 0.16194444444444445
0 0.19822916666666668 0.06736111111111111 0.0271875 0.13231481481481483
0 0.16359375 0.19449074074074074 0.027604166666666666 0.16083333333333333
0 0.7256770833333334 0.9292129629629631 0.042291666666666665 0.14342592592592593
0 0.7948697916666666 0.2349537037037037 0.024010416666666666 0.15694444444444444
