0 0.08877604166666667 0.5996296296296296 0.02421875 0.12222222222222222
0 0.9016145833333333 0.5727314814814816 0.03177083333333333 0.10453703703703704
0 0.8313802083333334 0.5627777777777778 0.02265625 0.1112962962962963
0 0.6605208333333333 0.5322222222222222 0.016979166666666667 0.075
0 0.22632812500000002 0.5233796296296296 0.012343749999999999 0.06268518518518519
0 0.031875 0.6416666666666667 0.03302083333333333 0.1635185185185185
0 0.5328645833333333 0.4889814814814815 0.01 0.040185185185185185
0 0.7391666666666666 0.5176851851851852 0.011979166666666667 0.060555555555555564
0 0.9745312500000001 0.765462962962963 0.05197916666666667 0.2833333333333333
0 0.2727864583333333 0.5299074074074074 0.01171875 0.06166666666666666
0 0.709140625 0.521712962962963 0.014947916666666667 0.05527777777777778
0 0.572265625 0.507824074074074 0.012239583333333333 0.051944444444444446
0 0.3816145833333333 0.4906018518518518 0.008645833333333333 0.031574074074074074
0 0.6301041666666667 0.5108333333333333 0.012812500000000001 0.055185185185185184
0 0.24539062500000003 0.5161111111111112 0.011302083333333332 0.05592592592592593
0 0.25203125 0.5191203703703704 0.0109375 0.05694444444444444
0 0.5902083333333333 0.5066666666666667 0.010416666666666666 0.04759259259259259
0 0.010963541666666665 0.6450462962962963 0.017135416666666667 0.15212962962962964
0 0.5656770833333333 0.5103240740740742 0.0125 0.04805555555555555
0 0.5492708333333333 0.49740740740740746 0.010416666666666666 0.04296296296296296
0 0.7309375 0.5210648148148148 0.011875 0.05620370370370371
