0 0.4491145833333334 0.4727314814814815 0.027708333333333335 0.07027777777777779
0 0.6195572916666667 0.6519444444444444 0.11369791666666668 0.5583333333333333
0 0.3215885416666666 0.5427314814814815 0.07098958333333334 0.3343518518518519
0 0.05549479166666667 0.57375 0.10505208333333332 0.3499074074074074
0 0.16153645833333333 0.5835185185185185 0.07276041666666666 0.32999999999999996
0 0.429609375 0.46925925925925926 0.029427083333333333 0.05611111111111111
0 0.25361979166666665 0.4687037037037037 0.020260416666666666 0.09685185185185184
0 0.541875 0.6362962962962964 0.06864583333333334 0.47000000000000003
0 0.22151041666666665 0.5451388888888888 0.06864583333333334 0.27805555555555556
0 0.27427083333333335 0.4550925925925926 0.013229166666666665 0.05888888888888889
