0 0.6522916666666666 0.08356481481481481 0.03239583333333333 0.11064814814814815
0 0.37838541666666664 0.24319444444444444 0.040937499999999995 0.10546296296296297
0 0.787109375 0.07041666666666667 0.031302083333333335 0.13435185185185183
0 0.43450520833333334 0.2135648148148148 0.03411458333333333 0.15546296296296297
0 0.206171875 0.35060185185185183 0.03619791666666667 0.1836111111111111
0 0.8536458333333333 0.05 0.028541666666666667 0.0961111111111111
0 0.9145833333333333 0.5199537037037036 0.048854166666666664 0.1950925925925926
0 0.8724999999999999 0.2948148148148148 0.036562500000000005 0.1814814814814815
0 0.10549479166666666 0.3167592592592593 0.03171875 0.18444444444444444
0 0.845078125 0.6546296296296297 0.05078125 0.2172222222222222
0 0.3332291666666667 0.6201851851851852 0.054375 0.21203703703703702
0 0.14208333333333334 0.327037037037037 0.03166666666666666 0.1675925925925926
0 0.3048958333333333 0.1840277777777778 0.026875 0.16601851851851854
0 0.26820312500000004 0.1561574074074074 0.02421875 0.14675925925925926
0 0.19994791666666664 0.1840277777777778 0.026979166666666665 0.16564814814814816
0 0.12953125 0.20171296296296296 0.029270833333333336 0.15064814814814814
0 0.16348958333333333 0.1965740740740741 0.0265625 0.15944444444444444
0 0.24119791666666668 0.1491666666666667 0.024583333333333336 0.15037037037037038
0 0.6016145833333333 0.9109722222222223 0.0628125 0.1799074074074074
0 0.4038020833333333 0.14703703703703705 0.022291666666666664 0.1411111111111111
0 0.21986979166666665 0.15731481481481482 0.02755208333333333 0.14944444444444446
