0 0.8174218750000001 0.5891666666666666 0.12317708333333334 0.6646296296296296
0 0.044036458333333334 0.36629629629629634 0.038697916666666665 0.1835185185185185
0 0.61921875 0.35958333333333337 0.036145833333333335 0.14935185185185187
0 0.38148437500000004 0.3557407407407408 0.05036458333333334 0.19648148148148148
0 0.6577864583333334 0.3388425925925926 0.019947916666666666 0.1125
0 0.5192447916666666 0.34925925925925927 0.028281249999999997 0.1475925925925926
0 0.17442708333333332 0.3308796296296296 0.022291666666666664 0.11046296296296296
0 0.28247395833333333 0.3526851851851852 0.022864583333333334 0.13574074074074075
0 0.448125 0.32037037037037036 0.012291666666666668 0.06037037037037037
0 0.5963020833333332 0.33625 0.024583333333333336 0.12083333333333333
0 0.947421875 0.5763425925925927 0.10619791666666667 0.7297222222222223
0 0.5396875 0.3408796296296296 0.026770833333333334 0.1310185185185185
0 0.5757291666666666 0.31407407407407406 0.012604166666666666 0.05148148148148148
0 0.41609375000000004 0.3151851851851852 0.012187499999999999 0.05555555555555555
0 0.011614583333333333 0.38333333333333336 0.017083333333333332 0.16148148148148148
0 0.30526041666666665 0.33675925925925926 0.029479166666666667 0.14222222222222222
0 0.163984375 0.31546296296296295 0.016822916666666667 0.08055555555555556
