0 0.5012239583333333 0.49958333333333327 0.05005208333333333 0.10342592592592594
0 0.449453125 0.47337962962962965 0.027864583333333335 0.07175925925925926
0 0.28317708333333336 0.5575925925925926 0.06447916666666667 0.28833333333333333
0 0.20651041666666667 0.4617592592592593 0.022916666666666665 0.09925925925925926
0 0.665859375 0.46050925925925923 0.018385416666666664 0.09472222222222222
0 0.34846354166666665 0.5405092592592593 0.04807291666666667 0.2576851851851852
0 0.22882812500000002 0.46370370370370373 0.021614583333333333 0.08018518518518518
0 0.8006510416666667 0.4591203703703704 0.02734375 0.11527777777777778
0 0.5596614583333335 0.4997222222222223 0.020468749999999997 0.10092592592592593
0 0.5351822916666666 0.46347222222222223 0.021718750000000002 0.1063888888888889
0 0.5820833333333334 0.45555555555555555 0.021770833333333333 0.10574074074074075
0 0.4301041666666667 0.46921296296296294 0.029270833333333336 0.05675925925925926
0 0.5769270833333333 0.49930555555555556 0.018020833333333333 0.10657407407407407
0 0.3158333333333333 0.4859259259259259 0.019270833333333334 0.1238888888888889
0 0.3770052083333333 0.5247222222222223 0.03234375 0.19240740740740742
