0 0.7539583333333333 0.5611574074074074 0.022187500000000002 0.11675925925925926
0 0.13072916666666667 0.5410185185185186 0.013020833333333334 0.06703703703703705
0 0.18361979166666667 0.5468981481481482 0.01296875 0.06287037037037038
0 0.6577083333333333 0.5178703703703703 0.0140625 0.06444444444444444
0 0.47432291666666665 0.4909722222222222 0.010208333333333335 0.04694444444444445
0 0.5702864583333334 0.5099074074074074 0.01359375 0.05722222222222222
0 0.5141145833333334 0.5081481481481482 0.011666666666666665 0.055
0 0.6058072916666666 0.506712962962963 0.011822916666666666 0.05842592592592593
0 0.14815104166666665 0.5344907407407408 0.012760416666666666 0.06342592592592593
0 0.29328125 0.49592592592592594 0.0071875 0.033518518518518524
0 0.504609375 0.5049074074074074 0.01140625 0.05
0 0.173203125 0.5409722222222222 0.012552083333333333 0.059166666666666666
0 0.5286458333333334 0.5073148148148148 0.011041666666666667 0.05074074074074074
0 0.16083333333333333 0.5354629629629629 0.025520833333333333 0.06444444444444444
0 0.4876041666666666 0.4957870370370371 0.010208333333333335 0.047685185185185185
0 0.29966145833333335 0.4952314814814815 0.007239583333333333 0.03212962962962963
0 0.480859375 0.4932407407407407 0.011614583333333334 0.04962962962962963
0 0.28726562499999997 0.4986111111111111 0.007552083333333333 0.03333333333333333
0 0.553984375 0.5098148148148148 0.02140625 0.05592592592592593
