0 0.6336718749999999 0.3797222222222222 0.03109375 0.1337037037037037
0 0.5461979166666667 0.40532407407407406 0.03197916666666666 0.09935185185185184
0 0.7386458333333333 0.382962962962963 0.04625 0.175
0 0.038671875 0.38305555555555554 0.02421875 0.1137037037037037
0 0.013619791666666667 0.3876388888888889 0.025572916666666667 0.10157407407407408
0 0.47075520833333334 0.3928703703703703 0.03359375 0.15444444444444447
0 0.52109375 0.3987037037037037 0.0328125 0.10740740740740741
0 0.4306770833333333 0.3877777777777778 0.033854166666666664 0.1685185185185185
0 0.578359375 0.35555555555555557 0.016927083333333332 0.06703703703703705
0 0.34825520833333334 0.35833333333333334 0.014114583333333335 0.05462962962962963
0 0.5975 0.3556481481481481 0.0153125 0.06425925925925927
0 0.3711979166666667 0.3535185185185185 0.012708333333333332 0.04666666666666667
0 0.409140625 0.35953703703703704 0.016927083333333332 0.06388888888888888
0 0.38882812499999997 0.3502777777777778 0.010989583333333334 0.04203703703703703
0 0.40143229166666666 0.3564351851851852 0.013802083333333333 0.051759259259259255
