0 0.44979166666666665 0.4736574074074074 0.0284375 0.07194444444444445
0 0.383984375 0.46171296296296294 0.020364583333333335 0.0937962962962963
0 0.8858593750000001 0.6793981481481481 0.13536458333333332 0.6430555555555556
0 0.6001302083333333 0.5399537037037038 0.06328125 0.2575
0 0.4932552083333333 0.5202314814814815 0.05286458333333333 0.23453703703703704
0 0.345859375 0.4714351851851852 0.020260416666666666 0.1050925925925926
0 0.2115625 0.4824537037037038 0.025416666666666664 0.10546296296296297
0 0.5497916666666666 0.5177777777777778 0.0559375 0.2681481481481482
0 0.42953125 0.4693055555555556 0.029062499999999998 0.05694444444444444
0 0.22820312499999998 0.4802777777777778 0.023385416666666665 0.09518518518518518
0 0.31148437500000004 0.4622685185185185 0.020781249999999998 0.07861111111111112
0 0.2928645833333333 0.4631018518518518 0.015104166666666667 0.07212962962962964
0 0.2719791666666667 0.44870370370370366 0.012916666666666667 0.053148148148148146
0 0.635390625 0.4652777777777778 0.025052083333333332 0.09888888888888889
