0 0.6100260416666666 0.3449074074074074 0.029739583333333333 0.13277777777777777
0 0.516484375 0.3610648148148148 0.028281249999999997 0.08898148148148148
0 0.6604947916666666 0.33694444444444444 0.03473958333333334 0.12685185185185185
0 0.035703124999999995 0.3298611111111111 0.03390625 0.12768518518518518
0 0.49255208333333333 0.3523148148148148 0.0296875 0.09555555555555556
0 0.4120833333333333 0.348287037037037 0.033749999999999995 0.16935185185185186
0 0.45546875 0.35361111111111115 0.028854166666666667 0.1487037037037037
0 0.8676041666666666 0.4419444444444444 0.09666666666666666 0.5488888888888889
0 0.08669270833333333 0.3269444444444445 0.025260416666666667 0.09740740740740741
0 0.5471614583333333 0.3225925925925926 0.016614583333333332 0.06222222222222223
0 0.32690104166666667 0.3184722222222222 0.013802083333333333 0.04916666666666667
0 0.06533854166666667 0.33055555555555555 0.020052083333333335 0.10148148148148148
0 0.8144010416666667 0.4224537037037037 0.06713541666666667 0.4426851851851852
0 0.35278645833333333 0.31504629629629627 0.011614583333333334 0.04490740740740741
0 0.5653124999999999 0.3202777777777778 0.013645833333333333 0.05555555555555555
0 0.33471354166666667 0.3188425925925926 0.013072916666666667 0.047685185185185185
0 0.3895052083333333 0.3325925925925926 0.02140625 0.08314814814814815
0 0.5827343749999999 0.31875 0.012760416666666666 0.051944444444444446
