0 0.6523177083333332 0.08282407407407408 0.032135416666666666 0.10990740740740741
0 0.3784635416666667 0.24388888888888893 0.04119791666666666 0.10481481481481482
0 0.43182291666666667 0.21074074074074076 0.03791666666666667 0.1598148148148148
0 0.27328125 0.3749537037037037 0.03833333333333333 0.17972222222222223
0 0.9169010416666666 0.5198148148148148 0.04286458333333333 0.19592592592592592
0 0.1642708333333333 0.19699074074074074 0.027604166666666666 0.15583333333333335
0 0.9029947916666666 0.26949074074074075 0.03348958333333333 0.1675
0 0.13674479166666667 0.2061574074074074 0.029635416666666668 0.15324074074074073
0 0.45789062500000005 0.3287037037037037 0.03328125 0.18185185185185185
0 0.21020833333333336 0.38939814814814816 0.03854166666666667 0.1837962962962963
0 0.5051302083333333 0.3215277777777778 0.03505208333333333 0.18546296296296297
0 0.6761979166666666 0.24541666666666667 0.033854166666666664 0.15694444444444444
0 0.8468229166666666 0.6573148148148149 0.05395833333333333 0.22166666666666668
0 0.17072916666666668 0.3866666666666667 0.03520833333333333 0.18796296296296297
0 0.40520833333333334 0.14509259259259258 0.02802083333333333 0.1487037037037037
0 0.614609375 0.6466666666666667 0.04380208333333333 0.23
0 0.8987760416666666 0.7418518518518519 0.04015625 0.21703703703703706
0 0.17315104166666667 0.5793981481481482 0.045468749999999995 0.1960185185185185
0 0.208828125 0.17967592592592593 0.03078125 0.16546296296296295
0 0.21203124999999998 0.5724537037037037 0.033749999999999995 0.2113888888888889
0 0.9792447916666666 0.31421296296296297 0.033177083333333336 0.18009259259259258
0 0.7832291666666666 0.2662037037037037 0.035729166666666666 0.14814814814814814
0 0.32093750000000004 0.617037037037037 0.03697916666666667 0.23074074074074072
0 0.17026041666666666 0.06208333333333333 0.019270833333333334 0.11990740740740741
0 0.24309895833333334 0.2363425925925926 0.032239583333333335 0.15305555555555556
0 0.2967447916666667 0.1909722222222222 0.031927083333333335 0.15824074074074074
0 0.27013020833333334 0.2411574074074074 0.03421875 0.1763888888888889
