0 0.7588281249999999 0.6311111111111112 0.029010416666666667 0.14185185185185184
0 0.7290625 0.6085648148148148 0.0240625 0.14750000000000002
0 0.8285416666666666 0.6156481481481482 0.02666666666666667 0.14981481481481482
0 0.9463281250000001 0.5583796296296296 0.020885416666666667 0.11527777777777778
0 0.014869791666666665 0.6649074074074074 0.02723958333333333 0.13740740740740742
0 0.133203125 0.6501851851851851 0.021197916666666667 0.1338888888888889
0 0.6459635416666667 0.5086574074074074 0.015260416666666667 0.05064814814814815
0 0.111328125 0.6689814814814815 0.016510416666666666 0.11981481481481482
0 0.690234375 0.5012037037037037 0.012239583333333333 0.05444444444444444
0 0.663359375 0.500138888888889 0.010989583333333334 0.04527777777777778
0 0.7443229166666667 0.6193518518518518 0.021249999999999998 0.1261111111111111
