0 0.5007291666666667 0.49939814814814815 0.050625 0.10379629629629629
0 0.44895833333333335 0.4729629629629629 0.027916666666666666 0.07296296296296297
0 0.206484375 0.46296296296296297 0.02265625 0.09740740740740741
0 0.6657291666666667 0.46064814814814814 0.0184375 0.09259259259259259
0 0.5762499999999999 0.5040277777777779 0.01885416666666667 0.10546296296296297
0 0.39703125 0.5256944444444445 0.052083333333333336 0.2100925925925926
0 0.533984375 0.46037037037037043 0.021927083333333333 0.10203703703703704
0 0.309609375 0.5654629629629631 0.05703125 0.3137037037037037
0 0.22890625 0.4637962962962963 0.021666666666666667 0.08018518518518518
0 0.25341145833333334 0.47907407407407404 0.018802083333333334 0.0962962962962963
0 0.5594791666666666 0.4996759259259259 0.020625 0.10064814814814815
0 0.3476041666666667 0.5404166666666668 0.04916666666666667 0.2630555555555556
0 0.26752604166666666 0.46981481481481485 0.013697916666666667 0.08722222222222223
0 0.5816666666666667 0.46574074074074073 0.019791666666666666 0.09851851851851852
