0 0.18200520833333333 0.5716203703703704 0.10880208333333334 0.3775
0 0.604296875 0.6493981481481481 0.10026041666666667 0.5419444444444445
0 0.4487760416666667 0.4736574074074074 0.027864583333333335 0.07212962962962964
0 0.2623697916666667 0.4718981481481482 0.017864583333333333 0.10527777777777778
0 0.5091927083333333 0.6349537037037037 0.07640625 0.4815740740740741
0 0.7867708333333333 0.45666666666666667 0.029166666666666667 0.10462962962962963
0 0.42932291666666667 0.46935185185185185 0.029479166666666667 0.05907407407407407
0 0.35023437500000004 0.46314814814814814 0.013489583333333333 0.06703703703703705
0 0.03989583333333333 0.5720833333333334 0.07458333333333332 0.32083333333333336
0 0.22606770833333334 0.4866203703703703 0.02234375 0.10157407407407408
0 0.33645833333333336 0.4561111111111111 0.012812500000000001 0.05962962962962964
0 0.3075 0.4526851851851852 0.011770833333333335 0.054259259259259264
0 0.295703125 0.45379629629629625 0.01015625 0.05444444444444444
0 0.32765625000000004 0.4526388888888889 0.02041666666666667 0.0587962962962963
