0 0.9464583333333334 0.5746296296296296 0.03739583333333333 0.13648148148148148
0 0.72609375 0.5770833333333333 0.02822916666666667 0.1289814814814815
0 0.6496614583333333 0.5758796296296296 0.03078125 0.1223148148148148
0 0.06546875 0.5960648148148148 0.0153125 0.0849074074074074
0 0.5636979166666667 0.5444907407407407 0.018333333333333333 0.07453703703703704
0 0.5953125 0.5369444444444444 0.019895833333333335 0.08703703703703704
0 0.5334635416666667 0.5231481481481481 0.015885416666666666 0.06685185185185186
0 0.436953125 0.5067592592592592 0.009322916666666665 0.04537037037037037
0 0.006484375 0.5951388888888889 0.011927083333333333 0.08120370370370371
0 0.201875 0.5147222222222222 0.008645833333333333 0.033518518518518524
0 0.5209635416666667 0.5209722222222222 0.012343749999999999 0.06046296296296296
0 0.5513281250000001 0.5338888888888889 0.013177083333333334 0.06833333333333333
0 0.6069010416666667 0.5329629629629629 0.014531249999999999 0.08388888888888889
