0 0.6521614583333334 0.08282407407407408 0.032552083333333336 0.11083333333333334
0 0.37856770833333336 0.24351851851851852 0.04140625 0.10555555555555556
0 0.58875 0.08083333333333334 0.028541666666666667 0.14703703703703705
0 0.7873437499999999 0.15861111111111112 0.030312500000000003 0.14240740740740743
0 0.4331770833333333 0.20875 0.03895833333333333 0.1612037037037037
0 0.9024479166666667 0.1362037037037037 0.0275 0.1575925925925926
0 0.8475781250000001 0.6590277777777778 0.05307291666666667 0.2173148148148148
0 0.19458333333333336 0.39666666666666667 0.042499999999999996 0.16777777777777778
0 0.26614583333333336 0.25328703703703703 0.031875 0.1686111111111111
0 0.9169270833333333 0.5193055555555556 0.04114583333333333 0.19842592592592595
0 0.3062760416666667 0.18921296296296297 0.030677083333333334 0.16101851851851853
0 0.17638020833333332 0.7302777777777778 0.04296875 0.23092592592592592
0 0.17520833333333333 0.23893518518518514 0.036875 0.18027777777777776
0 0.258203125 0.06643518518518518 0.026614583333333334 0.1310185185185185
0 0.4066666666666667 0.14092592592592593 0.028333333333333332 0.15185185185185185
0 0.7559374999999999 0.0735648148148148 0.02666666666666667 0.1423148148148148
0 0.23515625 0.3971296296296296 0.030000000000000002 0.18962962962962965
0 0.8415625000000001 0.11092592592592594 0.0259375 0.14203703703703704
0 0.479921875 0.5287962962962963 0.03734375 0.20833333333333334
0 0.5259114583333333 0.5167592592592593 0.040468750000000005 0.20537037037037037
0 0.139375 0.20120370370370372 0.028854166666666667 0.1577777777777778
0 0.146328125 0.05685185185185185 0.028072916666666666 0.1111111111111111
0 0.9336197916666666 0.7400462962962963 0.04682291666666667 0.21583333333333332
0 0.22453125000000002 0.24379629629629632 0.029270833333333336 0.1675925925925926
0 0.7942968750000001 0.07013888888888889 0.03348958333333333 0.13842592592592592
0 0.17606770833333332 0.05921296296296297 0.024635416666666667 0.1162037037037037
0 0.22825520833333332 0.13157407407407407 0.03036458333333333 0.16240740740740742
0 0.7257552083333334 0.9279166666666666 0.047343750000000004 0.14601851851851852
0 0.19520833333333334 0.23439814814814816 0.021979166666666668 0.1597222222222222
