0 0.8084635416666667 0.5586574074074074 0.11432291666666666 0.7015740740740741
0 0.5565364583333333 0.3201851851851852 0.025052083333333332 0.12814814814814815
0 0.466484375 0.33912037037037035 0.03828125 0.17064814814814816
0 0.5901041666666667 0.3364351851851852 0.033749999999999995 0.14842592592592593
0 0.43341145833333333 0.3263888888888889 0.028489583333333336 0.10796296296296296
0 0.618984375 0.32180555555555557 0.020468749999999997 0.1125
0 0.9382552083333333 0.5447222222222222 0.12453125 0.7251851851851853
0 0.3110416666666666 0.3487962962962963 0.0534375 0.20666666666666667
0 0.5014322916666667 0.32773148148148146 0.027760416666666666 0.12268518518518519
0 0.10083333333333333 0.33305555555555555 0.024687499999999998 0.12277777777777778
0 0.27567708333333335 0.32425925925925925 0.0278125 0.1137037037037037
0 0.20072916666666665 0.3456018518518518 0.028125 0.14694444444444443
0 0.07572916666666667 0.31171296296296297 0.017291666666666667 0.08064814814814815
0 0.40130208333333334 0.3052314814814815 0.011770833333333335 0.05935185185185184
0 0.3588802083333333 0.30925925925925923 0.011510416666666667 0.05333333333333334
0 0.365625 0.3091203703703703 0.011041666666666667 0.056388888888888884
0 0.34088541666666666 0.31175925925925924 0.0134375 0.06481481481481481
0 0.4100260416666667 0.31319444444444444 0.014531249999999999 0.06712962962962964
0 0.08565104166666668 0.32013888888888886 0.016197916666666666 0.09305555555555556
0 0.5274479166666667 0.30560185185185185 0.034895833333333334 0.07120370370370371
0 0.06408854166666668 0.3099074074074074 0.016302083333333335 0.0774074074074074
