0 0.6524479166666667 0.08375 0.03208333333333333 0.11064814814814815
0 0.37833333333333335 0.24351851851851852 0.04083333333333334 0.1037037037037037
0 0.8559895833333333 0.06731481481481481 0.034375 0.13277777777777777
0 0.9234895833333333 0.14671296296296296 0.030312500000000003 0.1423148148148148
0 0.7647916666666668 0.05375 0.027291666666666665 0.10564814814814814
0 0.2760416666666667 0.6478703703703703 0.050104166666666665 0.22296296296296297
0 0.16403645833333333 0.20129629629629628 0.028385416666666666 0.16055555555555556
0 0.12325520833333332 0.20421296296296299 0.03015625 0.15212962962962964
0 0.24502604166666667 0.41194444444444445 0.03744791666666667 0.1962962962962963
0 0.5524479166666667 0.13449074074074074 0.0284375 0.1549074074074074
0 0.250546875 0.17675925925925925 0.03651041666666666 0.19018518518518518
0 0.5423177083333334 0.475 0.03390625 0.18092592592592593
0 0.07041666666666666 0.4114351851851852 0.0275 0.17564814814814814
0 0.51953125 0.1323611111111111 0.03239583333333333 0.1636111111111111
0 0.9163802083333333 0.5215740740740741 0.04078125 0.1988888888888889
0 0.968671875 0.5410648148148148 0.03598958333333333 0.19527777777777777
0 0.20440104166666667 0.18217592592592594 0.02890625 0.16712962962962963
0 0.43059895833333334 0.2187037037037037 0.032135416666666666 0.16
0 0.8340625 0.6868981481481482 0.0484375 0.22953703703703704
0 0.1325 0.3960648148148148 0.029583333333333333 0.17509259259259258
0 0.225390625 0.5677314814814814 0.044947916666666664 0.21916666666666665
0 0.4521354166666667 0.04689814814814815 0.025625000000000002 0.09194444444444444
0 0.28010416666666665 0.16495370370370369 0.0196875 0.15527777777777776
0 0.489140625 0.5337037037037037 0.039635416666666666 0.1935185185185185
0 0.46130208333333333 0.5275925925925926 0.0428125 0.21055555555555555
0 0.4975781249999999 0.08907407407407408 0.03234375 0.14796296296296296
0 0.40981770833333336 0.15912037037037036 0.02265625 0.14416666666666667
0 0.9854166666666667 0.13277777777777777 0.030208333333333334 0.15444444444444447
0 0.38453125000000005 0.16597222222222222 0.030833333333333334 0.16101851851851853
0 0.5170833333333333 0.9299074074074075 0.041041666666666664 0.14203703703703704
