0 0.31518229166666667 0.41759259259259257 0.07203125 0.31092592592592594
0 0.6095052083333333 0.38287037037037036 0.03296875 0.14425925925925928
0 0.5196614583333333 0.34481481481481485 0.014739583333333334 0.05703703703703704
0 0.65703125 0.36736111111111114 0.02333333333333333 0.1162037037037037
0 0.5621354166666667 0.37574074074074076 0.026041666666666668 0.15592592592592594
0 0.481171875 0.3686111111111111 0.029635416666666668 0.1325925925925926
0 0.4475520833333333 0.3661574074074074 0.030208333333333334 0.14342592592592593
0 0.3765625 0.34314814814814815 0.0115625 0.05981481481481481
0 0.35640625 0.34453703703703703 0.0134375 0.06851851851851852
0 0.5024739583333333 0.34902777777777777 0.014739583333333334 0.05453703703703704
