0 0.8959635416666667 0.5650000000000001 0.09838541666666667 0.5757407407407407
0 0.39825520833333333 0.3804166666666667 0.02265625 0.12435185185185187
0 0.49578125 0.39875 0.0375 0.1562037037037037
0 0.43859375 0.37824074074074077 0.026041666666666668 0.12518518518518518
0 0.5696875 0.38837962962962963 0.034479166666666665 0.17824074074074073
0 0.145859375 0.40134259259259264 0.028072916666666666 0.12064814814814816
0 0.305703125 0.3897685185185185 0.03786458333333333 0.1476851851851852
0 0.08140624999999999 0.39328703703703705 0.021979166666666668 0.10064814814814815
0 0.35953124999999997 0.3702314814814815 0.022916666666666665 0.04861111111111111
0 0.8069791666666666 0.3899074074074074 0.03239583333333333 0.15074074074074076
0 0.24294270833333334 0.3844444444444444 0.020260416666666666 0.10814814814814815
0 0.05549479166666667 0.3726851851851852 0.011927083333333333 0.06222222222222223
0 0.22927083333333334 0.38342592592592595 0.015416666666666667 0.09537037037037037
0 0.456640625 0.3688888888888889 0.01984375 0.10722222222222222
0 0.06656250000000001 0.38 0.012395833333333333 0.07851851851851852
0 0.9742447916666667 0.5590277777777778 0.05255208333333334 0.5997222222222223
