0 0.5008333333333332 0.4992592592592592 0.05083333333333333 0.10425925925925926
0 0.449296875 0.4728703703703704 0.02796875 0.0712962962962963
0 0.2063020833333333 0.46263888888888893 0.022604166666666665 0.09731481481481481
0 0.665859375 0.46111111111111114 0.018177083333333333 0.09314814814814815
0 0.22934895833333335 0.4639351851851851 0.022239583333333333 0.07898148148148147
0 0.2948177083333333 0.5577777777777777 0.06734375000000001 0.3
0 0.8175520833333334 0.4568518518518519 0.027083333333333334 0.11777777777777779
0 0.5763020833333333 0.5011574074074074 0.018541666666666668 0.10842592592592593
0 0.5341927083333334 0.46064814814814814 0.021927083333333333 0.1037037037037037
0 0.3475520833333334 0.5427777777777778 0.050104166666666665 0.26851851851851855
0 0.5583333333333333 0.49851851851851847 0.020625 0.10407407407407408
0 0.4295572916666667 0.46935185185185185 0.029635416666666668 0.05814814814814814
0 0.38263020833333333 0.522361111111111 0.039635416666666666 0.2036111111111111
0 0.5810677083333332 0.4598148148148148 0.020677083333333336 0.10074074074074074
0 0.25635416666666666 0.47643518518518524 0.017395833333333333 0.09064814814814816
