0 0.6528124999999999 0.08287037037037037 0.03260416666666667 0.11092592592592593
0 0.37835937499999994 0.24351851851851852 0.04130208333333333 0.10537037037037036
0 0.43210937499999996 0.21000000000000002 0.037760416666666664 0.15888888888888889
0 0.23080729166666666 0.3361574074074074 0.03671875 0.17601851851851852
0 0.6303125 0.18513888888888888 0.029479166666666667 0.15064814814814814
0 0.27502604166666667 0.3171759259259259 0.03526041666666667 0.1739814814814815
0 0.8472395833333333 0.6548611111111111 0.05427083333333334 0.2175
0 0.19885416666666667 0.886388888888889 0.0490625 0.22907407407407407
0 0.6453645833333332 0.7464351851851851 0.04583333333333333 0.23916666666666667
0 0.4558072916666667 0.3901851851851852 0.03744791666666667 0.19
0 0.9495052083333333 0.24592592592592594 0.037031249999999995 0.16814814814814813
0 0.7829166666666666 0.2301388888888889 0.035 0.15287037037037038
0 0.916875 0.5190740740740741 0.041562499999999995 0.20037037037037037
0 0.183125 0.33162037037037034 0.0334375 0.18324074074074076
0 0.13450520833333332 0.20351851851851852 0.028489583333333336 0.15351851851851853
0 0.18072916666666666 0.5108796296296296 0.043333333333333335 0.18898148148148147
0 0.40591145833333336 0.1425 0.028802083333333332 0.15055555555555555
0 0.29859375000000005 0.18935185185185185 0.02822916666666667 0.15703703703703703
0 0.8821614583333334 0.20898148148148146 0.028802083333333332 0.15648148148148147
0 0.16481770833333337 0.1963888888888889 0.02744791666666667 0.16037037037037036
0 0.49799479166666666 0.3837037037037037 0.03473958333333334 0.1922222222222222
0 0.22127604166666667 0.502962962962963 0.03369791666666667 0.20055555555555554
0 0.17578125 0.0611574074074074 0.024687499999999998 0.11990740740740741
0 0.770859375 0.04412037037037037 0.029739583333333333 0.08638888888888889
0 0.930859375 0.7396759259259258 0.04984375 0.22972222222222222
0 0.24690104166666665 0.14291666666666666 0.028802083333333332 0.16935185185185186
0 0.21302083333333333 0.06277777777777778 0.02802083333333333 0.12314814814814815
0 0.7353906250000001 0.04435185185185185 0.02421875 0.0862962962962963
0 0.20778645833333334 0.24532407407407406 0.03432291666666667 0.18527777777777776
0 0.27057291666666666 0.1326388888888889 0.027291666666666665 0.14675925925925926
