0 0.6088802083333333 0.33032407407407405 0.03234375 0.1387962962962963
0 0.09888020833333334 0.3252777777777778 0.021927083333333333 0.09314814814814815
0 0.6568489583333333 0.3219444444444445 0.03015625 0.12055555555555554
0 0.49171875000000004 0.34074074074074073 0.028645833333333332 0.09518518518518518
0 0.5137760416666667 0.3485185185185185 0.02765625 0.0938888888888889
0 0.04799479166666667 0.3315740740740741 0.040468750000000005 0.13333333333333333
0 0.413828125 0.33712962962962967 0.03234375 0.16499999999999998
0 0.4588541666666667 0.3447222222222222 0.030729166666666665 0.15
0 0.5455989583333333 0.3090740740740741 0.017135416666666667 0.06999999999999999
0 0.83984375 0.41398148148148145 0.0765625 0.5062962962962962
0 0.3904166666666667 0.3257407407407408 0.0234375 0.1061111111111111
0 0.32669270833333336 0.30726851851851855 0.013072916666666667 0.050462962962962966
0 0.5687239583333332 0.3063888888888889 0.012864583333333334 0.055
0 0.07354166666666666 0.32569444444444445 0.017083333333333332 0.09212962962962963
0 0.351015625 0.3035185185185185 0.011822916666666666 0.046296296296296294
0 0.3397916666666667 0.3059722222222222 0.012187499999999999 0.045648148148148146
0 0.35890625000000004 0.30356481481481484 0.012083333333333333 0.04453703703703704
0 0.5796354166666666 0.3064351851851852 0.013645833333333333 0.0537962962962963
0 0.7973177083333333 0.39439814814814816 0.04869791666666667 0.4262037037037037
0 0.08674479166666665 0.32708333333333334 0.01973958333333333 0.0913888888888889
