0 0.9152083333333333 0.5748148148148148 0.027708333333333335 0.10185185185185185
0 0.95 0.7193981481481482 0.05583333333333333 0.23657407407407408
0 0.10437500000000001 0.6205092592592593 0.0284375 0.1423148148148148
0 0.070234375 0.6229166666666667 0.026927083333333334 0.12157407407407408
0 0.1423697916666667 0.5838888888888889 0.02265625 0.11481481481481481
0 0.041979166666666665 0.6263888888888889 0.02625 0.12148148148148147
0 0.67828125 0.528888888888889 0.0159375 0.07055555555555555
0 0.30520833333333336 0.5228703703703704 0.011770833333333335 0.06222222222222223
0 0.2599739583333333 0.5154166666666666 0.01140625 0.0575
0 0.7636458333333334 0.5109722222222222 0.013333333333333334 0.06027777777777777
0 0.5573177083333333 0.4883333333333333 0.009947916666666667 0.03925925925925926
0 0.59296875 0.5056944444444444 0.012083333333333333 0.0512037037037037
0 0.73859375 0.5206944444444443 0.0134375 0.05287037037037037
0 0.41315104166666666 0.48615740740740737 0.008802083333333332 0.030277777777777782
0 0.6577604166666667 0.51 0.011666666666666665 0.051666666666666666
0 0.280859375 0.5109259259259259 0.011093750000000001 0.05555555555555555
0 0.6708593749999999 0.517824074074074 0.01359375 0.05787037037037037
0 0.6084895833333334 0.5044907407407407 0.0109375 0.047870370370370376
0 0.7273177083333332 0.5188888888888888 0.01078125 0.04796296296296296
0 0.5733854166666668 0.49601851851851847 0.009583333333333333 0.042222222222222223
0 0.562734375 0.49124999999999996 0.010989583333333334 0.04416666666666667
0 0.7216406250000001 0.5172685185185185 0.010052083333333333 0.04583333333333333
