0 0.3784114583333334 0.24351851851851852 0.04151041666666667 0.10500000000000001
0 0.6471354166666666 0.08402777777777778 0.03770833333333334 0.10916666666666668
0 0.7891145833333333 0.13361111111111112 0.028958333333333332 0.13907407407407407
0 0.28031249999999996 0.2324074074074074 0.04927083333333333 0.1733333333333333
0 0.7367708333333333 0.638287037037037 0.0546875 0.22657407407407407
0 0.38122395833333333 0.07449074074074075 0.029010416666666667 0.14657407407407408
0 0.5387500000000001 0.26888888888888884 0.04052083333333333 0.1637037037037037
0 0.430078125 0.21944444444444444 0.03234375 0.16166666666666665
0 0.9174479166666667 0.5205555555555555 0.03947916666666666 0.19481481481481483
0 0.07546875 0.6232870370370371 0.044375000000000005 0.23324074074074075
0 0.12020833333333333 0.44305555555555554 0.035416666666666666 0.1862962962962963
0 0.1990625 0.17856481481481482 0.027916666666666666 0.1676851851851852
0 0.12507812499999998 0.19587962962962965 0.02546875 0.1499074074074074
0 0.9662760416666667 0.30574074074074076 0.03369791666666667 0.17777777777777778
0 0.22132812500000001 0.46435185185185185 0.04307291666666667 0.22462962962962962
0 0.16229166666666667 0.19472222222222224 0.029270833333333336 0.1590740740740741
0 0.23109375 0.14851851851851852 0.029479166666666667 0.1525925925925926
0 0.8504427083333334 0.31050925925925926 0.031197916666666665 0.17287037037037037
0 0.47 0.21314814814814817 0.02875 0.16833333333333333
0 0.249921875 0.13374999999999998 0.026197916666666664 0.15694444444444444
0 0.015078125 0.882962962962963 0.02734375 0.2164814814814815
0 0.4897395833333334 0.21388888888888888 0.02666666666666667 0.1527777777777778
0 0.731015625 0.25361111111111106 0.026510416666666665 0.15796296296296294
