0 0.6523177083333332 0.08314814814814815 0.032135416666666666 0.11
0 0.78984375 0.13300925925925924 0.0284375 0.13805555555555554
0 0.525703125 0.19685185185185183 0.03369791666666667 0.1585185185185185
0 0.06989583333333332 0.4113425925925926 0.026145833333333333 0.17324074074074072
0 0.124921875 0.1940277777777778 0.028802083333333332 0.15546296296296297
0 0.200078125 0.17851851851851852 0.028593749999999998 0.1648148148148148
0 0.38140625000000006 0.0748148148148148 0.029375 0.14777777777777779
0 0.916875 0.5214814814814815 0.04052083333333333 0.1962962962962963
0 0.7349479166666666 0.6385185185185185 0.05416666666666667 0.22518518518518518
0 0.164609375 0.19615740740740742 0.028385416666666666 0.1576851851851852
0 0.6023177083333333 0.2178240740740741 0.025677083333333333 0.14824074074074073
0 0.37854166666666667 0.24449074074074076 0.04041666666666666 0.10379629629629629
0 0.23502604166666666 0.7483333333333334 0.05223958333333333 0.23944444444444446
0 0.241328125 0.11333333333333334 0.031822916666666666 0.15555555555555556
0 0.2936197916666667 0.1376388888888889 0.026822916666666665 0.1576851851851852
0 0.074921875 0.6240277777777778 0.044843749999999995 0.23324074074074075
0 0.291796875 0.35976851851851854 0.03348958333333333 0.19768518518518519
0 0.23966145833333333 0.3244907407407408 0.04026041666666667 0.20212962962962963
0 0.3096875 0.22425925925925924 0.03510416666666667 0.15648148148148147
0 0.12997395833333333 0.6478703703703704 0.03494791666666666 0.20388888888888887
0 0.4641145833333333 0.26500000000000007 0.03833333333333333 0.1738888888888889
0 0.4328645833333333 0.33712962962962967 0.033125 0.16537037037037036
0 0.40794270833333335 0.33421296296296293 0.03546875 0.1834259259259259
0 0.43041666666666667 0.21689814814814815 0.03229166666666667 0.1599074074074074
0 0.27622395833333335 0.2750462962962963 0.029531250000000002 0.15935185185185186
0 0.6803645833333333 0.23222222222222225 0.028958333333333332 0.15611111111111112
0 0.6621614583333333 0.23217592592592592 0.028177083333333335 0.15583333333333335
0 0.5512239583333333 0.9193981481481481 0.038072916666666665 0.16305555555555554
0 0.21768229166666667 0.059305555555555556 0.024947916666666667 0.10268518518518518
0 0.3282291666666666 0.34013888888888894 0.026875 0.17509259259259258
