0 0.63890625 0.3708796296296296 0.030625 0.13157407407407407
0 0.5333072916666667 0.39231481481481484 0.03453125 0.11407407407407408
0 0.43927083333333333 0.37972222222222224 0.03291666666666667 0.16203703703703703
0 0.7879687499999999 0.38222222222222224 0.05479166666666667 0.2051851851851852
0 0.5605729166666666 0.3990740740740741 0.0328125 0.10592592592592594
0 0.47955729166666666 0.3811111111111111 0.030052083333333333 0.15296296296296294
0 0.009921875 0.3838888888888889 0.018802083333333334 0.11018518518518519
0 0.5887760416666666 0.3490740740740741 0.016927083333333332 0.06425925925925927
0 0.355390625 0.3480555555555555 0.013802083333333333 0.053518518518518514
0 0.41750000000000004 0.3531944444444444 0.017916666666666668 0.06046296296296296
0 0.380234375 0.3436574074074074 0.011927083333333333 0.045092592592592594
0 0.36664062499999994 0.3463888888888889 0.01265625 0.04870370370370371
0 0.6186458333333335 0.35462962962962963 0.017604166666666664 0.06888888888888889
0 0.6022916666666667 0.34629629629629627 0.017708333333333333 0.06722222222222221
