0 0.4779427083333333 0.3760648148148148 0.08942708333333332 0.48361111111111105
0 0.19604166666666664 0.41268518518518515 0.16989583333333333 0.7155555555555555
0 0.3925520833333333 0.37856481481481485 0.09458333333333332 0.43472222222222223
0 0.9240364583333333 0.34453703703703703 0.02713541666666667 0.11314814814814815
0 0.9569010416666667 0.34361111111111114 0.020052083333333335 0.1037037037037037
0 0.7967708333333334 0.3424537037037037 0.018125 0.09268518518518518
0 0.6877604166666667 0.3419907407407407 0.019895833333333335 0.1063888888888889
0 0.5524218750000001 0.3426388888888889 0.024635416666666667 0.1137962962962963
0 0.6027604166666667 0.39060185185185187 0.06791666666666667 0.3762037037037037
0 0.8859375 0.3463888888888889 0.020729166666666667 0.08981481481481482
0 0.6627604166666666 0.34282407407407406 0.01625 0.09157407407407409
0 0.6415104166666666 0.34569444444444447 0.014583333333333334 0.08842592592592592
0 0.70640625 0.3327777777777778 0.0153125 0.06851851851851852
0 0.7187239583333334 0.3428703703703704 0.011093750000000001 0.06259259259259259
