0 0.50109375 0.5 0.050208333333333334 0.1024074074074074
0 0.44927083333333334 0.4731944444444445 0.028125 0.07083333333333333
0 0.20674479166666665 0.4626388888888889 0.021927083333333333 0.09712962962962964
0 0.7663802083333333 0.45898148148148155 0.03244791666666667 0.11962962962962961
0 0.6637239583333333 0.46115740740740735 0.018072916666666668 0.09287037037037037
0 0.33549479166666674 0.5382407407407407 0.047343750000000004 0.2548148148148148
0 0.22893229166666668 0.4647222222222222 0.021927083333333333 0.08037037037037037
0 0.276484375 0.5444907407407407 0.06130208333333333 0.27046296296296296
0 0.5771354166666666 0.5005555555555555 0.017708333333333333 0.1111111111111111
0 0.4293489583333333 0.4689351851851852 0.029739583333333333 0.05731481481481481
0 0.874140625 0.5711574074074074 0.08984375 0.40750000000000003
0 0.5379947916666666 0.4610185185185185 0.022135416666666668 0.10907407407407407
0 0.5824739583333334 0.4581944444444444 0.020781249999999998 0.10361111111111111
0 0.558984375 0.5005555555555555 0.02015625 0.10222222222222223
0 0.933046875 0.5719907407407407 0.11473958333333334 0.3617592592592592
