0 0.41765625 0.5085185185185186 0.036041666666666666 0.19555555555555554
0 0.27377604166666664 0.4718518518518518 0.018697916666666665 0.10037037037037037
0 0.8759895833333332 0.6113888888888889 0.09854166666666667 0.42685185185185187
0 0.49734375 0.6306944444444444 0.076875 0.47712962962962957
0 0.7471614583333335 0.5243518518518518 0.05692708333333333 0.2761111111111111
0 0.6212760416666666 0.46208333333333335 0.025364583333333336 0.10324074074074074
0 0.567734375 0.6651851851851852 0.07859375 0.5818518518518518
0 0.4482291666666667 0.47402777777777777 0.02666666666666667 0.06787037037037037
0 0.225859375 0.484537037037037 0.02390625 0.09648148148148149
0 0.35007812499999996 0.4628703703703704 0.013802083333333333 0.06666666666666667
0 0.21075520833333333 0.4808333333333333 0.02265625 0.10388888888888889
0 0.3084114583333334 0.45337962962962963 0.013489583333333333 0.05453703703703704
0 0.2980989583333333 0.4546296296296296 0.013072916666666667 0.05648148148148148
0 0.2912239583333333 0.4568055555555556 0.01359375 0.06342592592592593
0 0.31828125 0.4511111111111111 0.012916666666666667 0.05462962962962963
