0 0.3515885416666667 0.47337962962962965 0.020781249999999998 0.1087962962962963
0 0.8352604166666667 0.6847685185185185 0.11854166666666667 0.6323148148148148
0 0.46 0.5186111111111111 0.05583333333333333 0.23592592592592593
0 0.21179687500000002 0.48226851851851854 0.025885416666666668 0.10712962962962963
0 0.5696354166666667 0.540324074074074 0.057604166666666665 0.2632407407407408
0 0.38070312500000003 0.4616203703703704 0.018697916666666665 0.08898148148148148
0 0.30953125000000004 0.4614351851851852 0.02041666666666667 0.08027777777777778
0 0.5149739583333334 0.5186111111111111 0.06880208333333333 0.277037037037037
0 0.6251302083333333 0.4608333333333333 0.026302083333333334 0.1037037037037037
0 0.22820312499999998 0.480787037037037 0.023177083333333334 0.09527777777777778
0 0.42963541666666666 0.46976851851851853 0.03135416666666667 0.05564814814814815
0 0.2922135416666667 0.46291666666666664 0.01609375 0.07361111111111111
0 0.26809895833333336 0.4503240740740741 0.01171875 0.05138888888888889
0 0.6002864583333333 0.5201851851851852 0.03619791666666667 0.2061111111111111
0 0.24809895833333334 0.4593518518518519 0.01484375 0.06259259259259259
