0 0.3785416666666667 0.24356481481481482 0.04125 0.10490740740740741
0 0.7871875 0.07199074074074074 0.03125 0.1337962962962963
0 0.3012239583333333 0.18462962962962964 0.03380208333333334 0.16148148148148148
0 0.9165364583333333 0.5199537037037036 0.05192708333333333 0.19953703703703704
0 0.6526822916666667 0.08439814814814815 0.032552083333333336 0.1100925925925926
0 0.20067708333333334 0.18314814814814817 0.026354166666666668 0.16092592592592594
0 0.4347395833333333 0.21416666666666667 0.033749999999999995 0.15925925925925927
0 0.845078125 0.6548148148148148 0.05109375 0.21851851851851853
0 0.26234375000000004 0.6093055555555555 0.044895833333333336 0.2260185185185185
0 0.192890625 0.3954629629629629 0.03567708333333333 0.19111111111111112
0 0.22966145833333332 0.07050925925925926 0.030885416666666665 0.1391666666666667
0 0.8596354166666667 0.254212962962963 0.035520833333333335 0.17342592592592593
0 0.12739583333333332 0.298287037037037 0.029791666666666668 0.1825
0 0.403125 0.14629629629629629 0.02364583333333333 0.14444444444444443
0 0.15502604166666664 0.3049537037037037 0.030677083333333334 0.1675
0 0.23546875 0.1814814814814815 0.028958333333333332 0.1475925925925926
0 0.25604166666666667 0.17634259259259258 0.024687499999999998 0.1599074074074074
0 0.16343749999999999 0.19611111111111112 0.02645833333333333 0.15925925925925927
0 0.6327083333333333 0.060740740740740734 0.03302083333333333 0.10388888888888889
0 0.7855208333333333 0.9346296296296296 0.04083333333333334 0.1325925925925926
0 0.7441145833333332 0.9412962962962963 0.043854166666666666 0.11925925925925927
0 0.19885416666666664 0.06916666666666667 0.024374999999999997 0.13018518518518518
