0 0.05346354166666667 0.43277777777777776 0.053802083333333334 0.2253703703703704
0 0.5244010416666666 0.4113888888888889 0.03598958333333333 0.15703703703703703
0 0.16846354166666666 0.4051388888888889 0.029114583333333333 0.1297222222222222
0 0.5672916666666666 0.3912962962962963 0.0296875 0.15296296296296294
0 0.41296875 0.3850925925925926 0.021249999999999998 0.11555555555555555
0 0.7905208333333335 0.3996759259259259 0.029583333333333333 0.13453703703703704
0 0.46624999999999994 0.38870370370370366 0.025416666666666664 0.1201851851851852
0 0.37145833333333333 0.3761111111111111 0.019479166666666665 0.04611111111111111
0 0.11229166666666666 0.39731481481481484 0.018333333333333333 0.0962962962962963
0 0.27234375 0.3875462962962963 0.016145833333333335 0.09194444444444444
0 0.263671875 0.385 0.01421875 0.08055555555555556
0 0.088203125 0.38101851851851853 0.01265625 0.06407407407407407
0 0.38895833333333335 0.3723148148148148 0.018333333333333333 0.05148148148148148
0 0.12591145833333334 0.39328703703703705 0.01265625 0.07972222222222222
0 0.9712239583333333 0.5790277777777777 0.05859375 0.5610185185185185
0 0.5076041666666666 0.3881018518518518 0.021875 0.11527777777777778
