0 0.6522395833333333 0.08319444444444445 0.0328125 0.10953703703703703
0 0.5987760416666666 0.21546296296296294 0.04307291666666667 0.1574074074074074
0 0.200390625 0.18050925925925926 0.029531250000000002 0.1678703703703704
0 0.7895572916666667 0.13282407407407407 0.029322916666666664 0.1387962962962963
0 0.23213541666666665 0.8529166666666668 0.05197916666666667 0.25916666666666666
0 0.12411458333333333 0.1941203703703704 0.026875 0.1549074074074074
0 0.38140625000000006 0.07458333333333333 0.029270833333333336 0.14731481481481482
0 0.06963541666666666 0.4111111111111111 0.0259375 0.1738888888888889
0 0.49747395833333335 0.2837037037037037 0.03640625 0.18
0 0.916875 0.5200462962962963 0.0403125 0.19453703703703704
0 0.7347916666666667 0.6380555555555556 0.05458333333333333 0.2262962962962963
0 0.16437500000000002 0.19472222222222224 0.028958333333333332 0.15537037037037038
0 0.24208333333333334 0.3689351851851852 0.04083333333333334 0.2075
0 0.652421875 0.2411574074074074 0.023072916666666665 0.15324074074074073
0 0.2913802083333333 0.31972222222222224 0.038177083333333334 0.1877777777777778
0 0.26421875 0.22958333333333333 0.030312500000000003 0.14787037037037035
0 0.2937760416666667 0.13851851851851854 0.025885416666666668 0.15685185185185185
0 0.7201302083333334 0.2559259259259259 0.03515625 0.17574074074074075
0 0.42638020833333334 0.2811574074074074 0.03442708333333333 0.1739814814814815
0 0.20911458333333333 0.07087962962962963 0.025208333333333333 0.1399074074074074
0 0.4484375 0.2940277777777777 0.027916666666666666 0.1636111111111111
0 0.07601562499999999 0.6208796296296297 0.04515625 0.22564814814814813
0 0.2666145833333333 0.1126851851851852 0.03177083333333333 0.15185185185185185
0 0.24651041666666668 0.0687962962962963 0.027916666666666666 0.13574074074074075
0 0.060859375 0.7112037037037037 0.03463541666666667 0.20703703703703702
0 0.5981510416666667 0.9292129629629631 0.04682291666666667 0.14342592592592593
