0 0.6520052083333334 0.08277777777777778 0.03244791666666667 0.10833333333333334
0 0.06968749999999999 0.41180555555555554 0.02625 0.17472222222222222
0 0.7898697916666666 0.1325462962962963 0.028593749999999998 0.13824074074074075
0 0.199765625 0.1786574074074074 0.02890625 0.16527777777777777
0 0.3814583333333334 0.07444444444444445 0.029375 0.14703703703703705
0 0.124765625 0.19425925925925927 0.028385416666666666 0.15518518518518518
0 0.91671875 0.5207407407407407 0.04052083333333333 0.19555555555555554
0 0.23507812499999997 0.7419444444444444 0.05098958333333334 0.24685185185185188
0 0.7344791666666667 0.6385648148148148 0.05447916666666666 0.2262037037037037
0 0.16458333333333333 0.1963888888888889 0.0284375 0.15703703703703703
0 0.07453125 0.6254166666666667 0.04666666666666666 0.2375
0 0.37828125 0.24421296296296297 0.03979166666666667 0.10287037037037036
0 0.23786458333333332 0.11157407407407408 0.029583333333333333 0.14833333333333332
0 0.23981770833333332 0.32115740740740745 0.04067708333333333 0.2050925925925926
0 0.516015625 0.19541666666666668 0.028281249999999997 0.16305555555555554
0 0.30406249999999996 0.22125 0.034166666666666665 0.1587962962962963
0 0.13609375 0.6416666666666667 0.0353125 0.19648148148148148
0 0.6513020833333333 0.2337962962962963 0.03208333333333333 0.1622222222222222
0 0.2911979166666666 0.36263888888888884 0.0315625 0.2036111111111111
0 0.5953645833333333 0.21342592592592594 0.023020833333333334 0.14722222222222223
0 0.4660416666666667 0.26328703703703704 0.04083333333333334 0.17324074074074072
0 0.43046875 0.2177314814814815 0.03208333333333333 0.16083333333333333
0 0.40572916666666664 0.33546296296296296 0.0340625 0.18611111111111112
0 0.017473958333333334 0.6669444444444446 0.03380208333333334 0.23166666666666666
0 0.29348958333333336 0.13824074074074075 0.0278125 0.15574074074074074
0 0.4315625 0.33837962962962964 0.03302083333333333 0.16342592592592592
0 0.6728906250000001 0.22699074074074074 0.026510416666666665 0.15046296296296297
0 0.27854166666666663 0.27912037037037035 0.028645833333333332 0.15361111111111111
0 0.5462239583333334 0.9218055555555557 0.039427083333333335 0.15824074074074074
