0 0.4493489583333333 0.47250000000000003 0.027864583333333335 0.07037037037037037
0 0.6198958333333333 0.6606944444444444 0.11447916666666667 0.5706481481481481
0 0.06473958333333334 0.5676851851851852 0.09291666666666668 0.3527777777777778
0 0.32473958333333336 0.5451388888888888 0.071875 0.3250925925925926
0 0.4295833333333334 0.4691666666666667 0.029375 0.05592592592592593
0 0.23231770833333334 0.550787037037037 0.09119791666666667 0.2875
0 0.5415625 0.6298148148148148 0.06854166666666667 0.48259259259259263
0 0.17466145833333335 0.5762037037037037 0.060468749999999995 0.33425925925925926
0 0.2765104166666667 0.45759259259259266 0.012187499999999999 0.05851851851851852
0 0.504375 0.48935185185185187 0.034270833333333334 0.1738888888888889
0 0.26307291666666666 0.4648148148148148 0.015104166666666667 0.07518518518518519
