0 0.8830729166666667 0.577962962962963 0.026041666666666668 0.11148148148148149
0 0.018567708333333332 0.6124537037037038 0.026302083333333334 0.13787037037037037
0 0.79890625 0.5653240740740741 0.025729166666666668 0.1100925925925926
0 0.70625 0.5174074074074073 0.0171875 0.07092592592592592
0 0.18440104166666668 0.5272685185185185 0.014322916666666666 0.06731481481481481
0 0.23244791666666664 0.5352314814814816 0.011875 0.0637962962962963
0 0.5063802083333333 0.49027777777777776 0.010260416666666666 0.04518518518518518
0 0.546328125 0.5096296296296297 0.012239583333333333 0.053518518518518514
0 0.6018749999999999 0.5108333333333334 0.0125 0.05666666666666667
0 0.5929166666666666 0.5094907407407407 0.0115625 0.05361111111111111
0 0.538359375 0.5092592592592593 0.011822916666666666 0.049444444444444444
0 0.22338541666666664 0.5298148148148148 0.012395833333333333 0.06111111111111111
0 0.5596354166666667 0.5073611111111112 0.011145833333333332 0.04953703703703704
0 0.19523437500000002 0.5236111111111111 0.013385416666666667 0.06796296296296298
0 0.6903385416666666 0.5140277777777778 0.012552083333333333 0.05675925925925926
0 0.5168489583333333 0.49296296296296294 0.01078125 0.04574074074074074
0 0.5240885416666666 0.49986111111111114 0.009739583333333333 0.046203703703703705
