0 0.7260937500000001 0.8553240740740741 0.05614583333333333 0.2912037037037037
0 0.9178125 0.6485185185185186 0.045625 0.16425925925925927
0 0.7199739583333333 0.5768981481481482 0.028489583333333336 0.10731481481481482
0 0.7908854166666667 0.5714351851851852 0.024479166666666666 0.11416666666666667
0 0.68984375 0.5793055555555555 0.02364583333333333 0.1075
0 0.626796875 0.7399074074074075 0.032864583333333336 0.2488888888888889
0 0.6020572916666667 0.7177777777777777 0.032239583333333335 0.22648148148148148
0 0.7445833333333333 0.5725 0.014375 0.09407407407407407
0 0.7534895833333334 0.5725 0.017395833333333333 0.10592592592592594
0 0.67078125 0.5382870370370371 0.013541666666666667 0.05787037037037037
0 0.66015625 0.5205555555555555 0.011041666666666667 0.053703703703703705
