0 0.6524739583333333 0.08282407407407408 0.03234375 0.1100925925925926
0 0.37828124999999996 0.2437037037037037 0.041979166666666665 0.10629629629629629
0 0.5344010416666667 0.060648148148148145 0.028072916666666666 0.11944444444444445
0 0.7943489583333333 0.06351851851851853 0.030260416666666668 0.12296296296296297
0 0.2601822916666667 0.2274074074074074 0.03390625 0.17796296296296296
0 0.42796875 0.21412037037037038 0.031875 0.16453703703703704
0 0.9735937499999999 0.2606018518518519 0.042499999999999996 0.1789814814814815
0 0.8906510416666666 0.10976851851851852 0.02921875 0.15657407407407406
0 0.885546875 0.6585648148148148 0.03588541666666667 0.19990740740740742
0 0.092578125 0.3961574074074074 0.03515625 0.17824074074074073
0 0.4998177083333334 0.05976851851851851 0.029114583333333333 0.11768518518518518
0 0.921484375 0.25875 0.03567708333333333 0.15435185185185185
0 0.47182291666666665 0.059027777777777776 0.027604166666666666 0.1162037037037037
0 0.22648437500000002 0.24171296296296296 0.031822916666666666 0.17083333333333334
0 0.5143229166666666 0.7494907407407406 0.06416666666666666 0.23157407407407407
0 0.9184895833333333 0.5210648148148148 0.0390625 0.1937962962962963
0 0.448359375 0.6819444444444445 0.04057291666666667 0.2351851851851852
0 0.179296875 0.2506481481481482 0.025572916666666667 0.1525925925925926
0 0.827890625 0.6648611111111111 0.04171875 0.2212037037037037
0 0.17401041666666664 0.8380092592592592 0.03875 0.23787037037037034
0 0.13369791666666667 0.8130555555555555 0.04895833333333333 0.23962962962962964
0 0.13026041666666666 0.20078703703703707 0.03333333333333333 0.15287037037037038
0 0.859140625 0.10523148148148148 0.03046875 0.1628703703703704
0 0.8613020833333334 0.3803703703703703 0.0325 0.17666666666666667
0 0.925546875 0.4086111111111111 0.03984375 0.19333333333333336
0 0.3886979166666667 0.16314814814814813 0.03239583333333333 0.15518518518518518
0 0.25408854166666667 0.09527777777777777 0.03921875 0.16999999999999998
0 0.20192708333333334 0.18601851851851853 0.029062499999999998 0.16666666666666666
0 0.16364583333333335 0.19236111111111112 0.0271875 0.15583333333333335
0 0.2813541666666667 0.16837962962962966 0.030833333333333334 0.16472222222222221
0 0.22182291666666665 0.09013888888888888 0.024166666666666666 0.14694444444444443
0 0.5526822916666667 0.7543981481481481 0.04234375 0.21712962962962962
0 0.554921875 0.9318981481481481 0.04276041666666666 0.13805555555555554
