0 0.39140625 0.38037037037037036 0.022500000000000003 0.12166666666666667
0 0.48861979166666664 0.399212962962963 0.03609375 0.16027777777777777
0 0.8808333333333334 0.5627314814814814 0.10020833333333333 0.5691666666666667
0 0.139296875 0.4023148148148148 0.02703125 0.12203703703703704
0 0.5648958333333334 0.38689814814814816 0.03510416666666667 0.17805555555555558
0 0.43231770833333333 0.38050925925925927 0.026614583333333334 0.12416666666666666
0 0.07018229166666666 0.3948148148148148 0.02265625 0.10185185185185185
0 0.2986197916666667 0.3903240740740741 0.03734375 0.1486111111111111
0 0.23671875 0.38472222222222224 0.020625 0.1087037037037037
0 0.35348958333333336 0.3723148148148148 0.021354166666666667 0.04814814814814815
0 0.8022395833333335 0.3930092592592592 0.033229166666666664 0.14712962962962964
0 0.96265625 0.5453240740740741 0.07572916666666667 0.5902777777777778
0 0.4513802083333333 0.3713425925925926 0.01932291666666667 0.10361111111111111
0 0.21520833333333336 0.38407407407407407 0.015729166666666666 0.08351851851851852
0 0.045572916666666664 0.3768518518518518 0.011354166666666667 0.06555555555555555
0 0.22682291666666668 0.38564814814814813 0.01625 0.09833333333333334
0 0.053828125 0.38175925925925924 0.010989583333333334 0.07611111111111112
0 0.5109375 0.37333333333333335 0.015520833333333334 0.08907407407407408
