0 0.6522916666666667 0.08171296296296296 0.03197916666666666 0.10805555555555556
0 0.378203125 0.2440277777777778 0.04130208333333333 0.1050925925925926
0 0.7889062499999999 0.13550925925925925 0.02875 0.14212962962962963
0 0.275703125 0.2614351851851852 0.04286458333333333 0.1786111111111111
0 0.23106770833333332 0.4287037037037037 0.04296875 0.2159259259259259
0 0.7364583333333333 0.6374537037037038 0.05458333333333333 0.22583333333333333
0 0.3814322916666667 0.0738425925925926 0.02890625 0.14583333333333334
0 0.19932291666666666 0.18439814814814814 0.0284375 0.1600925925925926
0 0.9170052083333334 0.5201851851851852 0.039531250000000004 0.19425925925925927
0 0.5408333333333333 0.25 0.037083333333333336 0.16592592592592592
0 0.12341145833333332 0.19560185185185186 0.02578125 0.15231481481481482
0 0.07565104166666667 0.623287037037037 0.04380208333333333 0.2337962962962963
0 0.023098958333333332 0.8135185185185185 0.03536458333333334 0.21685185185185185
0 0.24677083333333333 0.17175925925925925 0.027291666666666665 0.13925925925925928
0 0.16270833333333334 0.19555555555555554 0.02822916666666667 0.15722222222222224
0 0.43091145833333333 0.21953703703703703 0.03328125 0.17111111111111113
0 0.7223437500000001 0.2739351851851852 0.022083333333333333 0.15416666666666667
0 0.09377604166666667 0.42194444444444446 0.029947916666666668 0.17722222222222223
0 0.4602604166666666 0.26462962962962966 0.0446875 0.16166666666666665
0 0.69484375 0.24189814814814814 0.030312500000000003 0.15546296296296297
0 0.21476562500000002 0.11638888888888888 0.028177083333333335 0.15796296296296294
0 0.78171875 0.2872222222222222 0.03166666666666666 0.18018518518518517
0 0.2930989583333333 0.13518518518518519 0.02296875 0.1524074074074074
0 0.2675 0.11430555555555555 0.030416666666666665 0.15101851851851852
0 0.9876041666666667 0.3565740740740741 0.025833333333333333 0.18407407407407408
0 0.47898437499999996 0.252037037037037 0.02765625 0.15462962962962962
0 0.24171874999999998 0.11212962962962962 0.0259375 0.13555555555555557
