0 0.9169791666666668 0.5727777777777778 0.0384375 0.13777777777777778
0 0.718046875 0.5732407407407406 0.02713541666666667 0.13018518518518518
0 0.6399479166666667 0.5738425925925926 0.028645833333333332 0.11675925925925926
0 0.07210937499999999 0.5948611111111111 0.014947916666666667 0.0762037037037037
0 0.59234375 0.5368055555555555 0.017708333333333333 0.0849074074074074
0 0.008229166666666668 0.589675925925926 0.014479166666666666 0.08601851851851852
0 0.43432291666666667 0.5063425925925925 0.009166666666666667 0.04916666666666667
0 0.561328125 0.5452314814814815 0.018802083333333334 0.07953703703703704
0 0.5340104166666666 0.5251388888888889 0.014791666666666667 0.0675
0 0.5123177083333333 0.5249537037037038 0.013177083333333334 0.06453703703703705
0 0.523671875 0.5233796296296296 0.01328125 0.06361111111111112
0 0.20677083333333332 0.5156944444444443 0.007291666666666667 0.032685185185185185
0 0.20104166666666667 0.5158333333333333 0.0078125 0.03481481481481482
