0 0.44929687500000004 0.4730555555555555 0.028593749999999998 0.07296296296296297
0 0.610546875 0.6583796296296296 0.10640625000000001 0.5641666666666666
0 0.810859375 0.4571296296296296 0.024427083333333332 0.10518518518518517
0 0.06049479166666667 0.605462962962963 0.11848958333333333 0.3831481481481482
0 0.5199479166666666 0.630462962962963 0.07479166666666666 0.4872222222222223
0 0.2563020833333333 0.5571759259259259 0.098125 0.3602777777777778
0 0.43 0.46921296296296294 0.029375 0.0575
0 0.33559895833333336 0.4580092592592593 0.01484375 0.06953703703703704
0 0.46747395833333333 0.45560185185185187 0.016927083333333332 0.06435185185185185
0 0.29830729166666664 0.45250000000000007 0.009010416666666667 0.054814814814814816
0 0.34945312500000003 0.4615740740740741 0.013489583333333333 0.06648148148148147
0 0.3157291666666666 0.4505092592592593 0.011250000000000001 0.052314814814814814
0 0.11278645833333334 0.5654166666666667 0.08244791666666668 0.3156481481481481
