0 0.3785416666666667 0.2437037037037037 0.04135416666666667 0.10481481481481482
0 0.7869791666666667 0.0711574074074074 0.03125 0.13398148148148148
0 0.621171875 0.05611111111111111 0.03609375 0.11037037037037037
0 0.3019270833333333 0.18328703703703703 0.03208333333333333 0.16157407407407406
0 0.43434895833333337 0.21384259259259258 0.03359375 0.15805555555555553
0 0.6528645833333333 0.08319444444444445 0.0325 0.11361111111111111
0 0.9167447916666667 0.5197685185185186 0.04869791666666667 0.18787037037037038
0 0.200390625 0.1846759259259259 0.026510416666666665 0.1576851851851852
0 0.18997395833333333 0.40375 0.03578125 0.19175925925925924
0 0.8458072916666666 0.6538425925925926 0.05036458333333334 0.2187962962962963
0 0.2548958333333334 0.6087037037037036 0.042291666666666665 0.2238888888888889
0 0.8597916666666666 0.24541666666666667 0.03927083333333334 0.17342592592592593
0 0.15729166666666666 0.3017592592592592 0.0315625 0.16499999999999998
0 0.40354166666666663 0.14629629629629629 0.023958333333333335 0.14407407407407408
0 0.22830729166666666 0.07277777777777777 0.03036458333333333 0.1437037037037037
0 0.25830729166666666 0.1801851851851852 0.024739583333333332 0.1627777777777778
0 0.23619791666666667 0.18564814814814815 0.030104166666666664 0.15
0 0.12942708333333333 0.2961574074074074 0.02875 0.18694444444444444
0 0.16322916666666665 0.1945833333333333 0.027083333333333334 0.15842592592592591
0 0.7739583333333333 0.9214814814814815 0.04864583333333334 0.15888888888888889
0 0.1974739583333333 0.06712962962962964 0.027864583333333335 0.13240740740740742
0 0.7310677083333332 0.9331018518518519 0.04463541666666667 0.13564814814814816
