0 0.37992187499999996 0.4023611111111111 0.020885416666666667 0.10731481481481482
0 0.4409895833333333 0.4075462962962963 0.026979166666666665 0.12453703703703704
0 0.037031249999999995 0.45393518518518516 0.0525 0.21398148148148147
0 0.5019270833333334 0.4295833333333334 0.03770833333333334 0.1562037037037037
0 0.531875 0.4068981481481481 0.0275 0.13657407407407407
0 0.13151041666666666 0.4264351851851852 0.029583333333333333 0.12953703703703703
0 0.25875 0.4110648148148148 0.034583333333333334 0.13694444444444445
0 0.7485937500000001 0.4162037037037037 0.02802083333333333 0.13
0 0.3422135416666667 0.39643518518518517 0.021197916666666667 0.04805555555555555
0 0.07752604166666667 0.4152777777777778 0.01942708333333333 0.09703703703703703
0 0.4786458333333333 0.39731481481481484 0.018125 0.10296296296296296
0 0.9639843750000001 0.5710648148148149 0.07307291666666667 0.5371296296296296
0 0.40127604166666664 0.38143518518518515 0.013072916666666667 0.05675925925925926
0 0.24351562499999999 0.4091203703703704 0.018385416666666664 0.09953703703703703
