0 0.6475520833333335 0.4349074074074074 0.02333333333333333 0.10592592592592594
0 0.839453125 0.4414814814814815 0.022135416666666668 0.10185185185185185
0 0.6168750000000001 0.43731481481481477 0.019791666666666666 0.09333333333333334
0 0.7864062500000001 0.47078703703703706 0.03791666666666667 0.16231481481481483
0 0.2618229166666667 0.47898148148148145 0.03802083333333333 0.1662962962962963
0 0.7321875 0.4675462962962963 0.03989583333333333 0.21157407407407408
0 0.3690625 0.47254629629629624 0.03958333333333333 0.18416666666666667
0 0.5857812499999999 0.42291666666666666 0.017812500000000002 0.07509259259259259
0 0.32015625000000003 0.4767592592592592 0.029375 0.16425925925925927
0 0.2991145833333333 0.4813425925925926 0.03270833333333333 0.15805555555555553
0 0.21369791666666668 0.42986111111111114 0.0146875 0.06527777777777778
0 0.3903125 0.47074074074074074 0.030625 0.16796296296296298
0 0.45203125 0.43365740740740744 0.011354166666666667 0.06638888888888889
0 0.42666666666666664 0.4268055555555556 0.011250000000000001 0.05527777777777778
0 0.444140625 0.4287037037037037 0.014427083333333333 0.065
0 0.3409635416666667 0.4575 0.02234375 0.12203703703703704
0 0.6366927083333334 0.43393518518518515 0.017135416666666667 0.09212962962962963
