0 0.44093750000000004 0.522824074074074 0.05354166666666667 0.23953703703703702
0 0.2120052083333333 0.48226851851851854 0.026197916666666664 0.10712962962962963
0 0.36203125 0.4743981481481482 0.022916666666666665 0.1100925925925926
0 0.307734375 0.46166666666666667 0.01796875 0.07925925925925925
0 0.5422916666666667 0.5369907407407408 0.052812500000000005 0.26805555555555555
0 0.4919791666666667 0.5165277777777778 0.041875 0.28064814814814815
0 0.5862760416666667 0.5146759259259259 0.055364583333333335 0.2250925925925926
0 0.9151562500000001 0.6711574074074074 0.17072916666666668 0.659537037037037
0 0.38278645833333336 0.4589814814814815 0.017552083333333336 0.08592592592592592
0 0.7941666666666668 0.6884259259259259 0.10770833333333334 0.612037037037037
0 0.6232291666666667 0.4545370370370371 0.018958333333333334 0.08203703703703703
0 0.22898437500000002 0.48060185185185184 0.024010416666666666 0.09472222222222222
0 0.29171875 0.46273148148148147 0.014270833333333333 0.0700925925925926
0 0.24539062500000003 0.4626851851851852 0.01598958333333333 0.0674074074074074
0 0.34526041666666674 0.4638425925925926 0.01583333333333333 0.08472222222222223
0 0.3012760416666667 0.4181944444444444 0.010677083333333334 0.034722222222222224
