0 0.4498697916666667 0.47333333333333333 0.02796875 0.07222222222222222
0 0.6142447916666666 0.6581944444444444 0.10859375 0.5589814814814815
0 0.26557291666666666 0.5575462962962963 0.1040625 0.35305555555555557
0 0.20927083333333332 0.4820833333333333 0.0259375 0.10675925925925926
0 0.42997395833333335 0.4693055555555556 0.029114583333333333 0.0575
0 0.5261979166666666 0.6354629629629629 0.07531249999999999 0.48
0 0.333984375 0.4585648148148148 0.015364583333333333 0.06805555555555555
0 0.157734375 0.5565277777777777 0.07348958333333333 0.29787037037037034
0 0.8193489583333332 0.45467592592592593 0.025052083333333332 0.10342592592592594
0 0.0846875 0.5914351851851852 0.0734375 0.3584259259259259
0 0.313359375 0.4521296296296296 0.011510416666666667 0.05444444444444444
0 0.468828125 0.45 0.01390625 0.05537037037037037
0 0.22625 0.4781481481481481 0.017291666666666667 0.09296296296296297
