0 0.652265625 0.08342592592592592 0.032135416666666666 0.10981481481481481
0 0.3784114583333333 0.24388888888888893 0.04140625 0.10574074074074075
0 0.8590104166666667 0.07819444444444443 0.030833333333333334 0.14046296296296296
0 0.1646875 0.19907407407407407 0.029479166666666667 0.1575925925925926
0 0.199765625 0.18222222222222223 0.02703125 0.16462962962962965
0 0.22624999999999998 0.5706481481481481 0.04604166666666667 0.2162962962962963
0 0.12515625 0.19416666666666665 0.030104166666666664 0.15518518518518518
0 0.784921875 0.12097222222222223 0.028489583333333336 0.14212962962962963
0 0.0696875 0.41351851851851856 0.02645833333333333 0.17703703703703702
0 0.43135416666666665 0.2215740740740741 0.03114583333333333 0.16111111111111112
0 0.5064583333333333 0.18481481481481482 0.037083333333333336 0.17092592592592593
0 0.9167447916666667 0.5219907407407407 0.04026041666666667 0.1950925925925926
0 0.7502864583333334 0.6385648148148148 0.054322916666666665 0.2260185185185185
0 0.25471354166666665 0.2502314814814815 0.039635416666666666 0.19546296296296295
0 0.3810677083333333 0.07393518518518517 0.028489583333333336 0.14583333333333334
0 0.13432291666666668 0.515 0.03135416666666667 0.18537037037037035
0 0.6091927083333334 0.17620370370370372 0.026822916666666665 0.15611111111111112
0 0.5704427083333333 0.18916666666666668 0.03046875 0.16833333333333333
0 0.46958333333333335 0.4201388888888889 0.04010416666666667 0.17935185185185185
0 0.47799479166666664 0.17314814814814813 0.024739583333333332 0.14092592592592593
0 0.43627604166666667 0.41898148148148145 0.04380208333333333 0.19203703703703703
0 0.14341145833333335 0.8108796296296297 0.047447916666666666 0.2506481481481481
0 0.28148437499999995 0.19013888888888889 0.02921875 0.16175925925925924
0 0.09533854166666668 0.6391666666666667 0.045885416666666665 0.22574074074074074
0 0.27320312500000005 0.45069444444444445 0.03796875 0.21324074074074076
0 0.3177083333333333 0.45222222222222225 0.0340625 0.19685185185185183
0 0.4091927083333333 0.17365740740740743 0.026406250000000003 0.16175925925925924
0 0.206484375 0.07689814814814816 0.029114583333333333 0.14935185185185187
0 0.506171875 0.9225000000000001 0.040364583333333336 0.15685185185185185
