0 0.652265625 0.08249999999999999 0.032135416666666666 0.10962962962962963
0 0.3784635416666667 0.24356481481481482 0.040989583333333336 0.1050925925925926
0 0.262109375 0.05907407407407407 0.025364583333333336 0.11629629629629629
0 0.43382812499999995 0.20916666666666667 0.04026041666666667 0.1627777777777778
0 0.7856770833333333 0.1476851851851852 0.0309375 0.14277777777777775
0 0.1675 0.7081944444444443 0.04479166666666667 0.23712962962962966
0 0.5812239583333334 0.06810185185185184 0.03046875 0.1313888888888889
0 0.8472135416666667 0.6555092592592593 0.054322916666666665 0.2175
0 0.8947916666666667 0.12032407407407407 0.028541666666666667 0.1539814814814815
0 0.19557291666666668 0.3731481481481482 0.0428125 0.16592592592592592
0 0.9172395833333334 0.5192592592592593 0.04 0.19666666666666668
0 0.17481770833333332 0.24004629629629629 0.03640625 0.17972222222222223
0 0.3061458333333334 0.1903240740740741 0.0309375 0.16416666666666668
0 0.8358072916666667 0.09259259259259259 0.02744791666666667 0.13740740740740742
0 0.48747395833333335 0.5545833333333333 0.03682291666666667 0.21768518518518518
0 0.265078125 0.2378240740740741 0.032656250000000005 0.17157407407407407
0 0.4063541666666666 0.1413425925925926 0.028541666666666667 0.15324074074074073
0 0.7523958333333334 0.08046296296296297 0.02645833333333333 0.14203703703703704
0 0.5331770833333332 0.5415277777777778 0.03635416666666667 0.21972222222222224
0 0.14622395833333332 0.05722222222222222 0.028489583333333336 0.11148148148148149
0 0.228984375 0.23074074074074075 0.03046875 0.16462962962962965
0 0.1384635416666667 0.2000462962962963 0.026822916666666665 0.1526851851851852
0 0.23856770833333335 0.3771296296296296 0.029531250000000002 0.1872222222222222
