0 0.6527083333333333 0.08324074074074074 0.03229166666666667 0.10925925925925926
0 0.37838541666666664 0.24328703703703702 0.041562499999999995 0.1050925925925926
0 0.5358593749999999 0.06981481481481482 0.03015625 0.13777777777777778
0 0.16489583333333335 0.2657407407407407 0.0265625 0.1562962962962963
0 0.20197916666666668 0.18208333333333335 0.029479166666666667 0.16564814814814816
0 0.501484375 0.06634259259259259 0.029739583333333333 0.13083333333333336
0 0.908828125 0.521712962962963 0.05755208333333333 0.19768518518518519
0 0.7984895833333333 0.05685185185185185 0.030729166666666665 0.11185185185185186
0 0.4705729166666667 0.06226851851851852 0.027708333333333335 0.12268518518518519
0 0.253984375 0.2488888888888889 0.03723958333333333 0.18037037037037038
0 0.9540104166666666 0.43407407407407406 0.04572916666666667 0.19648148148148148
0 0.915234375 0.23967592592592596 0.03484375 0.1502777777777778
0 0.4446614583333333 0.6658333333333333 0.047447916666666666 0.23740740740740737
0 0.8700781249999999 0.4056018518518519 0.032656250000000005 0.1850925925925926
0 0.9495052083333333 0.22259259259259256 0.04265625 0.1625925925925926
0 0.14182291666666666 0.7722685185185185 0.04625 0.2475
0 0.8210677083333332 0.6649074074074074 0.03890625 0.22425925925925924
0 0.4310677083333333 0.21472222222222223 0.02453125 0.16555555555555557
0 0.130078125 0.20152777777777775 0.03328125 0.15101851851851852
0 0.5054166666666666 0.7023148148148148 0.060520833333333336 0.23351851851851851
0 0.08145833333333334 0.40532407407407406 0.030520833333333334 0.17342592592592593
0 0.18731770833333336 0.7949537037037037 0.040989583333333336 0.23472222222222222
0 0.2834114583333333 0.15976851851851853 0.032656250000000005 0.1600925925925926
0 0.251484375 0.11143518518518518 0.037656249999999995 0.1675
0 0.90125 0.12550925925925926 0.027083333333333334 0.15583333333333335
0 0.878046875 0.11893518518518517 0.032864583333333336 0.16157407407407406
0 0.3860677083333333 0.16189814814814815 0.028593749999999998 0.15009259259259258
0 0.226875 0.07722222222222222 0.023854166666666666 0.1437037037037037
0 0.4060416666666667 0.15689814814814815 0.02802083333333333 0.13064814814814815
0 0.5538020833333334 0.929537037037037 0.040937499999999995 0.14277777777777775
0 0.536640625 0.7112499999999999 0.03744791666666667 0.20194444444444443
0 0.23625000000000002 0.22574074074074074 0.0284375 0.1762962962962963
