0 0.625390625 0.37842592592592594 0.029947916666666668 0.1312962962962963
0 0.5098697916666667 0.39481481481481484 0.033177083333333336 0.10481481481481482
0 0.42039062499999996 0.3867592592592593 0.032552083333333336 0.16499999999999998
0 0.013385416666666667 0.3835648148148148 0.025729166666666668 0.10416666666666667
0 0.7221875000000001 0.3821296296296296 0.043437500000000004 0.16907407407407407
0 0.036145833333333335 0.3773148148148148 0.024791666666666667 0.10425925925925926
0 0.5359375 0.4021759259259259 0.03166666666666666 0.10175925925925926
0 0.4623177083333333 0.3910648148148148 0.03203125 0.15583333333333335
0 0.5664322916666666 0.35638888888888887 0.017447916666666667 0.06666666666666667
0 0.33953125000000006 0.3577314814814815 0.014270833333333333 0.05527777777777778
0 0.3999739583333333 0.3599074074074074 0.017864583333333333 0.05907407407407407
0 0.601875 0.3572222222222222 0.014791666666666667 0.06018518518518518
0 0.36380208333333336 0.3513425925925926 0.012708333333333332 0.047314814814814816
0 0.3547916666666666 0.35287037037037033 0.013333333333333334 0.049444444444444444
0 0.5770833333333333 0.3573611111111111 0.0146875 0.06027777777777777
