0 0.21236979166666667 0.44814814814814813 0.10588541666666668 0.45685185185185184
0 0.5026822916666667 0.3563888888888889 0.028802083333333332 0.1338888888888889
0 0.4639583333333333 0.3535185185185185 0.03104166666666667 0.145
0 0.5552864583333333 0.3309722222222222 0.01578125 0.060648148148148145
0 0.636640625 0.3676388888888889 0.031302083333333335 0.13805555555555554
0 0.39507812500000006 0.3294907407407407 0.016510416666666666 0.06657407407407408
0 0.6043489583333334 0.36592592592592593 0.03015625 0.16055555555555556
0 0.3731510416666666 0.32939814814814816 0.01578125 0.07212962962962964
0 0.308671875 0.3637962962962963 0.01942708333333333 0.135
0 0.32585937500000006 0.35097222222222224 0.017135416666666667 0.10990740740740741
0 0.33445312499999996 0.33625 0.014427083333333333 0.07398148148148148
