0 0.6525260416666666 0.08263888888888889 0.03234375 0.10935185185185185
0 0.37859375 0.24333333333333335 0.04145833333333333 0.10537037037037036
0 0.7865625 0.07402777777777778 0.030729166666666665 0.13453703703703704
0 0.6759895833333333 0.8187037037037037 0.049791666666666665 0.24962962962962965
0 0.302734375 0.18671296296296297 0.03078125 0.16324074074074074
0 0.7819791666666667 0.18472222222222223 0.027083333333333334 0.16092592592592594
0 0.8488020833333334 0.1935185185185185 0.0309375 0.16518518518518518
0 0.8458333333333333 0.6552314814814816 0.05239583333333333 0.21657407407407409
0 0.9164583333333334 0.5186111111111111 0.050208333333333334 0.1938888888888889
0 0.22966145833333335 0.6227314814814815 0.05140625 0.23027777777777778
0 0.2327604166666667 0.23703703703703705 0.036041666666666666 0.15185185185185185
0 0.15080729166666668 0.2700462962962963 0.029427083333333333 0.18416666666666667
0 0.26229166666666665 0.23296296296296298 0.0259375 0.16796296296296298
0 0.17591145833333333 0.48004629629629636 0.03901041666666667 0.20398148148148149
0 0.18026041666666665 0.2697222222222222 0.033749999999999995 0.16685185185185183
0 0.423046875 0.20958333333333332 0.026822916666666665 0.16712962962962963
0 0.4034375 0.1463888888888889 0.025729166666666668 0.14055555555555557
0 0.23369791666666667 0.11458333333333333 0.0328125 0.1550925925925926
0 0.63359375 0.8430555555555556 0.04541666666666667 0.25333333333333335
0 0.200390625 0.1800462962962963 0.024427083333333332 0.15805555555555553
0 0.25481770833333334 0.07787037037037038 0.024427083333333332 0.12944444444444445
0 0.13614583333333333 0.2023148148148148 0.026354166666666668 0.15648148148148147
