0 0.7826041666666667 0.5587500000000001 0.024479166666666666 0.11564814814814815
0 0.9590104166666666 0.6548611111111111 0.041875 0.1673148148148148
0 0.26010416666666664 0.566574074074074 0.021354166666666667 0.10518518518518517
0 0.8261197916666667 0.522037037037037 0.016614583333333332 0.07666666666666666
0 0.23523437500000002 0.5637037037037038 0.02015625 0.10018518518518518
0 0.8590104166666667 0.5436574074074074 0.020104166666666666 0.0799074074074074
0 0.4033072916666667 0.4954166666666667 0.011927083333333333 0.04805555555555555
0 0.32760416666666664 0.5397685185185186 0.0159375 0.07490740740740741
0 0.4360416666666667 0.5012962962962962 0.009895833333333333 0.04722222222222222
0 0.6381510416666667 0.4772222222222222 0.008489583333333333 0.03574074074074074
0 0.557265625 0.4781944444444445 0.007864583333333333 0.025833333333333333
0 0.306875 0.5351388888888888 0.012708333333333332 0.06583333333333333
0 0.7744270833333332 0.48574074074074075 0.011250000000000001 0.04462962962962963
0 0.3154166666666667 0.5359722222222223 0.015104166666666667 0.06824074074074074
0 0.8595052083333333 0.49953703703703706 0.01203125 0.045925925925925926
0 0.7877604166666666 0.48763888888888884 0.0115625 0.041944444444444444
0 0.35174479166666667 0.5306944444444445 0.011197916666666667 0.061759259259259264
0 0.76609375 0.4844444444444445 0.010104166666666666 0.0437037037037037
0 0.8477864583333333 0.5361111111111111 0.01578125 0.07074074074074074
