0 0.6130208333333333 0.3674537037037037 0.03166666666666666 0.13842592592592592
0 0.44796875 0.36745370370370367 0.03166666666666666 0.15916666666666668
0 0.3656770833333333 0.35453703703703704 0.021354166666666667 0.09796296296296296
0 0.490625 0.3684722222222222 0.029062499999999998 0.13324074074074074
0 0.124296875 0.5233333333333334 0.16369791666666667 0.5611111111111111
0 0.7075260416666667 0.3945833333333333 0.04765625 0.29379629629629633
0 0.33125 0.3466666666666667 0.01875 0.0662962962962963
0 0.5383072916666667 0.3429166666666667 0.014739583333333334 0.057129629629629634
0 0.38726562500000006 0.3432407407407408 0.015052083333333332 0.0612962962962963
0 0.5604166666666667 0.3374537037037037 0.011875 0.0475
0 0.5112239583333333 0.36625 0.020781249999999998 0.09064814814814816
0 0.5244010416666667 0.3510648148148148 0.013802083333333333 0.06472222222222222
0 0.344296875 0.3478240740740741 0.015677083333333335 0.06583333333333333
0 0.39708333333333334 0.3431018518518518 0.0146875 0.05583333333333333
