0 0.836640625 0.7485185185185185 0.06296875 0.20981481481481482
0 0.7804947916666668 0.7800462962962963 0.045468749999999995 0.22564814814814813
0 0.7263020833333333 0.7119444444444445 0.03822916666666667 0.20500000000000002
0 0.8957812500000001 0.634074074074074 0.025520833333333333 0.13018518518518518
0 0.015364583333333333 0.7545833333333334 0.0259375 0.16805555555555557
0 0.7293229166666666 0.584212962962963 0.026041666666666668 0.09972222222222223
0 0.769140625 0.5826851851851852 0.02276041666666667 0.07925925925925925
0 0.8194531250000001 0.5833796296296297 0.01578125 0.09620370370370371
0 0.7955468749999999 0.5836111111111111 0.014427083333333333 0.08888888888888889
0 0.7133593749999999 0.5429629629629631 0.011302083333333332 0.04759259259259259
0 0.8091927083333332 0.582361111111111 0.012864583333333334 0.09101851851851851
0 0.7205208333333333 0.5599537037037037 0.015416666666666667 0.06657407407407408
