0 0.6522135416666667 0.08217592592592593 0.03234375 0.11046296296296296
0 0.3784895833333334 0.24282407407407408 0.04125 0.10546296296296297
0 0.3011979166666666 0.18819444444444444 0.03177083333333333 0.16342592592592592
0 0.9175000000000001 0.5180555555555556 0.04 0.19925925925925925
0 0.2644270833333333 0.1648148148148148 0.0315625 0.16203703703703703
0 0.172734375 0.5731481481481482 0.04161458333333334 0.21203703703703702
0 0.846328125 0.6560648148148148 0.05203125 0.21398148148148147
0 0.7896875 0.09430555555555556 0.0309375 0.13731481481481483
0 0.15934895833333332 0.24675925925925926 0.029947916666666668 0.1811111111111111
0 0.42083333333333334 0.20226851851851851 0.02625 0.16898148148148148
0 0.7640364583333333 0.13694444444444445 0.025989583333333333 0.15185185185185185
0 0.24643229166666666 0.29606481481481484 0.028072916666666666 0.1726851851851852
0 0.40476562499999996 0.14023148148148148 0.028489583333333336 0.1487962962962963
0 0.22046875000000002 0.2940277777777778 0.0359375 0.16435185185185186
0 0.134609375 0.20074074074074072 0.026197916666666664 0.15296296296296294
0 0.1896614583333333 0.2550925925925926 0.02546875 0.1637037037037037
0 0.5926041666666666 0.6785185185185185 0.04614583333333333 0.2361111111111111
0 0.14583333333333334 0.05791666666666667 0.027395833333333335 0.11361111111111111
0 0.3267447916666667 0.6499537037037036 0.03692708333333334 0.2225
0 0.235 0.16064814814814815 0.029479166666666667 0.1525925925925926
0 0.557109375 0.6959722222222222 0.04026041666666667 0.21805555555555556
0 0.24578124999999998 0.04560185185185185 0.02333333333333333 0.0837962962962963
