0 0.4492447916666667 0.4736111111111111 0.02796875 0.07148148148148148
0 0.38695312499999995 0.4648611111111111 0.02203125 0.09953703703703703
0 0.5329947916666666 0.5161111111111111 0.053802083333333334 0.2237037037037037
0 0.6452343749999999 0.5345833333333333 0.06338541666666667 0.2550925925925926
0 0.5812239583333334 0.5163888888888889 0.047552083333333335 0.26462962962962966
0 0.42966145833333336 0.46902777777777777 0.029010416666666667 0.0575
0 0.2276302083333333 0.48254629629629625 0.021510416666666664 0.09601851851851852
0 0.21125000000000002 0.4824074074074074 0.0253125 0.10407407407407408
0 0.357109375 0.46828703703703706 0.020677083333333336 0.09601851851851852
0 0.9367447916666667 0.6845833333333332 0.12755208333333334 0.6326851851851851
0 0.2965885416666667 0.46458333333333335 0.01640625 0.07712962962962963
0 0.34010416666666665 0.4675925925925926 0.0175 0.09907407407407408
0 0.314765625 0.4633333333333333 0.01973958333333333 0.0787037037037037
0 0.4997916666666667 0.4992592592592593 0.052187500000000005 0.09740740740740741
0 0.3315624999999999 0.4666203703703704 0.0159375 0.08675925925925926
