0 0.6520052083333333 0.08407407407407408 0.031822916666666666 0.11148148148148149
0 0.05677083333333333 0.7053703703703703 0.061875 0.2301851851851852
0 0.124765625 0.19537037037037036 0.02921875 0.15462962962962962
0 0.378359375 0.24356481481481482 0.04088541666666667 0.10379629629629629
0 0.79015625 0.13328703703703704 0.02822916666666667 0.1387962962962963
0 0.06963541666666667 0.40990740740740744 0.026354166666666668 0.17703703703703702
0 0.3816145833333333 0.07453703703703704 0.029062499999999998 0.14722222222222223
0 0.2902604166666667 0.20157407407407407 0.031875 0.14777777777777779
0 0.23484375 0.6819907407407407 0.04895833333333333 0.22898148148148148
0 0.9166666666666666 0.5206481481481482 0.04072916666666667 0.19574074074074074
0 0.16494791666666667 0.19648148148148148 0.0284375 0.1590740740740741
0 0.7345052083333333 0.6390277777777779 0.053697916666666665 0.22861111111111113
0 0.199609375 0.18037037037037038 0.028489583333333336 0.16648148148148148
0 0.23924479166666668 0.29962962962962963 0.040364583333333336 0.20333333333333334
0 0.28825520833333335 0.384675925925926 0.03890625 0.20064814814814813
0 0.47934895833333335 0.2363888888888889 0.04088541666666667 0.17351851851851852
0 0.5598177083333334 0.20236111111111113 0.02671875 0.14546296296296296
0 0.4301041666666666 0.22013888888888888 0.03104166666666667 0.16027777777777777
0 0.22161458333333334 0.11425925925925927 0.033125 0.15537037037037038
0 0.4361979166666667 0.36796296296296294 0.03666666666666667 0.1725925925925926
0 0.6501302083333333 0.21361111111111114 0.02713541666666667 0.1590740740740741
0 0.6220833333333334 0.2198611111111111 0.03333333333333333 0.1723148148148148
0 0.136171875 0.6019907407407408 0.032656250000000005 0.1986111111111111
0 0.40955729166666666 0.36314814814814816 0.03661458333333333 0.19092592592592592
0 0.525390625 0.9238425925925926 0.039635416666666666 0.15416666666666667
0 0.25497395833333336 0.04796296296296296 0.02421875 0.07962962962962963
