0 0.08830729166666668 0.3790277777777778 0.038072916666666665 0.14287037037037037
0 0.025963541666666666 0.38504629629629633 0.04869791666666667 0.16712962962962963
0 0.5708854166666666 0.3446296296296297 0.016770833333333336 0.06962962962962964
0 0.21760416666666665 0.42643518518518514 0.10927083333333334 0.41824074074074075
0 0.44747395833333337 0.3676851851851852 0.03171875 0.15333333333333332
0 0.495703125 0.3725 0.028593749999999998 0.13703703703703704
0 0.33039062499999994 0.3535648148148148 0.02296875 0.09564814814814815
0 0.6439843749999999 0.38097222222222227 0.02744791666666667 0.2173148148148148
0 0.47263020833333336 0.3592592592592593 0.026927083333333334 0.06611111111111112
0 0.36921875 0.3466203703703704 0.014166666666666666 0.06361111111111112
0 0.5156510416666668 0.3403703703703703 0.015052083333333332 0.05962962962962964
0 0.5235416666666667 0.3390740740740741 0.012187499999999999 0.05037037037037037
0 0.36000000000000004 0.3458333333333333 0.014791666666666667 0.06555555555555555
0 0.377890625 0.34296296296296297 0.013177083333333334 0.05740740740740741
0 0.3450520833333333 0.3480555555555555 0.035520833333333335 0.07777777777777778
