0 0.5010156250000001 0.4994444444444444 0.05026041666666667 0.10333333333333333
0 0.44937499999999997 0.47328703703703706 0.0275 0.07416666666666666
0 0.20630208333333336 0.46231481481481485 0.02322916666666667 0.09722222222222222
0 0.39838541666666666 0.5263888888888889 0.0478125 0.20500000000000002
0 0.6661979166666666 0.46069444444444446 0.018333333333333333 0.0936111111111111
0 0.5766666666666667 0.502175925925926 0.01875 0.11046296296296296
0 0.3108333333333333 0.5659722222222222 0.05625 0.310462962962963
0 0.5341145833333333 0.46129629629629626 0.021770833333333333 0.10148148148148148
0 0.5592447916666666 0.4978703703703704 0.020989583333333332 0.1037037037037037
0 0.23065104166666667 0.4646296296296296 0.02140625 0.0787037037037037
0 0.350859375 0.546712962962963 0.05140625 0.2750925925925926
0 0.25299479166666666 0.4806944444444444 0.01953125 0.09731481481481481
0 0.27057291666666666 0.4722222222222222 0.01583333333333333 0.09111111111111111
