0 0.3786197916666667 0.24342592592592596 0.040989583333333336 0.10481481481481482
0 0.7889322916666667 0.13300925925925924 0.028802083333333332 0.13712962962962963
0 0.6469531249999999 0.08453703703703704 0.03682291666666667 0.10981481481481481
0 0.2816927083333333 0.22907407407407404 0.04994791666666667 0.17555555555555555
0 0.38169270833333335 0.07347222222222223 0.029322916666666664 0.14435185185185187
0 0.7364583333333333 0.6385648148148149 0.0546875 0.22675925925925927
0 0.5452343749999999 0.2700925925925926 0.038802083333333334 0.17092592592592593
0 0.9178906250000001 0.5198611111111111 0.039739583333333335 0.19583333333333333
0 0.22075520833333334 0.46805555555555556 0.04359375 0.22444444444444445
0 0.4303385416666667 0.2196759259259259 0.032656250000000005 0.16194444444444445
0 0.07536458333333333 0.6231481481481481 0.0446875 0.23333333333333334
0 0.12520833333333334 0.19643518518518516 0.025520833333333333 0.1489814814814815
0 0.19940104166666664 0.17912037037037035 0.028281249999999997 0.1676851851851852
0 0.121796875 0.444212962962963 0.03515625 0.1837962962962963
0 0.963671875 0.29879629629629634 0.03390625 0.17574074074074075
0 0.8532552083333333 0.3120833333333333 0.03109375 0.17527777777777778
0 0.16268229166666665 0.19398148148148148 0.028802083333333332 0.15814814814814815
0 0.23109375 0.14962962962962964 0.029166666666666667 0.15222222222222223
0 0.251796875 0.1349074074074074 0.02703125 0.15666666666666665
0 0.4715625 0.21347222222222223 0.030625 0.16620370370370371
0 0.013828125 0.8873611111111112 0.02578125 0.21101851851851852
0 0.7327083333333333 0.25708333333333333 0.027604166666666666 0.1628703703703704
0 0.49124999999999996 0.21217592592592593 0.02645833333333333 0.14953703703703702
