0 0.6525520833333333 0.08310185185185186 0.03208333333333333 0.10935185185185185
0 0.378203125 0.24379629629629632 0.04171875 0.10666666666666667
0 0.8741666666666666 0.1259259259259259 0.03395833333333333 0.1587037037037037
0 0.20059895833333333 0.1800462962962963 0.02890625 0.16712962962962963
0 0.25802083333333337 0.3435648148148148 0.039375 0.19027777777777777
0 0.5088802083333334 0.09763888888888889 0.032656250000000005 0.15953703703703706
0 0.93953125 0.18768518518518518 0.034583333333333334 0.15703703703703703
0 0.20570312500000001 0.0525462962962963 0.03473958333333334 0.10324074074074074
0 0.446484375 0.059953703703703703 0.02921875 0.11768518518518518
0 0.3019791666666667 0.14375 0.03145833333333333 0.15916666666666668
0 0.9159114583333333 0.5213425925925925 0.04140625 0.19046296296296295
0 0.18122395833333332 0.6463888888888889 0.04390625 0.2262962962962963
0 0.13083333333333333 0.20273148148148148 0.03302083333333333 0.14416666666666667
0 0.4298958333333333 0.22041666666666668 0.030520833333333334 0.15842592592592591
0 0.16216145833333334 0.19615740740740742 0.02890625 0.1526851851851852
0 0.23838541666666666 0.6637962962962963 0.0359375 0.2175925925925926
0 0.07033854166666667 0.41097222222222224 0.02765625 0.1812037037037037
0 0.8530989583333334 0.6889351851851853 0.05015625 0.2313888888888889
0 0.63328125 0.5425 0.03145833333333333 0.18962962962962965
0 0.5386979166666667 0.10634259259259259 0.028854166666666667 0.14731481481481482
0 0.234765625 0.16337962962962962 0.02744791666666667 0.16027777777777777
0 0.12080729166666666 0.3351851851851852 0.02755208333333333 0.1687037037037037
0 0.4709375 0.5940740740740741 0.05260416666666667 0.21851851851851853
0 0.26036458333333334 0.1524537037037037 0.033854166666666664 0.17583333333333334
0 0.5033854166666667 0.6017129629629628 0.042499999999999996 0.20194444444444443
0 0.3873697916666667 0.062129629629629625 0.02713541666666667 0.1224074074074074
0 0.3863020833333334 0.16407407407407407 0.034583333333333334 0.16018518518518518
0 0.5315104166666667 0.9254166666666666 0.044895833333333336 0.15101851851851852
0 0.23270833333333335 0.05263888888888889 0.023125 0.10231481481481482
0 0.3769270833333333 0.6341203703703704 0.04677083333333333 0.2237962962962963
