0 0.21174479166666668 0.4818055555555556 0.025572916666666667 0.10768518518518519
0 0.5280989583333333 0.5443055555555555 0.05682291666666666 0.2610185185185185
0 0.425859375 0.5230555555555555 0.04192708333333333 0.24296296296296294
0 0.900390625 0.6762499999999999 0.16109375 0.6493518518518518
0 0.6238020833333333 0.45587962962962963 0.018541666666666668 0.08249999999999999
0 0.30700520833333333 0.4628703703703704 0.017552083333333336 0.07648148148148147
0 0.7702604166666667 0.6914814814814815 0.12520833333333334 0.5990740740740741
0 0.3651302083333334 0.47504629629629624 0.02276041666666667 0.1150925925925926
0 0.577578125 0.518287037037037 0.055156250000000004 0.21898148148148147
0 0.48442708333333334 0.5150925925925925 0.051145833333333335 0.2733333333333333
0 0.22752604166666668 0.48250000000000004 0.023177083333333334 0.095
0 0.34617187499999996 0.46416666666666667 0.014947916666666667 0.08833333333333333
0 0.3852604166666667 0.4575462962962963 0.016666666666666666 0.08361111111111111
0 0.2905208333333334 0.4631018518518519 0.0146875 0.06861111111111111
0 0.237109375 0.47027777777777774 0.017343749999999998 0.08037037037037037
0 0.24833333333333332 0.4587037037037037 0.013958333333333333 0.06407407407407407
0 0.4509635416666667 0.4817592592592592 0.028281249999999997 0.08759259259259258
