0 0.159765625 0.4552777777777778 0.11776041666666666 0.49425925925925923
0 0.5015104166666666 0.3555092592592593 0.028958333333333332 0.13546296296296298
0 0.5553645833333334 0.3287962962962963 0.015520833333333334 0.06314814814814815
0 0.46372395833333335 0.3515740740740741 0.031927083333333335 0.15166666666666667
0 0.6054166666666667 0.35953703703703704 0.03270833333333333 0.17166666666666666
0 0.6339583333333334 0.3616203703703703 0.03302083333333333 0.14509259259259258
0 0.30513020833333326 0.355925925925926 0.024010416666666666 0.1375925925925926
0 0.3934375 0.3274074074074074 0.015416666666666667 0.07055555555555555
0 0.3276562499999999 0.33912037037037035 0.022187500000000002 0.10657407407407407
0 0.37377604166666667 0.3274537037037037 0.017239583333333332 0.07361111111111111
