0 0.9184375 0.6779166666666666 0.04604166666666667 0.20249999999999999
0 0.08817708333333334 0.6092592592592593 0.034791666666666665 0.13518518518518519
0 0.05723958333333334 0.6033333333333334 0.030729166666666665 0.14092592592592593
0 0.146484375 0.5974537037037037 0.02265625 0.1112037037037037
0 0.8825260416666667 0.5605092592592592 0.01890625 0.10194444444444443
0 0.20091145833333332 0.5898148148148148 0.02276041666666667 0.11925925925925927
0 0.17010416666666667 0.597037037037037 0.025104166666666667 0.11166666666666666
0 0.7027864583333333 0.5280555555555556 0.01390625 0.06611111111111112
0 0.35513020833333336 0.5183796296296297 0.01078125 0.0587962962962963
0 0.3140364583333333 0.5119907407407408 0.010989583333333334 0.05620370370370371
0 0.4640364583333333 0.4867592592592593 0.007864583333333333 0.03185185185185185
0 0.932265625 0.5774074074074075 0.02109375 0.09555555555555556
0 0.59375 0.49018518518518517 0.0096875 0.041666666666666664
0 0.8087760416666666 0.5127777777777778 0.012760416666666666 0.05722222222222222
0 0.7846614583333333 0.5188888888888888 0.01296875 0.053518518518518514
0 0.22062500000000002 0.566712962962963 0.01875 0.09416666666666666
0 0.6242708333333333 0.5035648148148149 0.0115625 0.04657407407407407
0 0.12369791666666667 0.5925 0.017916666666666668 0.08481481481481482
0 0.7732291666666666 0.5175000000000001 0.011770833333333335 0.049444444444444444
0 0.6028125000000001 0.495 0.010416666666666666 0.041851851851851855
0 0.6422656250000001 0.5060185185185185 0.010572916666666666 0.04574074074074074
0 0.7164322916666668 0.5186574074074074 0.011093750000000001 0.04583333333333333
0 0.683203125 0.5121759259259259 0.011510416666666667 0.045648148148148146
0 0.6944270833333334 0.5181481481481481 0.011979166666666667 0.05388888888888889
0 0.6646614583333332 0.5080555555555556 0.009739583333333333 0.05
