0 0.42039062499999996 0.5091666666666667 0.038072916666666665 0.19481481481481483
0 0.273046875 0.47152777777777777 0.01942708333333333 0.10027777777777777
0 0.5723177083333333 0.6660648148148147 0.08598958333333333 0.5697222222222221
0 0.6228385416666667 0.4625462962962963 0.024427083333333332 0.10101851851851851
0 0.8862239583333333 0.61125 0.08671875 0.42342592592592593
0 0.22596354166666666 0.4834722222222222 0.024635416666666667 0.09805555555555556
0 0.44861979166666666 0.47337962962962965 0.02723958333333333 0.07046296296296296
0 0.73609375 0.5193981481481482 0.049479166666666664 0.2630555555555556
0 0.3497135416666667 0.4625925925925926 0.01328125 0.06870370370370371
0 0.5012760416666667 0.6334722222222223 0.07703125000000001 0.4676851851851852
0 0.21067708333333332 0.48111111111111116 0.022916666666666665 0.10351851851851851
0 0.30750000000000005 0.4540277777777778 0.01375 0.05416666666666667
0 0.29526041666666664 0.45532407407407405 0.0134375 0.05824074074074074
0 0.32390625 0.4514351851851852 0.012812500000000001 0.0537962962962963
0 0.33424479166666665 0.4539814814814815 0.021510416666666664 0.05888888888888889
