0 0.6524479166666666 0.08249999999999999 0.03239583333333333 0.11
0 0.37856770833333336 0.24342592592592596 0.041093750000000005 0.10481481481481482
0 0.43335937500000005 0.21009259259259258 0.039427083333333335 0.16444444444444445
0 0.30588541666666663 0.1884259259259259 0.0321875 0.16055555555555556
0 0.8741666666666666 0.08893518518518519 0.030520833333333334 0.1486111111111111
0 0.917109375 0.5181018518518518 0.040989583333333336 0.1965740740740741
0 0.16031249999999997 0.656111111111111 0.043125 0.2274074074074074
0 0.8467447916666667 0.6545833333333334 0.053281249999999995 0.2175
0 0.5713541666666667 0.04958333333333333 0.028958333333333332 0.09731481481481481
0 0.40643229166666667 0.1411111111111111 0.029427083333333333 0.15148148148148147
0 0.7811458333333333 0.12736111111111112 0.03197916666666666 0.14175925925925925
0 0.13843750000000002 0.19902777777777778 0.02645833333333333 0.15898148148148147
0 0.172578125 0.23981481481481481 0.03630208333333333 0.18018518518518517
0 0.7515364583333334 0.10162037037037037 0.02765625 0.14694444444444443
0 0.20596354166666667 0.34421296296296294 0.04067708333333333 0.16620370370370371
0 0.26291666666666663 0.2099074074074074 0.03114583333333333 0.16777777777777778
0 0.24203125 0.3434722222222223 0.028854166666666667 0.1900925925925926
0 0.14643229166666666 0.05717592592592593 0.028072916666666666 0.1125
0 0.5083072916666667 0.6090277777777777 0.03692708333333334 0.22342592592592594
0 0.5535677083333332 0.5901851851851851 0.038593749999999996 0.22592592592592592
0 0.23182291666666666 0.20407407407407407 0.03145833333333333 0.16185185185185186
