0 0.449921875 0.6494444444444444 0.13161458333333334 0.5435185185185185
0 0.205390625 0.4636111111111111 0.02234375 0.09888888888888889
0 0.3309635416666667 0.5032870370370371 0.02890625 0.16935185185185186
0 0.6008072916666667 0.570462962962963 0.055156250000000004 0.31037037037037035
0 0.27716145833333333 0.47115740740740736 0.01796875 0.10305555555555555
0 0.23497395833333334 0.48333333333333334 0.023489583333333335 0.10425925925925926
0 0.5582291666666667 0.4996759259259259 0.0215625 0.10231481481481482
0 0.501875 0.5900000000000001 0.07104166666666667 0.382962962962963
0 0.34986979166666665 0.46546296296296297 0.014322916666666666 0.06666666666666667
0 0.293046875 0.4535648148148148 0.01328125 0.0600925925925926
0 0.28440104166666663 0.46087962962962964 0.014739583333333334 0.07416666666666666
0 0.2525 0.47023148148148153 0.01885416666666667 0.09953703703703703
0 0.31622395833333333 0.4085185185185185 0.010260416666666666 0.03222222222222222
