0 0.6523958333333333 0.0837962962962963 0.033125 0.11074074074074074
0 0.3782552083333333 0.24379629629629632 0.04161458333333334 0.10333333333333333
0 0.6198437499999999 0.18569444444444447 0.027604166666666666 0.1486111111111111
0 0.42984374999999997 0.2213888888888889 0.03114583333333333 0.16333333333333333
0 0.84453125 0.06912037037037036 0.030104166666666664 0.13435185185185183
0 0.786328125 0.12518518518518518 0.02755208333333333 0.1398148148148148
0 0.2518229166666667 0.25949074074074074 0.03895833333333333 0.19398148148148148
0 0.5801302083333334 0.19583333333333333 0.031197916666666665 0.1687037037037037
0 0.7386458333333332 0.639212962962963 0.05739583333333333 0.22657407407407407
0 0.164765625 0.19805555555555554 0.028697916666666667 0.15944444444444444
0 0.9165364583333333 0.5215277777777778 0.04057291666666667 0.1965740740740741
0 0.224453125 0.5941203703703705 0.04526041666666667 0.21935185185185185
0 0.06986979166666667 0.4127777777777778 0.025885416666666668 0.17685185185185184
0 0.381171875 0.07504629629629629 0.028593749999999998 0.14824074074074073
0 0.19927083333333334 0.18009259259259258 0.02822916666666667 0.1662962962962963
0 0.124921875 0.1936574074074074 0.02890625 0.1547222222222222
0 0.50203125 0.19685185185185183 0.0359375 0.17148148148148148
0 0.27729166666666666 0.43393518518518515 0.038125 0.20787037037037037
0 0.13184895833333335 0.5350462962962963 0.03244791666666667 0.18916666666666668
0 0.12463541666666668 0.7816203703703704 0.04479166666666667 0.23435185185185184
0 0.46075520833333333 0.40944444444444444 0.04140625 0.17925925925925926
0 0.282421875 0.19314814814814815 0.02713541666666667 0.1675925925925926
0 0.32328124999999996 0.42967592592592596 0.0321875 0.18046296296296296
0 0.43106770833333335 0.4033333333333334 0.04213541666666667 0.19074074074074074
0 0.08067708333333333 0.6343518518518518 0.04552083333333334 0.225
0 0.50375 0.914675925925926 0.03770833333333334 0.17250000000000001
0 0.09768229166666666 0.7100925925925927 0.032135416666666666 0.1837037037037037
