0 0.6524479166666666 0.08287037037037037 0.03239583333333333 0.10851851851851853
0 0.5371614583333333 0.19935185185185186 0.040989583333333336 0.15611111111111112
0 0.7896875 0.1325 0.028958333333333332 0.13944444444444443
0 0.19986979166666666 0.1800462962962963 0.028489583333333336 0.16712962962962963
0 0.07 0.41148148148148145 0.0259375 0.17518518518518517
0 0.16473958333333333 0.19587962962962965 0.02875 0.1600925925925926
0 0.38148437500000004 0.07462962962962963 0.029010416666666667 0.1474074074074074
0 0.12546875 0.19337962962962962 0.028645833333333332 0.1575
0 0.24476562500000001 0.11027777777777777 0.032135416666666666 0.15333333333333332
0 0.7350520833333333 0.6385648148148148 0.05489583333333334 0.2273148148148148
0 0.9166406249999999 0.5207407407407407 0.040468750000000005 0.19518518518518518
0 0.3783333333333333 0.2440277777777778 0.041666666666666664 0.1062037037037037
0 0.29367187499999997 0.135787037037037 0.026093750000000002 0.15287037037037038
0 0.23963541666666666 0.3346296296296296 0.04083333333333334 0.20796296296296296
0 0.23677083333333335 0.7715277777777778 0.04770833333333333 0.24527777777777776
0 0.07502604166666667 0.6225462962962963 0.04411458333333333 0.23472222222222222
0 0.61078125 0.22125 0.02375 0.14601851851851852
0 0.32453125 0.3352314814814815 0.031875 0.18101851851851852
0 0.671875 0.23958333333333334 0.03333333333333333 0.1636111111111111
0 0.43453125 0.32833333333333337 0.034270833333333334 0.16499999999999998
0 0.121796875 0.6634722222222222 0.03276041666666667 0.19898148148148148
0 0.29244791666666664 0.3484259259259259 0.0321875 0.1935185185185185
0 0.21447916666666667 0.05768518518518519 0.02354166666666667 0.11222222222222222
0 0.27252604166666666 0.2673611111111111 0.031614583333333335 0.15638888888888888
0 0.4102604166666666 0.3214814814814815 0.03625 0.17314814814814813
0 0.46429687499999994 0.27472222222222226 0.03755208333333333 0.17666666666666667
0 0.4305208333333333 0.22055555555555553 0.03208333333333333 0.16814814814814813
0 0.5574999999999999 0.920787037037037 0.03760416666666667 0.16027777777777777
0 0.6877083333333334 0.24217592592592593 0.023958333333333335 0.15861111111111112
