0 0.6522395833333333 0.08388888888888889 0.03229166666666667 0.10944444444444444
0 0.3780208333333333 0.2438425925925926 0.040937499999999995 0.10416666666666667
0 0.7806510416666667 0.10212962962962964 0.028385416666666666 0.13833333333333334
0 0.8729166666666667 0.09347222222222222 0.029791666666666668 0.14472222222222222
0 0.22541666666666665 0.5355555555555556 0.043645833333333335 0.2087037037037037
0 0.220703125 0.09166666666666666 0.030052083333333333 0.15185185185185185
0 0.16484375 0.1989351851851852 0.02875 0.1599074074074074
0 0.553515625 0.17921296296296296 0.032552083333333336 0.17305555555555557
0 0.19895833333333332 0.18273148148148147 0.0278125 0.16435185185185186
0 0.25638020833333336 0.2312962962962963 0.039531250000000004 0.19111111111111112
0 0.9165885416666666 0.5212037037037037 0.04119791666666666 0.19592592592592592
0 0.06973958333333334 0.4124074074074074 0.026770833333333334 0.17444444444444446
0 0.5078385416666666 0.16046296296296297 0.03515625 0.16574074074074074
0 0.4300520833333333 0.21865740740740738 0.0315625 0.1612037037037037
0 0.3810416666666666 0.07458333333333333 0.0284375 0.14694444444444443
0 0.5907812499999999 0.16564814814814816 0.027083333333333334 0.15185185185185185
0 0.129609375 0.19680555555555557 0.02744791666666667 0.14916666666666667
0 0.12674479166666666 0.6502314814814815 0.047135416666666666 0.23305555555555554
0 0.4032291666666667 0.3948611111111111 0.035416666666666666 0.1736111111111111
0 0.16364583333333332 0.8582407407407407 0.04666666666666666 0.24351851851851852
0 0.44416666666666665 0.4425 0.04510416666666666 0.1962962962962963
0 0.13661458333333334 0.48620370370370375 0.030729166666666665 0.18666666666666668
0 0.47885416666666664 0.44837962962962963 0.03989583333333333 0.18009259259259258
0 0.30807291666666664 0.4805092592592592 0.03364583333333333 0.1973148148148148
0 0.40375 0.17546296296296296 0.023958333333333335 0.15611111111111112
0 0.2819010416666667 0.1852314814814815 0.02671875 0.16416666666666668
0 0.7692708333333333 0.6490277777777779 0.051145833333333335 0.22824074074074074
0 0.45570312500000004 0.17625 0.022864583333333334 0.14675925925925926
0 0.26283854166666665 0.47263888888888894 0.03609375 0.20675925925925928
0 0.514375 0.9266203703703704 0.0446875 0.1486111111111111
