0 0.72265625 0.5609722222222222 0.0265625 0.11638888888888889
0 0.8530208333333333 0.5720833333333334 0.0271875 0.11564814814814815
0 0.14190104166666667 0.5555555555555556 0.01296875 0.06666666666666667
0 0.084375 0.5515277777777777 0.015104166666666667 0.07175925925925926
0 0.452734375 0.4938425925925926 0.011302083333333332 0.0475
0 0.5741927083333332 0.5086111111111111 0.01598958333333333 0.065
0 0.48773437499999994 0.5105555555555555 0.012552083333333333 0.05814814814814814
0 0.620546875 0.5424537037037036 0.02296875 0.09175925925925925
0 0.2559895833333333 0.49879629629629635 0.008229166666666668 0.035555555555555556
0 0.5432812499999999 0.5122685185185185 0.013333333333333334 0.05805555555555556
0 0.10505208333333332 0.5402314814814814 0.013229166666666665 0.06861111111111111
0 0.5317708333333333 0.512824074074074 0.012916666666666667 0.05805555555555556
0 0.096953125 0.5447222222222223 0.01359375 0.06962962962962964
0 0.5927083333333333 0.5106018518518519 0.013541666666666667 0.05898148148148148
0 0.11247395833333335 0.5397685185185186 0.01359375 0.07212962962962964
0 0.46393229166666666 0.49675925925925923 0.011614583333333334 0.04611111111111111
0 0.5562239583333333 0.5068518518518518 0.017552083333333336 0.0612962962962963
0 0.24841145833333333 0.49773148148148155 0.007239583333333333 0.03675925925925926
0 0.6008854166666667 0.5197222222222223 0.013333333333333334 0.06703703703703705
