0 0.3523177083333333 0.6183333333333333 0.10473958333333333 0.4477777777777778
0 0.22533854166666664 0.4831481481481482 0.026822916666666665 0.09759259259259259
0 0.4350520833333333 0.5719444444444445 0.05572916666666667 0.33296296296296296
0 0.612109375 0.4609722222222222 0.020260416666666666 0.09601851851851852
0 0.5765364583333333 0.5017592592592592 0.020572916666666666 0.10703703703703703
0 0.2046875 0.461712962962963 0.02375 0.09972222222222223
0 0.27403645833333334 0.4709722222222222 0.01953125 0.09990740740740742
0 0.49916666666666665 0.5521296296296296 0.05510416666666666 0.277037037037037
0 0.25161458333333336 0.4837962962962963 0.01885416666666667 0.10166666666666667
0 0.5322916666666667 0.5299074074074074 0.0553125 0.2505555555555556
0 0.2965104166666667 0.4546296296296296 0.013229166666666665 0.06444444444444444
0 0.289375 0.4587037037037037 0.0146875 0.08018518518518518
0 0.30768229166666666 0.42106481481481484 0.011197916666666667 0.03916666666666666
0 0.30502604166666664 0.4620833333333333 0.01640625 0.08453703703703704
0 0.5559635416666667 0.5018055555555556 0.021510416666666664 0.13083333333333336
0 0.313046875 0.41356481481481483 0.01046875 0.03675925925925926
