0 0.6522395833333333 0.0836574074074074 0.03291666666666667 0.11046296296296296
0 0.37822916666666667 0.24375 0.04072916666666667 0.10490740740740741
0 0.23307291666666666 0.6531018518518519 0.0540625 0.22768518518518518
0 0.7690885416666667 0.060092592592592586 0.029114583333333333 0.11814814814814814
0 0.25276041666666665 0.1899537037037037 0.03791666666666667 0.18175925925925926
0 0.8432291666666667 0.05828703703703704 0.0296875 0.1126851851851852
0 0.07015624999999999 0.41148148148148145 0.027083333333333334 0.17592592592592593
0 0.913515625 0.13527777777777777 0.031197916666666665 0.14185185185185184
0 0.9166666666666666 0.5219444444444444 0.04114583333333333 0.1962962962962963
0 0.16276041666666666 0.20249999999999999 0.02875 0.16037037037037036
0 0.13697916666666668 0.41407407407407404 0.030000000000000002 0.1764814814814815
0 0.48679687499999996 0.512824074074074 0.038072916666666665 0.19564814814814815
0 0.20372395833333334 0.18106481481481482 0.029739583333333333 0.16453703703703704
0 0.5272916666666667 0.14347222222222222 0.03197916666666666 0.16435185185185186
0 0.9711458333333334 0.5606944444444444 0.036145833333333335 0.1923148148148148
0 0.8221875000000001 0.6796759259259259 0.043645833333333335 0.2260185185185185
0 0.4998697916666667 0.10402777777777779 0.03421875 0.1613888888888889
0 0.43044270833333337 0.21851851851851853 0.030677083333333334 0.16018518518518518
0 0.5554947916666666 0.14347222222222222 0.02713541666666667 0.14916666666666667
0 0.12489583333333334 0.20375000000000001 0.0284375 0.1489814814814815
0 0.2813541666666666 0.17027777777777775 0.020729166666666667 0.15574074074074074
0 0.45924479166666665 0.5100925925925925 0.04338541666666666 0.2037037037037037
0 0.388671875 0.16699074074074075 0.02796875 0.1525
0 0.2822395833333333 0.5608796296296297 0.036145833333333335 0.20972222222222223
0 0.5134635416666666 0.4585648148148148 0.03578125 0.17953703703703705
0 0.41520833333333335 0.16027777777777777 0.021979166666666668 0.14407407407407408
0 0.23403645833333334 0.12546296296296297 0.029947916666666668 0.1590740740740741
0 0.5078645833333334 0.9244444444444444 0.03770833333333334 0.15296296296296294
0 0.249140625 0.9031944444444444 0.05026041666666667 0.19546296296296295
0 0.23640624999999998 0.4371759259259259 0.04083333333333334 0.1849074074074074
