0 0.6430468749999999 0.43583333333333335 0.02328125 0.10944444444444444
0 0.7303906250000001 0.4686574074074074 0.039531250000000004 0.20935185185185184
0 0.6123177083333334 0.4384722222222222 0.021302083333333333 0.09916666666666667
0 0.8358333333333333 0.4412037037037037 0.022083333333333333 0.09944444444444445
0 0.7820833333333334 0.47078703703703706 0.0403125 0.1650925925925926
0 0.3658854166666667 0.47370370370370374 0.03947916666666666 0.185
0 0.25799479166666667 0.4801851851851852 0.03911458333333333 0.16925925925925928
0 0.5836197916666668 0.4252777777777778 0.017343749999999998 0.07407407407407407
0 0.20903645833333334 0.4327314814814815 0.014427083333333333 0.061759259259259264
0 0.29598958333333336 0.4813425925925926 0.0340625 0.16064814814814815
0 0.31687499999999996 0.47444444444444445 0.030312500000000003 0.16444444444444445
0 0.4473958333333333 0.4333796296296296 0.011354166666666667 0.06472222222222222
0 0.4293229166666667 0.4273611111111111 0.011145833333333332 0.05861111111111111
0 0.41234375 0.4255555555555556 0.011145833333333332 0.05925925925925926
0 0.43614583333333334 0.42657407407407405 0.011979166666666667 0.06611111111111112
0 0.40216145833333333 0.43171296296296297 0.01203125 0.06453703703703705
0 0.3874479166666667 0.4701851851851852 0.03302083333333333 0.16018518518518518
0 0.4563802083333333 0.43449074074074073 0.012135416666666668 0.06287037037037038
