0 0.7761979166666666 0.6318518518518519 0.11697916666666666 0.6616666666666667
0 0.016874999999999998 0.40296296296296297 0.03270833333333333 0.18518518518518517
0 0.9212760416666668 0.6301388888888888 0.13609375 0.6773148148148148
0 0.352734375 0.38652777777777775 0.04307291666666667 0.17972222222222223
0 0.5588802083333333 0.4008333333333333 0.03651041666666666 0.15407407407407409
0 0.5999479166666667 0.37939814814814815 0.0184375 0.1075
0 0.143984375 0.36666666666666664 0.021510416666666664 0.10407407407407408
0 0.4991145833333333 0.3850925925925926 0.02802083333333333 0.13462962962962963
0 0.47648437499999996 0.3843055555555555 0.02713541666666667 0.1386111111111111
0 0.25268229166666667 0.3715740740740741 0.02734375 0.11666666666666667
0 0.39955729166666665 0.3548611111111111 0.012343749999999999 0.06101851851851852
0 0.12783854166666667 0.34703703703703703 0.014635416666666668 0.06722222222222221
0 0.274453125 0.3751388888888889 0.020677083333333336 0.11824074074074074
0 0.45515625 0.36263888888888884 0.016979166666666667 0.047129629629629625
0 0.11796875 0.33541666666666664 0.012187499999999999 0.05805555555555556
