0 0.6523697916666666 0.08319444444444445 0.03276041666666667 0.10916666666666668
0 0.7896093750000001 0.13282407407407407 0.028802083333333332 0.13935185185185187
0 0.19984375000000001 0.17796296296296296 0.02875 0.1688888888888889
0 0.9169010416666665 0.52 0.039947916666666666 0.19444444444444445
0 0.38138020833333336 0.07453703703703704 0.029427083333333333 0.14722222222222223
0 0.06976562500000001 0.41162037037037036 0.025572916666666667 0.1713888888888889
0 0.23942708333333332 0.3383333333333333 0.04052083333333333 0.20537037037037037
0 0.16447916666666668 0.19333333333333336 0.0284375 0.15925925925925927
0 0.6184895833333334 0.22736111111111112 0.0265625 0.15009259259259258
0 0.735078125 0.6381481481481482 0.055156250000000004 0.2262962962962963
0 0.12664062499999998 0.19324074074074074 0.028072916666666666 0.1537037037037037
0 0.29375 0.13537037037037036 0.0265625 0.1525925925925926
0 0.6828906250000001 0.24388888888888888 0.03244791666666667 0.16074074074074074
0 0.37864583333333335 0.24393518518518517 0.0421875 0.10546296296296297
0 0.54859375 0.20379629629629628 0.029375 0.1627777777777778
0 0.23460937499999998 0.7813425925925925 0.04973958333333333 0.24620370370370367
0 0.07533854166666666 0.6229166666666667 0.045885416666666665 0.24194444444444446
0 0.323828125 0.33037037037037037 0.031197916666666665 0.18055555555555555
0 0.43687499999999996 0.3230555555555556 0.033854166666666664 0.16814814814814813
0 0.29216145833333335 0.34652777777777777 0.030989583333333334 0.1862037037037037
0 0.11361979166666666 0.669537037037037 0.03557291666666666 0.20444444444444446
0 0.21200520833333333 0.05875 0.02484375 0.1150925925925926
0 0.46731770833333336 0.27824074074074073 0.03734375 0.17981481481481482
0 0.269453125 0.26351851851851854 0.03140625 0.15574074074074074
0 0.41239583333333335 0.31763888888888886 0.036562500000000005 0.17657407407407405
0 0.2518229166666667 0.10685185185185185 0.026354166666666668 0.15333333333333332
0 0.5637760416666667 0.9241203703703704 0.03619791666666667 0.15361111111111111
0 0.43013020833333326 0.22175925925925927 0.032864583333333336 0.1762962962962963
