0 0.5463802083333333 0.35583333333333333 0.09078125000000001 0.4935185185185185
0 0.63203125 0.3545833333333333 0.05510416666666666 0.30157407407407405
0 0.3424479166666667 0.513287037037037 0.20104166666666667 0.9752777777777777
0 0.7383072916666666 0.3274537037037037 0.020052083333333335 0.11138888888888888
0 0.14911458333333333 0.5097685185185186 0.2234375 0.9823148148148149
0 0.8994791666666667 0.5380555555555556 0.19135416666666666 0.9257407407407408
0 0.46455729166666665 0.35615740740740737 0.10161458333333333 0.4299074074074074
0 0.71421875 0.32263888888888886 0.013229166666666665 0.08083333333333333
0 0.7024479166666667 0.3218518518518519 0.011875 0.08074074074074074
0 0.694453125 0.32263888888888886 0.012760416666666666 0.07583333333333334
0 0.7549479166666667 0.31773148148148145 0.015416666666666667 0.0725
0 0.7239322916666667 0.32458333333333333 0.013072916666666667 0.08898148148148148
0 0.7648958333333333 0.32263888888888886 0.014895833333333334 0.06527777777777778
