0 0.7873177083333334 0.600925925925926 0.11796875 0.6842592592592592
0 0.3736458333333334 0.3610648148148148 0.03666666666666667 0.17601851851851852
0 0.03502604166666667 0.38282407407407404 0.045572916666666664 0.18712962962962962
0 0.5025260416666666 0.36115740740740737 0.025572916666666667 0.1386111111111111
0 0.6411979166666666 0.35625 0.020833333333333332 0.11157407407407408
0 0.5976302083333334 0.37495370370370373 0.03588541666666667 0.1512037037037037
0 0.5295833333333333 0.3588888888888889 0.0315625 0.14129629629629628
0 0.9364062499999999 0.6069444444444444 0.12822916666666667 0.7325925925925927
0 0.16380208333333332 0.34699074074074077 0.020625 0.1100925925925926
0 0.2969791666666666 0.3468055555555556 0.028958333333333332 0.1375
0 0.4353385416666667 0.32851851851851854 0.012343749999999999 0.05666666666666667
0 0.5759895833333334 0.353425925925926 0.027083333333333334 0.12333333333333332
0 0.40979166666666667 0.331712962962963 0.011770833333333335 0.04861111111111111
0 0.480703125 0.3381481481481482 0.01640625 0.04925925925925926
0 0.5509114583333333 0.34074074074074073 0.018385416666666664 0.08074074074074074
0 0.4025520833333333 0.33375 0.012083333333333333 0.05101851851851852
0 0.14908854166666666 0.3362037037037037 0.013385416666666667 0.08481481481481482
