0 0.5013802083333334 0.49907407407407406 0.04838541666666667 0.1024074074074074
0 0.20570312500000001 0.46208333333333335 0.021718750000000002 0.09824074074074074
0 0.4338020833333333 0.5378703703703703 0.051145833333333335 0.22685185185185186
0 0.32932291666666663 0.5825925925925927 0.0690625 0.35444444444444445
0 0.23817708333333334 0.48333333333333334 0.0234375 0.0962962962962963
0 0.57671875 0.5029166666666667 0.019479166666666665 0.10768518518518519
0 0.3804166666666667 0.5544444444444444 0.051041666666666666 0.2937037037037037
0 0.6544270833333333 0.45986111111111116 0.0203125 0.09546296296296296
0 0.5344791666666667 0.4589814814814815 0.020520833333333332 0.09666666666666668
0 0.26859375 0.48250000000000004 0.017708333333333333 0.09555555555555556
0 0.558359375 0.49879629629629635 0.020781249999999998 0.10111111111111111
0 0.28507812499999996 0.4590740740740741 0.01671875 0.0712962962962963
