0 0.7685416666666668 0.6814814814814815 0.13010416666666666 0.6388888888888888
0 0.6538541666666666 0.6626851851851853 0.08291666666666667 0.5461111111111111
0 0.351875 0.5261574074074075 0.0446875 0.2530555555555556
0 0.42651041666666667 0.5425 0.049895833333333334 0.27685185185185185
0 0.30302083333333335 0.4589814814814815 0.01885416666666667 0.07592592592592592
0 0.5510937499999999 0.4575 0.020104166666666666 0.09925925925925926
0 0.4603385416666666 0.5207870370370371 0.04171875 0.28250000000000003
0 0.48984375 0.5199537037037038 0.07291666666666667 0.23416666666666666
0 0.590078125 0.47263888888888894 0.02109375 0.1386111111111111
0 0.5758333333333334 0.49236111111111114 0.020520833333333332 0.12305555555555556
0 0.4010416666666667 0.47430555555555554 0.023020833333333334 0.12083333333333333
0 0.5248177083333333 0.46259259259259256 0.01671875 0.09055555555555556
0 0.28468750000000004 0.4596296296296296 0.014583333333333334 0.06666666666666667
0 0.8422395833333334 0.5733333333333334 0.10489583333333334 0.36833333333333335
0 0.5403125000000001 0.4565277777777778 0.014583333333333334 0.09064814814814816
0 0.5658072916666667 0.4777777777777778 0.018593750000000003 0.10944444444444444
