0 0.45958333333333334 0.37175925925925923 0.09020833333333332 0.4437037037037037
0 0.7409374999999999 0.3125462962962963 0.020625 0.10916666666666668
0 0.8561718749999999 0.3043518518518518 0.018593750000000003 0.09962962962962962
0 0.6440625 0.36064814814814816 0.05739583333333333 0.3398148148148148
0 0.6036458333333333 0.31995370370370374 0.024166666666666666 0.11083333333333334
0 0.5472916666666666 0.3678240740740741 0.08125 0.4797222222222222
0 0.33893229166666666 0.3705555555555556 0.09786458333333334 0.48944444444444446
0 0.9583333333333334 0.30671296296296297 0.021354166666666667 0.10916666666666668
0 0.9764583333333333 0.3017592592592593 0.02041666666666667 0.09962962962962962
0 0.766015625 0.3037037037037037 0.015052083333333332 0.05851851851851852
0 0.69984375 0.3108796296296296 0.0134375 0.08101851851851852
0 0.7152083333333333 0.3126851851851852 0.013541666666666667 0.0824074074074074
0 0.15549479166666666 0.5009259259259259 0.30994791666666666 1.0
0 0.9472916666666668 0.30615740740740743 0.017083333333333332 0.0913888888888889
0 0.68984375 0.31180555555555556 0.013541666666666667 0.08120370370370371
