0 0.0609375 0.5553703703703703 0.08302083333333334 0.3198148148148148
0 0.5517447916666668 0.48916666666666664 0.03505208333333333 0.16037037037037036
0 0.4507552083333334 0.4608333333333333 0.022864583333333334 0.11018518518518519
0 0.6716145833333333 0.5405555555555556 0.051145833333333335 0.36074074074074075
0 0.36296875 0.4487037037037037 0.0146875 0.06666666666666667
0 0.11398437500000001 0.5083333333333333 0.037031249999999995 0.19
0 0.4246875 0.4639351851851852 0.020104166666666666 0.10175925925925926
0 0.2525 0.46194444444444444 0.013958333333333333 0.07537037037037038
0 0.406640625 0.4514814814814815 0.017864583333333333 0.08351851851851852
0 0.19921875 0.45328703703703704 0.010833333333333334 0.05472222222222222
0 0.21627604166666667 0.45444444444444443 0.011822916666666666 0.057962962962962966
0 0.208046875 0.45439814814814816 0.011510416666666667 0.05694444444444444
0 0.46794270833333335 0.45416666666666666 0.01796875 0.09981481481481481
0 0.23223958333333336 0.45625 0.012291666666666668 0.06268518518518519
