0 0.5378385416666667 0.40023148148148147 0.03640625 0.1599074074074074
0 0.43460937499999996 0.3791203703703704 0.02255208333333333 0.12157407407407408
0 0.03984375 0.4343518518518519 0.05697916666666667 0.23629629629629628
0 0.187109375 0.4000462962962963 0.026302083333333334 0.12175925925925926
0 0.5974739583333334 0.38754629629629633 0.03244791666666667 0.17120370370370372
0 0.9412760416666667 0.5734722222222222 0.11848958333333333 0.5863888888888888
0 0.47434895833333335 0.3808333333333333 0.02546875 0.12333333333333332
0 0.3949739583333333 0.37037037037037035 0.018072916666666668 0.04796296296296296
0 0.12536458333333333 0.39101851851851854 0.019270833333333334 0.09740740740740741
0 0.3366927083333333 0.3894907407407407 0.03442708333333333 0.14157407407407407
0 0.2859895833333333 0.382962962962963 0.020625 0.10296296296296296
0 0.8330989583333334 0.39287037037037037 0.03234375 0.14296296296296296
0 0.4958854166666667 0.37175925925925923 0.017395833333333333 0.10796296296296296
0 0.09981770833333332 0.36888888888888893 0.010364583333333333 0.0575925925925926
0 0.27421875 0.38060185185185186 0.016041666666666666 0.0875
0 0.1134375 0.3766203703703704 0.01375 0.07138888888888888
0 0.261875 0.3808796296296296 0.013541666666666667 0.07657407407407407
0 0.4069270833333334 0.37064814814814817 0.018333333333333333 0.05037037037037037
