0 0.8134114583333333 0.5789814814814815 0.02723958333333333 0.1262962962962963
0 0.8588281249999999 0.5338425925925927 0.018593750000000003 0.08305555555555556
0 0.24544270833333334 0.5762962962962963 0.022135416666666668 0.10555555555555556
0 0.8882031250000001 0.5534259259259259 0.02203125 0.09037037037037036
0 0.22156250000000002 0.569675925925926 0.019895833333333335 0.10527777777777778
0 0.40054687499999997 0.49611111111111117 0.011510416666666667 0.04759259259259259
0 0.720546875 0.5030555555555556 0.01140625 0.054814814814814816
0 0.43520833333333336 0.5032870370370371 0.010520833333333333 0.04972222222222222
0 0.3431770833333333 0.5378240740740741 0.017083333333333332 0.08305555555555556
0 0.5534114583333333 0.47833333333333333 0.008072916666666667 0.02907407407407407
0 0.32026041666666666 0.5475462962962964 0.01864583333333333 0.0849074074074074
0 0.6439583333333333 0.4804629629629629 0.008645833333333333 0.03666666666666667
0 0.303359375 0.546712962962963 0.016302083333333335 0.07842592592592593
0 0.84375 0.5046759259259259 0.012291666666666668 0.0475
0 0.8753385416666667 0.5101851851851852 0.012760416666666666 0.050555555555555555
0 0.8896093750000001 0.5015740740740741 0.014739583333333334 0.051666666666666666
0 0.8352604166666667 0.5064814814814815 0.013854166666666667 0.057962962962962966
0 0.29440104166666664 0.5413425925925925 0.01421875 0.0725
0 0.7263802083333334 0.5007407407407407 0.010364583333333333 0.04981481481481481
0 0.73265625 0.4968055555555555 0.010208333333333335 0.045648148148148146
0 0.33122395833333335 0.5418981481481482 0.01765625 0.08101851851851852
0 0.7109895833333333 0.5013425925925926 0.01 0.04694444444444445
