0 0.65234375 0.08416666666666667 0.03270833333333333 0.10981481481481481
0 0.37820312500000003 0.24356481481481482 0.04161458333333334 0.10435185185185185
0 0.22255208333333334 0.6526851851851851 0.044375000000000005 0.23351851851851851
0 0.2538802083333333 0.19597222222222221 0.038489583333333334 0.17824074074074073
0 0.911328125 0.13199074074074074 0.032552083333333336 0.14750000000000002
0 0.7696875 0.06319444444444444 0.029791666666666668 0.12398148148148148
0 0.916171875 0.5222685185185185 0.040468750000000005 0.1965740740740741
0 0.07005208333333333 0.41120370370370374 0.02666666666666667 0.1764814814814815
0 0.16125 0.20236111111111113 0.029270833333333336 0.16064814814814815
0 0.529375 0.14319444444444443 0.0321875 0.1676851851851852
0 0.499765625 0.1088888888888889 0.03390625 0.1637037037037037
0 0.4306510416666667 0.21907407407407406 0.03140625 0.1590740740740741
0 0.20390625 0.18231481481481482 0.030833333333333334 0.16796296296296298
0 0.1252083333333333 0.2040277777777778 0.028854166666666667 0.15083333333333335
0 0.8415625 0.0587037037037037 0.0340625 0.11555555555555555
0 0.13893229166666668 0.41782407407407407 0.030677083333333334 0.1763888888888889
0 0.38958333333333334 0.16592592592592592 0.027395833333333335 0.16777777777777778
0 0.48638020833333334 0.5063425925925926 0.03786458333333333 0.18546296296296297
0 0.97140625 0.564861111111111 0.035833333333333335 0.18935185185185185
0 0.45765625000000004 0.5041203703703704 0.04291666666666667 0.1950925925925926
0 0.5569791666666667 0.14574074074074075 0.0275 0.14981481481481482
0 0.28335937499999997 0.5557407407407408 0.03546875 0.20907407407407408
0 0.23393229166666668 0.12166666666666667 0.029531250000000002 0.15222222222222223
0 0.8184375 0.6743981481481481 0.044270833333333336 0.22546296296296298
0 0.28057291666666667 0.17287037037037037 0.02 0.15314814814814814
0 0.23729166666666668 0.5367129629629629 0.04177083333333333 0.2121296296296296
0 0.5053385416666667 0.4517592592592593 0.03546875 0.1764814814814815
0 0.5045572916666666 0.9217129629629629 0.03515625 0.15842592592592591
0 0.42098958333333336 0.17152777777777778 0.0240625 0.15564814814814815
0 0.21763020833333332 0.9259259259259259 0.04390625 0.15
