0 0.6524479166666667 0.08361111111111111 0.0321875 0.11
0 0.3783333333333333 0.2434722222222222 0.04114583333333333 0.10657407407407407
0 0.5065625 0.08435185185185184 0.03333333333333333 0.15425925925925926
0 0.2011197916666667 0.1827777777777778 0.028489583333333336 0.16425925925925927
0 0.8875520833333332 0.15337962962962964 0.03291666666666667 0.16231481481481483
0 0.25450520833333334 0.3137962962962963 0.04067708333333333 0.18518518518518517
0 0.07117187500000001 0.41120370370370374 0.028072916666666666 0.17925925925925926
0 0.9159114583333334 0.5195833333333333 0.04182291666666667 0.1936111111111111
0 0.45140625 0.06305555555555555 0.027604166666666666 0.12425925925925925
0 0.5396354166666666 0.09606481481481481 0.0284375 0.1476851851851852
0 0.845 0.6831944444444444 0.04958333333333333 0.22398148148148148
0 0.40791666666666665 0.631712962962963 0.041979166666666665 0.22990740740740742
0 0.6840104166666666 0.5675 0.0396875 0.1912962962962963
0 0.29664062500000005 0.14101851851851852 0.028593749999999998 0.15166666666666667
0 0.16294270833333335 0.19722222222222222 0.028489583333333336 0.15203703703703703
0 0.9317447916666667 0.20578703703703705 0.029427083333333333 0.14675925925925926
0 0.172265625 0.6873148148148148 0.04973958333333333 0.23055555555555557
0 0.43013020833333326 0.21921296296296297 0.028177083333333335 0.16027777777777777
0 0.47830729166666663 0.6242592592592592 0.05473958333333333 0.22092592592592591
0 0.12674479166666666 0.3177777777777778 0.028072916666666666 0.16555555555555557
0 0.134375 0.20476851851851852 0.03864583333333334 0.1476851851851852
0 0.20414062500000002 0.05958333333333333 0.03630208333333333 0.11527777777777778
0 0.22005208333333334 0.7048148148148148 0.03833333333333333 0.22574074074074074
0 0.23841145833333333 0.1764814814814815 0.028385416666666666 0.15185185185185185
0 0.38776041666666666 0.16402777777777774 0.03229166666666667 0.1636111111111111
0 0.5146093749999999 0.6293981481481481 0.044947916666666664 0.2071296296296296
0 0.23252604166666666 0.05981481481481481 0.021927083333333333 0.11629629629629629
0 0.3884635416666667 0.05444444444444444 0.02578125 0.10703703703703703
0 0.9837760416666668 0.48222222222222216 0.03348958333333333 0.17796296296296296
0 0.9547395833333333 0.14726851851851852 0.043333333333333335 0.16620370370370371
0 0.25437499999999996 0.1437962962962963 0.03739583333333333 0.17981481481481482
0 0.5372916666666666 0.9322685185185186 0.04291666666666667 0.13731481481481483
0 0.402890625 0.1542592592592593 0.02140625 0.14703703703703705
