0 0.6520833333333333 0.08300925925925927 0.03166666666666666 0.1100925925925926
0 0.37843750000000004 0.24314814814814817 0.041041666666666664 0.10462962962962963
0 0.26567708333333334 0.2625925925925926 0.033125 0.16907407407407407
0 0.180234375 0.7457870370370371 0.05005208333333333 0.23879629629629628
0 0.43335937500000005 0.21013888888888888 0.039427083333333335 0.1597222222222222
0 0.7581249999999999 0.06842592592592593 0.026041666666666668 0.135
0 0.788671875 0.16421296296296295 0.029635416666666668 0.13657407407407407
0 0.8475260416666667 0.6580092592592592 0.053385416666666664 0.21638888888888888
0 0.9171093750000001 0.5192129629629629 0.039739583333333335 0.1986111111111111
0 0.30617187500000004 0.18717592592592594 0.03015625 0.16157407407407406
0 0.8454687500000001 0.12208333333333332 0.0275 0.15064814814814814
0 0.17518229166666666 0.24064814814814814 0.03557291666666666 0.18074074074074073
0 0.9061197916666667 0.15328703703703705 0.028489583333333336 0.1547222222222222
0 0.1946875 0.41087962962962965 0.042395833333333334 0.17250000000000001
0 0.21861979166666667 0.25768518518518513 0.030260416666666668 0.16314814814814813
0 0.5924739583333333 0.09305555555555556 0.029427083333333333 0.1461111111111111
0 0.406640625 0.1424537037037037 0.028697916666666667 0.14731481481481482
0 0.5242708333333332 0.49532407407407414 0.03677083333333333 0.2113888888888889
0 0.4738020833333333 0.5097685185185185 0.03520833333333333 0.20157407407407407
0 0.25773437499999996 0.0723148148148148 0.026197916666666664 0.13796296296296295
0 0.23294270833333333 0.4052314814814815 0.03057291666666667 0.19175925925925924
0 0.14619791666666665 0.05564814814814815 0.0275 0.10925925925925926
0 0.14127604166666666 0.20175925925925925 0.02984375 0.15611111111111112
0 0.9344791666666665 0.7414814814814815 0.0490625 0.2225925925925926
0 0.7973958333333333 0.06805555555555555 0.029895833333333333 0.13166666666666665
0 0.17546874999999998 0.06138888888888889 0.024374999999999997 0.11981481481481482
0 0.7138020833333333 0.9122222222222222 0.050104166666666665 0.1774074074074074
0 0.23203125 0.13884259259259257 0.027083333333333334 0.16546296296296295
