0 0.6068229166666667 0.3440740740740741 0.03125 0.13425925925925927
0 0.5099218750000001 0.3598148148148148 0.026406250000000003 0.08981481481481482
0 0.012526041666666666 0.32513888888888887 0.024010416666666666 0.13083333333333336
0 0.6617447916666667 0.34180555555555553 0.03171875 0.1360185185185185
0 0.40382812500000004 0.3470833333333333 0.03380208333333334 0.16657407407407407
0 0.045182291666666666 0.32337962962962963 0.022239583333333333 0.09842592592592592
0 0.48833333333333334 0.35347222222222224 0.028854166666666667 0.09842592592592592
0 0.06854166666666667 0.32296296296296295 0.022395833333333334 0.09814814814814815
0 0.5410677083333333 0.3224074074074074 0.01640625 0.06444444444444444
0 0.8809114583333334 0.45768518518518514 0.08869791666666667 0.572037037037037
0 0.4482291666666667 0.3520370370370371 0.029270833333333336 0.15722222222222224
0 0.3189322916666667 0.31263888888888886 0.01328125 0.05212962962962963
0 0.8251041666666666 0.43222222222222223 0.07677083333333333 0.4844444444444445
0 0.3427604166666667 0.30995370370370373 0.011979166666666667 0.047129629629629625
0 0.38255208333333335 0.3281018518518518 0.018125 0.07120370370370371
0 0.5725 0.32175925925925924 0.012812500000000001 0.05722222222222222
0 0.35015625000000006 0.3081944444444445 0.012083333333333333 0.047314814814814816
0 0.3573958333333333 0.3081481481481481 0.011354166666666667 0.04518518518518518
