0 0.3073697916666667 0.4203703703703704 0.020260416666666666 0.10555555555555556
0 0.44601562499999997 0.4488888888888889 0.03546875 0.15592592592592594
0 0.050390625 0.44620370370370366 0.030885416666666665 0.13166666666666665
0 0.196171875 0.4323611111111111 0.02734375 0.12638888888888888
0 0.940546875 0.595462962962963 0.09359374999999999 0.5264814814814816
0 0.66875 0.43106481481481485 0.024687499999999998 0.11564814814814815
0 0.403046875 0.4174074074074074 0.018489583333333334 0.1061111111111111
0 0.270234375 0.4165277777777778 0.01932291666666667 0.04601851851851852
0 0.36880208333333336 0.4244907407407407 0.021249999999999998 0.1150925925925926
0 0.383984375 0.4221759259259259 0.025364583333333336 0.1125
0 0.17598958333333334 0.4227777777777778 0.017291666666666667 0.08944444444444444
0 0.32278645833333336 0.4074074074074074 0.016927083333333332 0.07425925925925926
0 0.4637239583333333 0.4240277777777778 0.026614583333333334 0.13694444444444445
0 0.4194270833333333 0.4169907407407407 0.014583333333333334 0.09194444444444444
