0 0.6520572916666667 0.0826851851851852 0.03234375 0.11055555555555556
0 0.7873177083333333 0.15439814814814815 0.03109375 0.14657407407407408
0 0.37843750000000004 0.24356481481481482 0.04135416666666667 0.10527777777777778
0 0.5869791666666667 0.07550925925925926 0.0296875 0.1462037037037037
0 0.43307291666666664 0.20958333333333332 0.039375 0.16083333333333333
0 0.19432291666666665 0.3945833333333333 0.042083333333333334 0.1687962962962963
0 0.84703125 0.6559259259259259 0.054375 0.2172222222222222
0 0.17348958333333334 0.722962962962963 0.042291666666666665 0.23074074074074072
0 0.9005468750000001 0.13212962962962962 0.027760416666666666 0.15833333333333333
0 0.175390625 0.23995370370370367 0.03609375 0.1836111111111111
0 0.9173697916666667 0.5190740740740741 0.039947916666666666 0.19944444444444445
0 0.30625 0.18925925925925927 0.030416666666666665 0.16
0 0.2655208333333333 0.2448611111111111 0.033125 0.17564814814814814
0 0.40643229166666667 0.14175925925925925 0.028072916666666666 0.15185185185185185
0 0.23627604166666666 0.39009259259259255 0.02984375 0.18814814814814815
0 0.5264322916666667 0.5190740740740741 0.038802083333333334 0.21074074074074073
0 0.4814583333333334 0.5335185185185185 0.035625000000000004 0.20796296296296296
0 0.14684895833333333 0.05699074074074074 0.02796875 0.11138888888888888
0 0.258515625 0.06578703703703705 0.024739583333333332 0.1289814814814815
0 0.7552604166666668 0.07527777777777778 0.026770833333333334 0.1425925925925926
0 0.8388020833333333 0.10472222222222222 0.029062499999999998 0.14648148148148146
0 0.13895833333333335 0.1999074074074074 0.027916666666666666 0.15518518518518518
0 0.22609375 0.2414814814814815 0.030000000000000002 0.16907407407407407
0 0.93578125 0.7402314814814815 0.04666666666666666 0.21935185185185185
0 0.7945052083333334 0.06902777777777777 0.032239583333333335 0.1362037037037037
0 0.22518229166666667 0.1374537037037037 0.03046875 0.16527777777777777
0 0.7309895833333333 0.9336574074074074 0.048125 0.13453703703703704
0 0.17372395833333334 0.059953703703703703 0.020885416666666667 0.11027777777777777
