0 0.6523958333333334 0.08319444444444445 0.03270833333333333 0.10990740740740741
0 0.2 0.17981481481481482 0.029062499999999998 0.16499999999999998
0 0.12289062499999999 0.1948611111111111 0.02703125 0.15305555555555556
0 0.38125 0.07472222222222223 0.028645833333333332 0.1475925925925926
0 0.06916666666666667 0.4122222222222222 0.025520833333333333 0.1725925925925926
0 0.7892447916666667 0.13324074074074072 0.029322916666666664 0.14037037037037037
0 0.22921875 0.871712962962963 0.05260416666666667 0.2565740740740741
0 0.916875 0.5206018518518518 0.04010416666666667 0.19490740740740742
0 0.612890625 0.21893518518518518 0.028802083333333332 0.15712962962962962
0 0.16572916666666665 0.19546296296296295 0.029375 0.15833333333333333
0 0.5054947916666667 0.2781018518518519 0.03588541666666667 0.1749074074074074
0 0.735 0.6375 0.0546875 0.22518518518518518
0 0.6638541666666667 0.24916666666666668 0.024687499999999998 0.15462962962962962
0 0.2425260416666667 0.37430555555555556 0.04255208333333334 0.2100925925925926
0 0.73125 0.25763888888888886 0.0353125 0.17712962962962964
0 0.28627604166666665 0.3100462962962963 0.03723958333333333 0.18564814814814815
0 0.29315104166666667 0.13847222222222225 0.02578125 0.15435185185185185
0 0.2646875 0.2185648148148148 0.02875 0.15157407407407406
0 0.075390625 0.6239814814814815 0.04380208333333333 0.23666666666666666
0 0.04794270833333334 0.727824074074074 0.04265625 0.20564814814814814
0 0.4310677083333333 0.2749074074074074 0.03296875 0.18018518518518517
0 0.24377604166666667 0.07300925925925926 0.02744791666666667 0.14416666666666667
0 0.4535416666666667 0.2852314814814815 0.028854166666666667 0.16027777777777777
0 0.26671875 0.11106481481481481 0.03125 0.14805555555555555
0 0.2084375 0.07768518518518519 0.024791666666666667 0.14814814814814814
0 0.3772916666666667 0.23736111111111113 0.028333333333333332 0.12138888888888888
0 0.61171875 0.9309259259259259 0.04291666666666667 0.13999999999999999
