0 0.6524739583333333 0.08291666666666667 0.032552083333333336 0.11027777777777777
0 0.37822916666666667 0.2434259259259259 0.04125 0.10537037037037036
0 0.15028645833333334 0.26287037037037037 0.031302083333333335 0.18592592592592594
0 0.421796875 0.2074074074074074 0.03109375 0.1625925925925926
0 0.30268229166666666 0.18856481481481482 0.03203125 0.16157407407407406
0 0.7760677083333333 0.16671296296296298 0.027864583333333335 0.1525
0 0.91640625 0.5191203703703704 0.04802083333333333 0.19175925925925924
0 0.8466406250000001 0.655 0.05223958333333333 0.21851851851851853
0 0.187890625 0.2652777777777778 0.029947916666666668 0.16314814814814813
0 0.792421875 0.0799074074074074 0.03078125 0.13185185185185186
0 0.17580729166666664 0.5150925925925925 0.037656249999999995 0.2051851851851852
0 0.8466666666666668 0.17143518518518516 0.030416666666666665 0.1676851851851852
0 0.264296875 0.6354166666666666 0.04973958333333333 0.22935185185185183
0 0.25669270833333335 0.2582407407407407 0.027864583333333335 0.17055555555555554
0 0.22624999999999998 0.26435185185185184 0.035833333333333335 0.16240740740740742
0 0.245234375 0.1303703703703704 0.029947916666666668 0.15648148148148147
0 0.6011979166666667 0.7820833333333334 0.043437500000000004 0.23916666666666667
0 0.6398958333333334 0.76625 0.04604166666666667 0.2389814814814815
0 0.4038541666666667 0.14592592592592596 0.026145833333333333 0.13925925925925928
0 0.14734375 0.05703703703703704 0.025416666666666664 0.1111111111111111
0 0.19976562499999997 0.18129629629629632 0.025677083333333333 0.15722222222222224
0 0.21945312499999997 0.12694444444444444 0.030677083333333334 0.15666666666666665
0 0.16359374999999998 0.1948611111111111 0.02364583333333333 0.15046296296296297
