0 0.2950260416666667 0.39564814814814814 0.038802083333333334 0.16111111111111112
0 0.15083333333333335 0.38958333333333334 0.028125 0.1260185185185185
0 0.7729947916666667 0.6087962962962963 0.10619791666666667 0.6138888888888889
0 0.9078645833333334 0.606574074074074 0.12677083333333333 0.6242592592592593
0 0.39716145833333333 0.3915740740740741 0.026614583333333334 0.13537037037037036
0 0.06286458333333333 0.38592592592592595 0.021041666666666667 0.10388888888888889
0 0.48411458333333335 0.41097222222222224 0.035833333333333335 0.1525
0 0.5984635416666666 0.41430555555555554 0.04328125 0.23046296296296298
0 0.4278645833333333 0.39000000000000007 0.028333333333333332 0.1340740740740741
0 0.22416666666666665 0.38189814814814815 0.022291666666666664 0.11324074074074074
0 0.37005208333333334 0.3801388888888889 0.02 0.048796296296296296
0 0.506484375 0.3835648148148148 0.01921875 0.10824074074074075
0 0.457734375 0.38555555555555554 0.01973958333333333 0.11481481481481481
0 0.04346354166666667 0.3666203703703704 0.015156250000000001 0.06787037037037037
0 0.20911458333333333 0.3835648148148148 0.0165625 0.09416666666666666
0 0.19674479166666667 0.3811111111111111 0.012864583333333334 0.08425925925925926
