0 0.652421875 0.08374999999999999 0.03203125 0.11027777777777777
0 0.37822916666666667 0.2439814814814815 0.04177083333333333 0.10481481481481482
0 0.7909895833333334 0.13064814814814815 0.027916666666666666 0.1375925925925926
0 0.22434895833333332 0.6199537037037037 0.04963541666666667 0.22398148148148148
0 0.4300520833333333 0.22166666666666668 0.030000000000000002 0.16740740740740742
0 0.19950520833333335 0.18129629629629632 0.027864583333333335 0.16703703703703704
0 0.24583333333333332 0.2722222222222222 0.03979166666666667 0.1987037037037037
0 0.38190104166666666 0.0748148148148148 0.028697916666666667 0.14777777777777779
0 0.06973958333333334 0.4130555555555555 0.02625 0.1762962962962963
0 0.6295833333333333 0.19291666666666665 0.024166666666666666 0.14305555555555555
0 0.8366927083333333 0.06555555555555555 0.030677083333333334 0.12925925925925924
0 0.16455729166666666 0.19722222222222222 0.029114583333333333 0.15962962962962962
0 0.12479166666666666 0.1935185185185185 0.029062499999999998 0.15425925925925926
0 0.9166145833333333 0.5209259259259259 0.041041666666666664 0.195
0 0.734609375 0.6389814814814814 0.054218749999999996 0.22555555555555554
0 0.28213541666666664 0.19319444444444445 0.0253125 0.16435185185185186
0 0.5913802083333334 0.2012962962962963 0.032239583333333335 0.17037037037037037
0 0.10643229166666668 0.7581481481481481 0.054218749999999996 0.2403703703703704
0 0.45296875000000003 0.39509259259259266 0.03864583333333334 0.18037037037037038
0 0.12921875 0.5537962962962963 0.03197916666666666 0.19055555555555556
0 0.49533854166666663 0.20407407407407407 0.037656249999999995 0.1637037037037037
0 0.28268229166666664 0.4177314814814815 0.03682291666666667 0.20083333333333334
0 0.4228385416666667 0.3910648148148148 0.03744791666666667 0.19046296296296295
0 0.3241145833333334 0.41347222222222224 0.03197916666666666 0.1786111111111111
0 0.07458333333333332 0.6987962962962964 0.04854166666666667 0.23537037037037037
0 0.5061458333333334 0.9179166666666667 0.038125 0.16601851851851854
0 0.5120312499999999 0.18731481481481482 0.025833333333333333 0.14314814814814814
