0 0.6603125000000001 0.33555555555555555 0.033229166666666664 0.1275925925925926
0 0.039296875 0.3306018518518518 0.03484375 0.12287037037037037
0 0.60984375 0.3438425925925926 0.030104166666666664 0.13435185185185183
0 0.516328125 0.3584259259259259 0.02755208333333333 0.08851851851851851
0 0.4927604166666667 0.3498148148148148 0.030104166666666664 0.09574074074074075
0 0.4140625 0.34569444444444447 0.03260416666666667 0.1678703703703704
0 0.4562760416666667 0.34736111111111106 0.028593749999999998 0.14416666666666667
0 0.0915625 0.3261574074074074 0.022916666666666665 0.10138888888888889
0 0.8637239583333334 0.43800925925925926 0.08796875 0.5349074074074075
0 0.06765625 0.32805555555555554 0.022083333333333333 0.10018518518518518
0 0.5484635416666667 0.32046296296296295 0.01640625 0.0637037037037037
0 0.8119270833333334 0.41916666666666663 0.068125 0.45
0 0.3923697916666667 0.3338888888888889 0.023802083333333335 0.09925925925925926
0 0.33070312500000004 0.31546296296296295 0.01328125 0.05092592592592592
0 0.5668749999999999 0.31805555555555554 0.013854166666666667 0.05888888888888889
0 0.5753385416666668 0.31699074074074074 0.012760416666666666 0.05527777777777778
0 0.35294270833333335 0.31356481481481485 0.011927083333333333 0.04453703703703704
0 0.3433333333333333 0.31425925925925924 0.019166666666666665 0.05259259259259259
