0 0.652578125 0.08217592592592593 0.03203125 0.10787037037037037
0 0.23979166666666668 0.3976851851851852 0.04302083333333333 0.21333333333333335
0 0.19984375 0.18083333333333335 0.029479166666666667 0.16444444444444445
0 0.3814322916666667 0.07425925925925926 0.029322916666666664 0.1461111111111111
0 0.7889583333333333 0.13240740740740742 0.028645833333333332 0.13592592592592595
0 0.7355208333333334 0.637962962962963 0.05385416666666667 0.22703703703703704
0 0.916796875 0.5199074074074074 0.04067708333333333 0.19333333333333336
0 0.6480729166666667 0.2273148148148148 0.030833333333333334 0.16518518518518518
0 0.2347135416666667 0.9004166666666666 0.055052083333333335 0.2010185185185185
0 0.5244531250000001 0.2659722222222222 0.03901041666666667 0.17509259259259258
0 0.28020833333333334 0.2891666666666667 0.03854166666666667 0.185
0 0.40044270833333334 0.255 0.03640625 0.16648148148148148
0 0.075625 0.6239351851851852 0.04458333333333333 0.23398148148148148
0 0.16723958333333336 0.19564814814814815 0.0271875 0.15703703703703703
0 0.122734375 0.19754629629629633 0.026302083333333334 0.15194444444444444
0 0.0303125 0.7614351851851852 0.035729166666666666 0.20879629629629629
0 0.7533072916666668 0.26939814814814816 0.031927083333333335 0.17509259259259258
0 0.29315104166666667 0.13777777777777778 0.025364583333333336 0.1562962962962963
0 0.241484375 0.08546296296296296 0.02734375 0.14777777777777779
0 0.4484375 0.25157407407407406 0.03197916666666666 0.16814814814814813
0 0.78140625 0.2551388888888889 0.0284375 0.1537962962962963
0 0.075703125 0.4165277777777777 0.024010416666666666 0.17583333333333334
0 0.21005208333333333 0.09305555555555556 0.027708333333333335 0.14777777777777779
0 0.6907291666666667 0.2664814814814815 0.021770833333333333 0.15462962962962962
0 0.4690625 0.26560185185185187 0.027604166666666666 0.1562037037037037
0 0.26544270833333333 0.19643518518518516 0.028593749999999998 0.15101851851851852
0 0.14861979166666664 0.16930555555555554 0.03140625 0.16620370370370371
0 0.3753125 0.24458333333333332 0.030208333333333334 0.10324074074074074
0 0.26752604166666666 0.11425925925925927 0.028489583333333336 0.15722222222222224
0 0.4294791666666667 0.22060185185185185 0.025625000000000002 0.15324074074074073
