0 0.02559895833333333 0.3745833333333333 0.04234375 0.17824074074074073
0 0.8183072916666666 0.5840277777777778 0.12276041666666666 0.6762037037037036
0 0.36546875 0.355 0.04760416666666667 0.1988888888888889
0 0.6133854166666667 0.36064814814814816 0.03635416666666667 0.14703703703703705
0 0.4765625 0.3366203703703704 0.0215625 0.09861111111111111
0 0.506484375 0.35143518518518513 0.03307291666666667 0.15898148148148147
0 0.5878385416666667 0.3371759259259259 0.026302083333333334 0.12379629629629628
0 0.9465625 0.5900462962962963 0.10791666666666666 0.7241666666666667
0 0.65 0.33555555555555555 0.018958333333333334 0.10500000000000001
0 0.3043229166666667 0.33199074074074075 0.026145833333333333 0.11546296296296296
0 0.271484375 0.3488888888888889 0.03348958333333333 0.15611111111111112
0 0.15572916666666667 0.339212962962963 0.02364583333333333 0.1126851851851852
0 0.438671875 0.31888888888888894 0.012239583333333333 0.05703703703703704
0 0.14192708333333334 0.3206481481481481 0.018229166666666668 0.09333333333333334
0 0.5601822916666668 0.31666666666666665 0.012135416666666668 0.05185185185185185
0 0.40148437499999995 0.3206481481481481 0.011510416666666667 0.056296296296296296
0 0.44859375 0.3172222222222222 0.012708333333333332 0.05722222222222222
