0 0.6521614583333333 0.08226851851851852 0.032656250000000005 0.1100925925925926
0 0.37869791666666663 0.24291666666666664 0.040937499999999995 0.10675925925925926
0 0.3012239583333333 0.18810185185185185 0.032239583333333335 0.16342592592592592
0 0.9173697916666668 0.5180555555555556 0.04026041666666667 0.1988888888888889
0 0.8466666666666666 0.6548148148148147 0.05239583333333333 0.2162962962962963
0 0.78953125 0.09092592592592592 0.0309375 0.13685185185185186
0 0.17229166666666668 0.56875 0.040625 0.21416666666666667
0 0.421640625 0.20208333333333334 0.027760416666666666 0.1650925925925926
0 0.15986979166666665 0.24708333333333335 0.03046875 0.17916666666666667
0 0.262890625 0.1568055555555556 0.031927083333333335 0.1650925925925926
0 0.7647135416666667 0.1373611111111111 0.026302083333333334 0.15138888888888888
0 0.247265625 0.29180555555555554 0.028697916666666667 0.1739814814814815
0 0.18786458333333333 0.256712962962963 0.026979166666666665 0.16027777777777777
0 0.22166666666666665 0.29203703703703704 0.035833333333333335 0.16537037037037036
0 0.135078125 0.19921296296296298 0.026197916666666664 0.15212962962962964
0 0.40497395833333333 0.14212962962962963 0.027760416666666666 0.14574074074074075
0 0.14617187499999998 0.05648148148148148 0.02723958333333333 0.1111111111111111
0 0.5963281249999999 0.6875 0.04203125 0.22648148148148148
0 0.5619791666666667 0.7113888888888888 0.03885416666666666 0.23425925925925925
0 0.23528645833333334 0.15444444444444447 0.02984375 0.15722222222222224
0 0.31888020833333336 0.6479166666666667 0.03546875 0.23342592592592593
0 0.8330468750000001 0.1450462962962963 0.031302083333333335 0.1587962962962963
