0 0.837265625 0.7401851851851852 0.05098958333333334 0.20148148148148148
0 0.7807291666666667 0.7736574074074075 0.04666666666666666 0.2136111111111111
0 0.8875 0.6325462962962963 0.02625 0.12953703703703703
0 0.7270572916666667 0.7075462962962963 0.03348958333333333 0.1986111111111111
0 0.026796875 0.7445833333333334 0.026093750000000002 0.17120370370370372
0 0.7292708333333333 0.5858796296296296 0.026354166666666668 0.09712962962962964
0 0.81796875 0.5828703703703704 0.018020833333333333 0.09462962962962963
0 0.7708072916666667 0.5812962962962962 0.02140625 0.08055555555555556
0 0.7909114583333333 0.5813425925925926 0.01546875 0.08416666666666667
0 0.7037239583333333 0.6923611111111111 0.02723958333333333 0.17379629629629628
0 0.7100260416666667 0.5397222222222222 0.010885416666666667 0.04351851851851852
0 0.8033854166666666 0.5822222222222222 0.022083333333333333 0.08611111111111111
0 0.7196614583333333 0.5550925925925926 0.015572916666666665 0.0612962962962963
