0 0.6391666666666667 0.3784722222222222 0.03104166666666667 0.13342592592592592
0 0.47523437500000004 0.3939814814814815 0.03307291666666667 0.15574074074074074
0 0.4373177083333334 0.38930555555555557 0.03328125 0.1687962962962963
0 0.036822916666666664 0.38407407407407407 0.024374999999999997 0.11240740740740741
0 0.5252864583333333 0.3968055555555556 0.032656250000000005 0.10898148148148148
0 0.5520572916666667 0.40324074074074073 0.03338541666666666 0.10351851851851851
0 0.7541666666666667 0.37972222222222224 0.040625 0.185
0 0.012369791666666666 0.38925925925925925 0.022447916666666668 0.10740740740740741
0 0.5840104166666668 0.35685185185185186 0.0165625 0.06907407407407407
0 0.354375 0.3590740740740741 0.013645833333333333 0.05333333333333334
0 0.415 0.36041666666666666 0.016979166666666667 0.05564814814814815
0 0.3807552083333334 0.35300925925925924 0.012343749999999999 0.04601851851851852
0 0.37169270833333334 0.35467592592592595 0.01265625 0.047129629629629625
0 0.5973437500000001 0.35666666666666663 0.015625 0.06
0 0.6170572916666667 0.3587962962962963 0.01609375 0.06388888888888888
