0 0.03546875 0.44856481481481486 0.05229166666666667 0.22194444444444444
0 0.5078125 0.42476851851851855 0.03677083333333333 0.15175925925925926
0 0.3884635416666667 0.40078703703703705 0.020052083333333335 0.10564814814814814
0 0.13786458333333332 0.4236111111111111 0.03177083333333333 0.1290740740740741
0 0.3486458333333333 0.39231481481481484 0.019270833333333334 0.04925925925925926
0 0.7591666666666667 0.4140277777777778 0.027916666666666666 0.1337962962962963
0 0.5401302083333334 0.40356481481481477 0.029114583333333333 0.14064814814814816
0 0.44731770833333334 0.40430555555555553 0.026302083333333334 0.12064814814814816
0 0.26473958333333336 0.40759259259259256 0.036458333333333336 0.1385185185185185
0 0.4837760416666666 0.392962962962963 0.017760416666666667 0.10425925925925926
0 0.08635416666666666 0.40791666666666665 0.017395833333333333 0.0937962962962963
0 0.9600000000000001 0.5694907407407407 0.08104166666666666 0.5397222222222222
0 0.23940104166666668 0.40374999999999994 0.014635416666666668 0.07805555555555556
0 0.22963541666666668 0.40569444444444447 0.012083333333333333 0.07601851851851851
0 0.4356770833333333 0.39800925925925923 0.01885416666666667 0.10083333333333334
