0 0.6525260416666666 0.08356481481481481 0.031822916666666666 0.10972222222222222
0 0.37809895833333335 0.24351851851851852 0.04151041666666667 0.10500000000000001
0 0.8719270833333332 0.10615740740740741 0.0390625 0.16194444444444445
0 0.20088541666666665 0.18203703703703702 0.028854166666666667 0.16407407407407407
0 0.60109375 0.5240277777777778 0.03760416666666667 0.18805555555555556
0 0.253046875 0.36370370370370364 0.04244791666666667 0.19333333333333336
0 0.2080989583333333 0.04898148148148148 0.03296875 0.0961111111111111
0 0.9417187499999999 0.17351851851851852 0.036458333333333336 0.1537037037037037
0 0.4456770833333333 0.05564814814814815 0.029062499999999998 0.10944444444444444
0 0.2483854166666667 0.6366203703703704 0.037083333333333336 0.2175
0 0.16158854166666667 0.19532407407407407 0.028177083333333335 0.15324074074074073
0 0.07033854166666667 0.4117592592592593 0.02796875 0.17703703703703702
0 0.5113802083333333 0.10486111111111111 0.03296875 0.16324074074074074
0 0.8533854166666667 0.6980555555555555 0.043333333333333335 0.23055555555555557
0 0.12955729166666666 0.20199074074074075 0.03078125 0.14472222222222222
0 0.12247395833333334 0.35430555555555554 0.02796875 0.1699074074074074
0 0.19427083333333334 0.6222685185185185 0.04864583333333334 0.23194444444444445
0 0.25421875 0.15712962962962962 0.03677083333333333 0.18185185185185185
0 0.43005208333333333 0.21949074074074076 0.030833333333333334 0.1597222222222222
0 0.5422656250000001 0.11611111111111112 0.028697916666666667 0.15185185185185185
0 0.9158072916666667 0.520324074074074 0.041093750000000005 0.2000925925925926
0 0.497734375 0.5810648148148149 0.039739583333333335 0.19324074074074074
0 0.46468750000000003 0.5743518518518518 0.045000000000000005 0.2111111111111111
0 0.9446614583333334 0.4991666666666667 0.03723958333333333 0.1938888888888889
0 0.7627083333333332 0.04175925925925926 0.0271875 0.07796296296296297
0 0.5326822916666667 0.919537037037037 0.046302083333333334 0.1627777777777778
0 0.4073177083333333 0.16148148148148148 0.025572916666666667 0.1259259259259259
0 0.2773697916666667 0.1553240740740741 0.021822916666666668 0.15546296296296297
