0 0.6522656250000001 0.08347222222222223 0.03244791666666667 0.10990740740740741
0 0.3784895833333334 0.24277777777777776 0.040625 0.1037037037037037
0 0.16463541666666665 0.19879629629629628 0.029895833333333333 0.1585185185185185
0 0.8649739583333333 0.08615740740740742 0.03276041666666667 0.13694444444444445
0 0.25580729166666666 0.24305555555555555 0.03901041666666667 0.1987037037037037
0 0.4304427083333333 0.22203703703703706 0.03078125 0.15796296296296294
0 0.22197916666666667 0.5590740740740741 0.04677083333333333 0.21833333333333335
0 0.19921875 0.1814814814814815 0.027395833333333335 0.16407407407407407
0 0.9166406249999999 0.5214814814814815 0.040468750000000005 0.19555555555555554
0 0.7840364583333332 0.11361111111111111 0.02713541666666667 0.13740740740740742
0 0.069765625 0.41254629629629624 0.025989583333333333 0.17657407407407405
0 0.5066666666666666 0.17231481481481484 0.036458333333333336 0.17111111111111113
0 0.3814322916666667 0.07328703703703704 0.028489583333333336 0.14472222222222222
0 0.5644010416666667 0.18375 0.030989583333333334 0.1675
0 0.6023958333333332 0.16902777777777778 0.028958333333333332 0.15435185185185185
0 0.7572135416666668 0.637962962962963 0.05223958333333333 0.2303703703703704
0 0.126796875 0.1950462962962963 0.028281249999999997 0.15212962962962964
0 0.3772916666666667 0.38143518518518515 0.03145833333333333 0.1726851851851852
0 0.2109375 0.08162037037037036 0.029583333333333333 0.14787037037037035
0 0.135859375 0.5019444444444444 0.031822916666666666 0.18055555555555555
0 0.15161458333333336 0.8299074074074074 0.04791666666666667 0.252037037037037
0 0.10604166666666666 0.6376388888888889 0.043645833333333335 0.22361111111111112
0 0.4684375 0.17319444444444446 0.025 0.14305555555555555
0 0.47372395833333336 0.43083333333333335 0.040989583333333336 0.17777777777777778
0 0.43960937499999997 0.4238425925925926 0.044843749999999995 0.19787037037037036
0 0.27114583333333336 0.4570370370370371 0.03802083333333333 0.20759259259259258
0 0.28203125 0.19050925925925927 0.029583333333333333 0.16175925925925924
0 0.4067447916666667 0.1733333333333333 0.02484375 0.1577777777777778
0 0.31341145833333334 0.46212962962962967 0.03380208333333334 0.19444444444444445
0 0.510625 0.9255092592592593 0.04302083333333333 0.15083333333333335
