0 0.6522916666666667 0.08273148148148148 0.03229166666666667 0.11027777777777777
0 0.37867187500000005 0.24342592592592596 0.04151041666666667 0.10481481481481482
0 0.16416666666666666 0.6813425925925927 0.04604166666666667 0.2300925925925926
0 0.2660416666666667 0.05578703703703704 0.025729166666666668 0.10972222222222222
0 0.8893229166666666 0.10685185185185185 0.0284375 0.1487037037037037
0 0.43466145833333336 0.21037037037037035 0.039427083333333335 0.16333333333333333
0 0.7827864583333334 0.1361111111111111 0.031510416666666666 0.14296296296296296
0 0.19838541666666665 0.3637962962962963 0.0403125 0.16777777777777778
0 0.8469531250000001 0.6551851851851852 0.053385416666666664 0.21666666666666667
0 0.9170833333333334 0.5180092592592593 0.04125 0.19694444444444442
0 0.30669270833333334 0.18791666666666665 0.03057291666666667 0.1597222222222222
0 0.577734375 0.0587962962962963 0.03057291666666667 0.11574074074074074
0 0.26315104166666664 0.2228240740740741 0.03109375 0.1687962962962963
0 0.174296875 0.23976851851851855 0.038489583333333334 0.1836111111111111
0 0.406484375 0.14175925925925925 0.028489583333333336 0.1527777777777778
0 0.7496875 0.09004629629629629 0.026354166666666668 0.14027777777777778
0 0.14666666666666667 0.05740740740740741 0.028125 0.11259259259259259
0 0.239765625 0.36407407407407405 0.029010416666666667 0.1811111111111111
0 0.5400260416666666 0.5686111111111112 0.04453125 0.22166666666666668
0 0.13903645833333333 0.20027777777777775 0.027760416666666666 0.15203703703703703
0 0.23223958333333336 0.2199537037037037 0.03135416666666667 0.16157407407407406
0 0.8327083333333333 0.0799537037037037 0.025625000000000002 0.13120370370370368
0 0.49572916666666667 0.5792592592592593 0.0375 0.21814814814814815
