0 0.8169791666666666 0.5338425925925926 0.019583333333333335 0.08064814814814815
0 0.879140625 0.6144907407407407 0.030260416666666668 0.1391666666666667
0 0.929765625 0.6157870370370371 0.03296875 0.1350925925925926
0 0.7530989583333334 0.5433333333333333 0.020781249999999998 0.09814814814814815
0 0.057942708333333336 0.6436111111111111 0.032552083333333336 0.15666666666666665
0 0.2765625 0.5577314814814816 0.019270833333333334 0.09157407407407409
0 0.25463541666666667 0.5544444444444444 0.0190625 0.09351851851851851
0 0.011484375 0.643888888888889 0.021927083333333333 0.17444444444444446
0 0.3387760416666667 0.5283333333333332 0.015572916666666665 0.07277777777777777
0 0.5625520833333333 0.4718518518518518 0.009166666666666667 0.03
0 0.6311197916666667 0.47495370370370377 0.008489583333333333 0.03546296296296296
0 0.7930208333333334 0.52125 0.01583333333333333 0.07583333333333334
0 0.68046875 0.48300925925925925 0.008229166666666668 0.04490740740740741
0 0.4347395833333333 0.49717592592592585 0.009270833333333334 0.04287037037037037
0 0.3204166666666667 0.5286574074074074 0.013645833333333333 0.06620370370370371
0 0.416796875 0.49134259259259255 0.009739583333333333 0.04027777777777778
0 0.4254166666666667 0.4940740740740741 0.009479166666666667 0.04
0 0.3479427083333333 0.5238425925925926 0.015364583333333333 0.07101851851851852
0 0.686171875 0.48361111111111105 0.009010416666666667 0.045
0 0.80640625 0.5268055555555556 0.012708333333333332 0.07027777777777779
0 0.6742447916666666 0.4787037037037037 0.00984375 0.039629629629629626
0 0.43997395833333336 0.49902777777777774 0.009739583333333333 0.043611111111111114
0 0.4074479166666667 0.48861111111111116 0.009583333333333333 0.03925925925925926
