0 0.652265625 0.0837962962962963 0.031822916666666666 0.11018518518518519
0 0.378515625 0.2434259259259259 0.04171875 0.10500000000000001
0 0.7873177083333333 0.07074074074074073 0.031822916666666666 0.1338888888888889
0 0.43393229166666664 0.21347222222222223 0.033177083333333336 0.16064814814814815
0 0.20841145833333333 0.33773148148148147 0.03401041666666667 0.18712962962962962
0 0.13752604166666668 0.33467592592592593 0.03244791666666667 0.17212962962962963
0 0.9154166666666667 0.5191666666666667 0.043854166666666666 0.19425925925925927
0 0.86390625 0.05458333333333334 0.028541666666666667 0.10731481481481482
0 0.30611979166666664 0.1855092592592593 0.025677083333333333 0.16231481481481483
0 0.200625 0.18300925925925923 0.0278125 0.16268518518518518
0 0.8803385416666667 0.3050462962962963 0.03828125 0.18546296296296297
0 0.8447916666666667 0.6533796296296296 0.049895833333333334 0.21583333333333332
0 0.23671875 0.14282407407407408 0.0259375 0.16194444444444445
0 0.16309895833333335 0.19675925925925927 0.02713541666666667 0.1577777777777778
0 0.10171875000000001 0.32541666666666663 0.03114583333333333 0.1915740740740741
0 0.12708333333333333 0.20134259259259257 0.029062499999999998 0.1489814814814815
0 0.2635677083333333 0.1686111111111111 0.025572916666666667 0.14629629629629629
0 0.4036197916666666 0.14574074074074075 0.023072916666666665 0.14166666666666666
0 0.5903125 0.8985185185185185 0.06354166666666666 0.2048148148148148
0 0.6279687500000001 0.9048148148148147 0.045625 0.1922222222222222
0 0.9873437500000001 0.335787037037037 0.026354166666666668 0.16712962962962963
0 0.18861979166666665 0.9212499999999999 0.05901041666666666 0.15935185185185186
0 0.21411458333333336 0.1526851851851852 0.018020833333333333 0.12851851851851853
