0 0.8291927083333334 0.5326388888888889 0.12057291666666667 0.6923148148148148
0 0.5882552083333333 0.3218981481481481 0.03432291666666667 0.14342592592592593
0 0.4355729166666667 0.3250462962962963 0.038125 0.18768518518518518
0 0.15877604166666667 0.32263888888888886 0.039427083333333335 0.1973148148148148
0 0.031067708333333333 0.28291666666666665 0.019010416666666665 0.08935185185185185
0 0.4856770833333333 0.3073148148148148 0.02375 0.12129629629629629
0 0.06041666666666667 0.30560185185185185 0.0259375 0.12953703703703703
0 0.5491666666666666 0.3090277777777778 0.023020833333333334 0.12324074074074073
0 0.6108593750000001 0.29930555555555555 0.017343749999999998 0.11175925925925927
0 0.39210937500000004 0.30611111111111106 0.02328125 0.10962962962962963
0 0.34091145833333336 0.289212962962963 0.012447916666666666 0.05990740740740741
0 0.1334375 0.33587962962962964 0.029583333333333333 0.16601851851851854
0 0.950390625 0.544212962962963 0.10026041666666667 0.7412037037037037
0 0.37768229166666667 0.30050925925925925 0.01984375 0.10083333333333334
0 0.5157291666666667 0.27990740740740744 0.0115625 0.04685185185185185
0 0.4546614583333334 0.3101388888888889 0.02703125 0.14935185185185187
