0 0.6525260416666666 0.0825462962962963 0.032135416666666666 0.1100925925925926
0 0.3783333333333333 0.2434722222222222 0.041666666666666664 0.1050925925925926
0 0.4331510416666667 0.20981481481481484 0.038802083333333334 0.15962962962962962
0 0.6058333333333333 0.1403703703703704 0.033749999999999995 0.1562962962962963
0 0.24713541666666666 0.29703703703703704 0.03635416666666667 0.17851851851851852
0 0.7895312499999999 0.055324074074074074 0.031875 0.10787037037037037
0 0.847578125 0.6571759259259259 0.05286458333333333 0.2200925925925926
0 0.7851302083333332 0.19199074074074077 0.032135416666666666 0.1539814814814815
0 0.30395833333333333 0.1875 0.029583333333333333 0.15944444444444444
0 0.40520833333333334 0.1401388888888889 0.0296875 0.15231481481481482
0 0.19299479166666667 0.8177777777777778 0.05057291666666666 0.24814814814814815
0 0.8615885416666667 0.16625 0.02984375 0.15694444444444444
0 0.13861979166666666 0.20162037037037037 0.03036458333333333 0.1576851851851852
0 0.6783333333333333 0.8549537037037037 0.049374999999999995 0.2625
0 0.9165625000000001 0.5193981481481482 0.04052083333333333 0.1975
0 0.19989583333333333 0.29300925925925925 0.03135416666666667 0.16898148148148148
0 0.46393229166666666 0.45611111111111113 0.03338541666666666 0.19796296296296298
0 0.9236979166666667 0.20189814814814816 0.03114583333333333 0.15861111111111112
0 0.22263020833333336 0.4530092592592593 0.03369791666666667 0.20175925925925928
0 0.5083072916666667 0.44199074074074074 0.03526041666666667 0.20305555555555557
0 0.751171875 0.056712962962962965 0.024635416666666667 0.10953703703703703
0 0.2621614583333333 0.10152777777777779 0.02796875 0.1412037037037037
0 0.1915625 0.4530092592592593 0.04114583333333333 0.17935185185185185
0 0.932265625 0.7393518518518518 0.047864583333333335 0.2303703703703704
0 0.14643229166666666 0.05675925925925926 0.02765625 0.11166666666666666
0 0.17781249999999998 0.24185185185185185 0.0328125 0.18166666666666664
0 0.24059895833333333 0.1511574074074074 0.029114583333333333 0.16694444444444445
