0 0.6522916666666667 0.08277777777777778 0.03166666666666666 0.10814814814814815
0 0.233671875 0.41759259259259257 0.045468749999999995 0.2162962962962963
0 0.37830729166666666 0.24375 0.04140625 0.10416666666666667
0 0.7890104166666667 0.13240740740740742 0.028125 0.13462962962962963
0 0.6810416666666668 0.2425462962962963 0.0321875 0.14953703703703702
0 0.7366666666666667 0.6378703703703704 0.05458333333333333 0.2262962962962963
0 0.20026041666666666 0.18041666666666667 0.029166666666666667 0.16453703703703704
0 0.381640625 0.07449074074074075 0.028802083333333332 0.14712962962962964
0 0.08919270833333333 0.4233333333333334 0.03015625 0.17666666666666667
0 0.9169531250000001 0.5202777777777777 0.04026041666666667 0.19425925925925927
0 0.4383072916666667 0.2612962962962963 0.038489583333333334 0.16148148148148148
0 0.07575520833333332 0.6231944444444444 0.04463541666666667 0.23342592592592593
0 0.2762760416666667 0.2700925925925926 0.03901041666666667 0.18203703703703702
0 0.12320312500000001 0.1960648148148148 0.026822916666666665 0.1539814814814815
0 0.5354427083333333 0.25462962962962965 0.03557291666666666 0.16703703703703704
0 0.16421875 0.19662037037037036 0.027395833333333335 0.15435185185185185
0 0.47791666666666666 0.24861111111111112 0.029583333333333333 0.1527777777777778
0 0.2575 0.1773611111111111 0.029062499999999998 0.1426851851851852
0 0.7729427083333333 0.2789814814814815 0.03682291666666667 0.18703703703703703
0 0.29304687500000004 0.13842592592592592 0.024427083333333332 0.15592592592592594
0 0.023489583333333335 0.8021296296296296 0.03697916666666667 0.22407407407407406
0 0.713515625 0.2671296296296296 0.021614583333333333 0.1562962962962963
0 0.21315104166666668 0.10685185185185185 0.027864583333333335 0.15222222222222223
0 0.24125 0.0987037037037037 0.026979166666666665 0.14814814814814814
0 0.14638020833333334 0.16625 0.02723958333333333 0.1713888888888889
0 0.2290104166666667 0.9241666666666667 0.05375 0.15351851851851853
0 0.2651302083333333 0.11430555555555556 0.019947916666666666 0.1512037037037037
