0 0.761484375 0.4591203703703704 0.025364583333333336 0.10527777777777778
0 0.08838541666666666 0.5812962962962962 0.14291666666666666 0.42407407407407405
0 0.2679427083333333 0.4718518518518518 0.024010416666666666 0.10222222222222223
0 0.5041145833333334 0.6329166666666666 0.0746875 0.4976851851851852
0 0.5980208333333333 0.6626851851851853 0.10239583333333332 0.5616666666666666
0 0.662421875 0.5185185185185185 0.06348958333333334 0.23555555555555557
0 0.4506770833333333 0.5103240740740741 0.04302083333333333 0.2023148148148148
0 0.22572916666666668 0.4828240740740741 0.024583333333333336 0.0975
0 0.349609375 0.4625925925925926 0.014010416666666666 0.06814814814814814
0 0.20997395833333335 0.4817592592592592 0.02328125 0.10425925925925926
0 0.9386197916666668 0.5819907407407408 0.08380208333333333 0.4178703703703704
0 0.30984375 0.45185185185185184 0.011770833333333335 0.053703703703703705
0 0.33140624999999996 0.45203703703703707 0.013020833333333334 0.055740740740740743
0 0.2943489583333333 0.4525 0.011614583333333334 0.054259259259259264
0 0.4278645833333333 0.46907407407407403 0.021770833333333333 0.06555555555555555
