0 0.7070833333333333 0.3273611111111111 0.020833333333333332 0.1137962962962963
0 0.24867187500000001 0.38069444444444445 0.15088541666666666 0.5971296296296296
0 0.49940104166666666 0.36009259259259263 0.09921875 0.4844444444444445
0 0.42109375 0.3779166666666666 0.09614583333333333 0.43064814814814817
0 0.818515625 0.3266203703703704 0.017552083333333336 0.0987962962962963
0 0.9804166666666667 0.32995370370370375 0.02 0.10935185185185185
0 0.572265625 0.32435185185185184 0.023072916666666665 0.11444444444444445
0 0.6181770833333334 0.37138888888888894 0.06479166666666666 0.35777777777777775
0 0.9421875 0.32967592592592593 0.021145833333333332 0.1100925925925926
0 0.911953125 0.32976851851851857 0.01796875 0.08675925925925926
0 0.6821614583333333 0.32685185185185184 0.01546875 0.09277777777777778
0 0.921875 0.33032407407407405 0.018125 0.09194444444444444
0 0.7343229166666667 0.319537037037037 0.0134375 0.05814814814814814
0 0.6721093749999999 0.3246759259259259 0.01546875 0.08972222222222223
0 0.901796875 0.32750000000000007 0.016302083333333335 0.07703703703703704
0 0.7165625000000001 0.31712962962962965 0.0165625 0.0788888888888889
0 0.6530729166666667 0.33120370370370367 0.012916666666666667 0.08277777777777778
0 0.8028645833333333 0.32120370370370366 0.012916666666666667 0.07018518518518518
