0 0.7839062499999999 0.5634259259259259 0.024479166666666666 0.11444444444444445
0 0.6909114583333333 0.5157407407407407 0.015052083333333332 0.06796296296296298
0 0.49458333333333326 0.4911111111111111 0.010729166666666668 0.04555555555555556
0 0.21661458333333333 0.5397222222222222 0.011666666666666665 0.060925925925925925
0 0.16651041666666666 0.5319907407407407 0.013958333333333333 0.06601851851851852
0 0.5347395833333334 0.5083796296296297 0.012291666666666668 0.05361111111111111
0 0.590390625 0.5105092592592593 0.012343749999999999 0.05583333333333333
0 0.18372395833333333 0.5270833333333333 0.012552083333333333 0.06453703703703705
0 0.5771093750000001 0.5106944444444446 0.011614583333333334 0.05435185185185185
0 0.5225260416666667 0.5038425925925926 0.010677083333333334 0.04583333333333333
0 0.205859375 0.5338425925925927 0.011927083333333333 0.05824074074074074
0 0.873203125 0.5640277777777778 0.02703125 0.13175925925925927
0 0.19953125 0.530462962962963 0.011875 0.057777777777777775
0 0.6173958333333334 0.5048611111111111 0.0109375 0.052314814814814814
0 0.6298437499999999 0.511712962962963 0.010624999999999999 0.05768518518518518
0 0.6734635416666667 0.5118055555555555 0.01171875 0.05583333333333333
