0 0.65234375 0.08347222222222223 0.03229166666666667 0.11101851851851853
0 0.37828124999999996 0.24365740740740738 0.04114583333333333 0.10472222222222222
0 0.9213281249999999 0.14578703703703702 0.029531250000000002 0.13712962962962963
0 0.8546354166666666 0.06472222222222222 0.0315625 0.1275925925925926
0 0.2505729166666667 0.17833333333333332 0.03729166666666666 0.18666666666666668
0 0.7659114583333333 0.053287037037037036 0.02703125 0.10472222222222222
0 0.16395833333333332 0.20055555555555557 0.028541666666666667 0.16074074074074074
0 0.552421875 0.13652777777777778 0.028697916666666667 0.15675925925925926
0 0.5394791666666666 0.47370370370370374 0.034166666666666665 0.18296296296296297
0 0.07036458333333333 0.4106944444444445 0.027291666666666665 0.17694444444444443
0 0.5205468750000001 0.13291666666666668 0.032135416666666666 0.16472222222222221
0 0.12354166666666666 0.20402777777777778 0.030729166666666665 0.15138888888888888
0 0.9161458333333333 0.5217592592592593 0.04072916666666667 0.19685185185185183
0 0.20411458333333335 0.18166666666666664 0.02875 0.16796296296296298
0 0.24578124999999998 0.4172222222222222 0.03770833333333334 0.1962962962962963
0 0.8328125 0.683287037037037 0.04802083333333333 0.2260185185185185
0 0.43031250000000004 0.21875 0.031875 0.15935185185185186
0 0.9696874999999999 0.5429166666666667 0.035729166666666666 0.19527777777777777
0 0.27046875 0.6467592592592593 0.045625 0.2288888888888889
0 0.133046875 0.39837962962962964 0.03036458333333333 0.17620370370370372
0 0.280546875 0.1676851851851852 0.019947916666666666 0.15462962962962962
0 0.22645833333333334 0.5646296296296297 0.04645833333333334 0.21333333333333335
0 0.4888541666666667 0.5313425925925926 0.0390625 0.18935185185185185
0 0.45239583333333333 0.045509259259259256 0.025104166666666667 0.08916666666666666
0 0.49781250000000005 0.09143518518518519 0.0309375 0.1512037037037037
0 0.46098958333333334 0.5265277777777777 0.043437500000000004 0.20916666666666667
0 0.41072916666666665 0.15796296296296294 0.021666666666666667 0.1425925925925926
0 0.38528645833333336 0.16773148148148148 0.030885416666666665 0.1576851851851852
0 0.9867447916666666 0.1350925925925926 0.02755208333333333 0.15037037037037038
0 0.5163020833333334 0.930324074074074 0.0396875 0.1412037037037037
