0 0.7843489583333334 0.554074074074074 0.024947916666666667 0.11629629629629629
0 0.9640364583333334 0.6543518518518519 0.04244791666666667 0.1648148148148148
0 0.25908854166666667 0.5672685185185184 0.021302083333333333 0.10324074074074074
0 0.8283333333333334 0.5179166666666667 0.016874999999999998 0.07935185185185185
0 0.8600260416666666 0.5397222222222223 0.01984375 0.07907407407407407
0 0.4030989583333333 0.49370370370370376 0.011614583333333334 0.04703703703703704
0 0.23427083333333332 0.56375 0.0196875 0.10027777777777777
0 0.6379687500000001 0.47300925925925924 0.008854166666666666 0.03601851851851852
0 0.4356510416666667 0.4991666666666667 0.010260416666666666 0.04796296296296296
0 0.32757812499999994 0.5407407407407407 0.01578125 0.07574074074074073
0 0.5575 0.4748611111111111 0.0078125 0.026944444444444444
0 0.3069791666666667 0.534537037037037 0.012708333333333332 0.06759259259259259
0 0.31528645833333335 0.5373611111111112 0.015260416666666667 0.06842592592592593
0 0.775546875 0.48819444444444443 0.011197916666666667 0.04268518518518519
0 0.3357291666666667 0.5383796296296297 0.013645833333333333 0.07287037037037038
0 0.3490104166666666 0.5316203703703704 0.013854166666666667 0.07324074074074073
0 0.7880468749999999 0.4900925925925925 0.011822916666666666 0.042222222222222223
0 0.8591666666666667 0.504074074074074 0.012708333333333332 0.05018518518518519
