0 0.3631510416666667 0.5063425925925926 0.03557291666666666 0.1763888888888889
0 0.222265625 0.4818518518518518 0.021927083333333333 0.10444444444444444
0 0.533203125 0.674074074074074 0.08921875 0.5888888888888889
0 0.9394791666666666 0.544537037037037 0.11791666666666667 0.3514814814814815
0 0.7149479166666667 0.5863425925925926 0.07604166666666666 0.3525
0 0.27562499999999995 0.4713425925925926 0.0175 0.10175925925925926
0 0.460234375 0.6257870370370371 0.06807291666666666 0.45416666666666666
0 0.20434895833333336 0.4634259259259259 0.024010416666666666 0.09962962962962962
0 0.31453125 0.45578703703703705 0.012395833333333333 0.05805555555555556
0 0.25255208333333334 0.4732407407407407 0.0146875 0.0961111111111111
0 0.41184895833333335 0.4537037037037037 0.013489583333333333 0.06796296296296298
0 0.2965885416666667 0.4563888888888889 0.011927083333333333 0.055740740740740743
0 0.3227083333333333 0.4553703703703703 0.0125 0.056296296296296296
0 0.4038802083333334 0.4534259259259259 0.012760416666666666 0.06796296296296298
0 0.5898177083333332 0.46273148148148147 0.023802083333333335 0.09194444444444444
