0 0.29252604166666674 0.38902777777777775 0.04161458333333334 0.15601851851851853
0 0.77171875 0.6026851851851852 0.09979166666666667 0.6164814814814814
0 0.3946875 0.3855092592592592 0.025625000000000002 0.13324074074074074
0 0.06065104166666667 0.37328703703703703 0.020885416666666667 0.09898148148148149
0 0.14700520833333333 0.3864814814814815 0.02723958333333333 0.12314814814814815
0 0.42328125 0.3852777777777778 0.0296875 0.1340740740740741
0 0.595625 0.40777777777777774 0.04020833333333333 0.22962962962962963
0 0.90546875 0.6059722222222222 0.13479166666666667 0.6423148148148149
0 0.481171875 0.4031018518518519 0.03432291666666667 0.15287037037037038
0 0.22096354166666668 0.37652777777777774 0.02255208333333333 0.1125
0 0.504765625 0.3788888888888889 0.01703125 0.10462962962962963
0 0.36408854166666665 0.3737037037037037 0.020468749999999997 0.05018518518518519
0 0.45776041666666667 0.3780555555555556 0.022291666666666664 0.10925925925925926
0 0.19664062499999999 0.3784722222222222 0.01578125 0.08268518518518518
0 0.20726562499999998 0.3784722222222222 0.016927083333333332 0.09583333333333334
0 0.045 0.3563425925925926 0.016458333333333335 0.07472222222222223
0 0.03130208333333333 0.35124999999999995 0.013229166666666665 0.07898148148148147
