0 0.6524739583333333 0.08282407407407408 0.032135416666666666 0.1100925925925926
0 0.7936979166666666 0.06217592592592593 0.03104166666666667 0.12250000000000001
0 0.3784635416666667 0.24476851851851855 0.04234375 0.1063888888888889
0 0.5338802083333333 0.05967592592592593 0.028697916666666667 0.11750000000000001
0 0.09747395833333333 0.3934259259259259 0.03505208333333333 0.17666666666666667
0 0.18601562500000002 0.23967592592592596 0.026614583333333334 0.15564814814814815
0 0.22484374999999998 0.25319444444444444 0.03104166666666667 0.16916666666666666
0 0.8879166666666667 0.10199074074074073 0.028958333333333332 0.15805555555555553
0 0.5 0.05722222222222222 0.028541666666666667 0.11259259259259259
0 0.9165625 0.5219907407407407 0.042395833333333334 0.19268518518518518
0 0.9014322916666667 0.6719444444444443 0.04453125 0.1914814814814815
0 0.25854166666666667 0.2178240740740741 0.03895833333333333 0.1789814814814815
0 0.4730729166666666 0.05842592592592592 0.02645833333333333 0.11444444444444445
0 0.426484375 0.2150462962962963 0.031927083333333335 0.16564814814814816
0 0.82984375 0.664212962962963 0.03885416666666666 0.21805555555555556
0 0.519453125 0.7564814814814815 0.06390625 0.23500000000000001
0 0.856328125 0.09666666666666668 0.028802083333333332 0.1635185185185185
0 0.44953125 0.6815277777777777 0.03864583333333334 0.23527777777777778
0 0.9184895833333333 0.39578703703703705 0.04791666666666667 0.18601851851851853
0 0.9784375000000001 0.2680092592592592 0.04052083333333333 0.18435185185185185
0 0.13062500000000002 0.8310185185185185 0.049479166666666664 0.2574074074074074
0 0.8577083333333333 0.3715277777777778 0.03291666666666667 0.17972222222222223
0 0.12934895833333332 0.20032407407407407 0.033177083333333336 0.1487962962962963
0 0.17052083333333332 0.8532407407407407 0.04 0.24277777777777776
0 0.16434895833333335 0.1928703703703704 0.028072916666666666 0.15962962962962962
0 0.2822395833333333 0.16550925925925927 0.028541666666666667 0.16027777777777777
0 0.39437500000000003 0.16342592592592592 0.035520833333333335 0.15
0 0.925078125 0.26439814814814816 0.031822916666666666 0.16416666666666668
0 0.2534114583333333 0.08962962962962964 0.038177083333333334 0.16740740740740742
0 0.22005208333333334 0.09347222222222222 0.025625000000000002 0.1499074074074074
0 0.20177083333333334 0.1814814814814815 0.027395833333333335 0.17555555555555555
0 0.5556770833333334 0.7728240740740742 0.037187500000000005 0.21842592592592594
