0 0.65234375 0.08319444444444445 0.03229166666666667 0.11046296296296296
0 0.7928645833333333 0.06416666666666666 0.0315625 0.12648148148148147
0 0.3783333333333333 0.24412037037037035 0.041666666666666664 0.10490740740740741
0 0.5334114583333334 0.05814814814814814 0.028593749999999998 0.11444444444444445
0 0.09997395833333335 0.3910648148148148 0.03453125 0.1749074074074074
0 0.22231770833333334 0.2579166666666667 0.032656250000000005 0.17416666666666666
0 0.8861979166666667 0.09953703703703703 0.028125 0.15351851851851853
0 0.5221354166666666 0.7689814814814815 0.06208333333333334 0.24314814814814817
0 0.18981770833333333 0.2363425925925926 0.026614583333333334 0.15805555555555553
0 0.9120052083333333 0.6792129629629631 0.04296875 0.19787037037037036
0 0.8547135416666667 0.09541666666666666 0.02890625 0.16342592592592592
0 0.25841145833333334 0.21500000000000002 0.03744791666666667 0.17203703703703704
0 0.8537760416666667 0.37148148148148147 0.032656250000000005 0.18518518518518517
0 0.8313802083333334 0.6650925925925927 0.03692708333333334 0.21888888888888888
0 0.49937499999999996 0.05689814814814814 0.030000000000000002 0.11138888888888888
0 0.47427083333333336 0.05708333333333333 0.0278125 0.11231481481481481
0 0.42604166666666665 0.21435185185185185 0.02875 0.16425925925925927
0 0.9157552083333333 0.39351851851851855 0.048281250000000005 0.1837037037037037
0 0.16354166666666667 0.19685185185185186 0.028125 0.16148148148148148
0 0.12846354166666665 0.8398148148148148 0.047864583333333335 0.2522222222222222
0 0.9161197916666667 0.5225925925925926 0.04140625 0.18981481481481483
0 0.4507291666666667 0.6816203703703704 0.03802083333333333 0.23768518518518517
0 0.9812239583333332 0.27763888888888894 0.038385416666666665 0.1775
0 0.129765625 0.2000462962962963 0.03276041666666667 0.14935185185185187
0 0.166953125 0.8636111111111111 0.04192708333333333 0.24111111111111108
0 0.39763020833333335 0.16555555555555557 0.03484375 0.1487037037037037
0 0.2541145833333333 0.08935185185185185 0.03854166666666667 0.16796296296296298
0 0.28304687500000003 0.16930555555555557 0.02890625 0.16416666666666668
0 0.9290885416666667 0.2680092592592592 0.03046875 0.15564814814814815
0 0.219609375 0.09680555555555555 0.02390625 0.14638888888888887
0 0.5632552083333332 0.9317129629629629 0.039427083333333335 0.13842592592592592
0 0.30796874999999996 0.13648148148148148 0.020625 0.13740740740740742
