0 0.65234375 0.08310185185185186 0.03239583333333333 0.1112037037037037
0 0.37854166666666667 0.2434722222222222 0.040625 0.10583333333333333
0 0.4315625 0.20902777777777778 0.0384375 0.16527777777777777
0 0.8719010416666666 0.08550925925925926 0.03078125 0.15287037037037038
0 0.30669270833333334 0.18898148148148147 0.031510416666666666 0.1625925925925926
0 0.16216145833333334 0.6513425925925926 0.04276041666666666 0.22453703703703703
0 0.9169791666666666 0.518287037037037 0.03958333333333333 0.19935185185185186
0 0.847109375 0.6580092592592592 0.05130208333333333 0.21675925925925926
0 0.782734375 0.12120370370370369 0.031302083333333335 0.14555555555555555
0 0.2632291666666667 0.2050925925925926 0.03114583333333333 0.1685185185185185
0 0.40656249999999994 0.14162037037037037 0.029479166666666667 0.15101851851851852
0 0.24255208333333333 0.3408333333333333 0.0284375 0.18555555555555556
0 0.20768229166666666 0.34013888888888894 0.04223958333333333 0.1686111111111111
0 0.5565885416666667 0.5966203703703704 0.038177083333333334 0.2173148148148148
0 0.13796875 0.20050925925925928 0.026875 0.15675925925925926
0 0.17171875 0.24101851851851852 0.036145833333333335 0.1814814814814815
0 0.7530208333333334 0.10523148148148148 0.027708333333333335 0.14546296296296296
0 0.5118750000000001 0.6151388888888889 0.03770833333333334 0.21435185185185185
0 0.14645833333333333 0.0575925925925926 0.028854166666666667 0.11296296296296296
0 0.5712499999999999 0.04699074074074074 0.030520833333333334 0.08787037037037038
0 0.23216145833333332 0.20069444444444445 0.03015625 0.1686111111111111
