0 0.36666666666666664 0.6280092592592592 0.09468750000000001 0.4778703703703704
0 0.22520833333333332 0.4834722222222222 0.027604166666666666 0.09842592592592592
0 0.44364583333333335 0.5725462962962963 0.0584375 0.334537037037037
0 0.3107552083333333 0.4946296296296297 0.03078125 0.14648148148148146
0 0.51234375 0.555324074074074 0.0490625 0.28935185185185186
0 0.20460937499999998 0.4612962962962963 0.02359375 0.09833333333333334
0 0.2747135416666666 0.4724537037037037 0.018281250000000002 0.10046296296296296
0 0.5766406249999999 0.5020370370370371 0.021197916666666667 0.10777777777777778
0 0.6105729166666667 0.4623611111111111 0.020520833333333332 0.0913888888888889
0 0.24973958333333332 0.48546296296296293 0.020833333333333332 0.09981481481481481
0 0.5431770833333334 0.5329166666666666 0.04833333333333333 0.25157407407407406
0 0.308515625 0.4197222222222222 0.012135416666666668 0.037222222222222226
0 0.5833072916666667 0.4567592592592592 0.017760416666666667 0.09055555555555556
0 0.2911197916666667 0.42629629629629634 0.01015625 0.04092592592592593
