0 0.6521614583333334 0.08407407407407406 0.03203125 0.11037037037037037
0 0.37843750000000004 0.24439814814814814 0.041562499999999995 0.1050925925925926
0 0.19364583333333335 0.6534722222222222 0.05625 0.22842592592592592
0 0.7731510416666667 0.07217592592592594 0.029114583333333333 0.13527777777777777
0 0.9020052083333334 0.11939814814814814 0.030677083333333334 0.1476851851851852
0 0.07013020833333333 0.4121296296296296 0.026822916666666665 0.1775925925925926
0 0.9164583333333333 0.5211111111111111 0.040937499999999995 0.19907407407407407
0 0.5016145833333333 0.1260648148148148 0.03302083333333333 0.16083333333333333
0 0.23286458333333335 0.1175925925925926 0.029479166666666667 0.1574074074074074
0 0.8056770833333334 0.6696296296296296 0.04708333333333334 0.22925925925925925
0 0.43049479166666665 0.2184722222222222 0.029739583333333333 0.16453703703703704
0 0.20119791666666664 0.18444444444444444 0.030104166666666664 0.1675925925925926
0 0.255078125 0.20319444444444443 0.038489583333333334 0.1862037037037037
0 0.48190104166666664 0.49611111111111106 0.037135416666666664 0.18444444444444444
0 0.5359635416666666 0.155 0.031822916666666666 0.16555555555555557
0 0.5635156249999999 0.14935185185185187 0.029010416666666667 0.15555555555555556
0 0.3812760416666667 0.07328703703703704 0.02744791666666667 0.13972222222222222
0 0.24632812499999998 0.5170833333333333 0.039739583333333335 0.21601851851851853
0 0.16065104166666666 0.20078703703703704 0.028281249999999997 0.16453703703703704
0 0.138828125 0.43578703703703703 0.030677083333333334 0.17712962962962964
0 0.2908854166666667 0.5372222222222223 0.03354166666666667 0.20185185185185187
0 0.12627604166666667 0.19930555555555557 0.02890625 0.1576851851851852
0 0.45140624999999995 0.49240740740740735 0.04 0.19333333333333336
0 0.20632812500000003 0.910787037037037 0.05005208333333333 0.18027777777777776
0 0.392265625 0.17157407407407407 0.023177083333333334 0.16777777777777778
0 0.2775520833333333 0.17282407407407407 0.022187500000000002 0.15787037037037038
0 0.5034375 0.9215277777777777 0.041562499999999995 0.1587962962962963
0 0.831484375 0.054259259259259264 0.031510416666666666 0.10092592592592593
