0 0.805859375 0.5742592592592592 0.12088541666666666 0.6727777777777778
0 0.6037760416666667 0.35388888888888886 0.03453125 0.1524074074074074
0 0.942734375 0.5824537037037036 0.11557291666666666 0.711574074074074
0 0.3500520833333333 0.35490740740740734 0.0453125 0.19925925925925925
0 0.6380208333333334 0.3315277777777778 0.01875 0.11027777777777777
0 0.46335937499999996 0.33314814814814814 0.021927083333333333 0.09907407407407408
0 0.5753385416666666 0.334537037037037 0.023489583333333335 0.12518518518518518
0 0.4943489583333333 0.34953703703703703 0.03390625 0.1637037037037037
0 0.015286458333333334 0.3715277777777778 0.029531250000000002 0.17953703703703705
0 0.14044270833333333 0.33625000000000005 0.024427083333333332 0.11305555555555555
0 0.29494791666666664 0.3280092592592593 0.02645833333333333 0.10916666666666668
0 0.255078125 0.34726851851851853 0.031822916666666666 0.15657407407407406
0 0.42859375 0.3151388888888889 0.011979166666666667 0.05842592592592593
0 0.123984375 0.31578703703703703 0.018072916666666668 0.0837962962962963
0 0.39125000000000004 0.31689814814814815 0.012187499999999999 0.05842592592592593
0 0.5437760416666666 0.31212962962962965 0.01171875 0.046296296296296294
0 0.5520312500000001 0.31180555555555556 0.0134375 0.04898148148148148
0 0.402109375 0.31523148148148145 0.01203125 0.056018518518518516
