0 0.9374739583333334 0.5975925925925927 0.12609375 0.4918518518518519
0 0.29489583333333336 0.413287037037037 0.01875 0.09342592592592593
0 0.44622395833333334 0.44393518518518515 0.037135416666666664 0.16194444444444445
0 0.17005208333333333 0.4128240740740741 0.0196875 0.08861111111111111
0 0.6608854166666667 0.4313425925925926 0.024479166666666666 0.11805555555555555
0 0.25968749999999996 0.40652777777777777 0.020520833333333332 0.04583333333333333
0 0.3608333333333334 0.4176851851851852 0.023020833333333334 0.11407407407407408
0 0.38156249999999997 0.4146296296296296 0.026875 0.11777777777777779
0 0.31645833333333334 0.4000462962962963 0.015000000000000001 0.06194444444444445
0 0.3978125 0.4125925925925926 0.01885416666666667 0.10277777777777777
0 0.19453125 0.4099074074074074 0.015520833333333334 0.07388888888888889
