0 0.14781249999999999 0.5777314814814816 0.1877083333333333 0.8463888888888889
0 0.4501041666666667 0.5566203703703705 0.1184375 0.6102777777777778
0 0.5855208333333333 0.5261574074074075 0.09020833333333332 0.42712962962962964
0 0.3667447916666667 0.4752314814814815 0.03203125 0.14675925925925926
0 0.25625 0.5093055555555556 0.048125 0.29212962962962963
0 0.798828125 0.4388425925925926 0.025364583333333336 0.12805555555555556
0 0.940859375 0.44476851851851856 0.01973958333333333 0.10064814814814815
0 0.5126302083333333 0.48226851851851854 0.05088541666666667 0.3039814814814815
0 0.667265625 0.4533333333333333 0.021197916666666667 0.11648148148148148
0 0.38848958333333333 0.46402777777777776 0.016770833333333336 0.11435185185185186
