0 0.936640625 0.7049537037037037 0.052656249999999995 0.23175925925925928
0 0.9234114583333334 0.57125 0.028385416666666666 0.09787037037037037
0 0.03169270833333333 0.6211574074074074 0.03307291666666667 0.14509259259259258
0 0.14213541666666665 0.6037962962962963 0.0253125 0.13462962962962963
0 0.10984374999999999 0.6116203703703703 0.027291666666666665 0.12416666666666666
0 0.08125 0.6134722222222223 0.024583333333333336 0.11657407407407408
0 0.17044270833333333 0.5751851851851852 0.021718750000000002 0.10500000000000001
0 0.32440104166666667 0.5211574074074073 0.011197916666666667 0.0612037037037037
0 0.6861458333333332 0.5256018518518518 0.014895833333333334 0.06916666666666667
0 0.2809635416666667 0.5124537037037037 0.011197916666666667 0.05935185185185184
0 0.78046875 0.5111574074074074 0.014166666666666666 0.06453703703703705
0 0.432578125 0.4859259259259259 0.008906250000000001 0.031111111111111114
0 0.5707291666666666 0.4882407407407407 0.008958333333333334 0.04055555555555555
0 0.6063541666666666 0.5058333333333332 0.011979166666666667 0.048888888888888885
0 0.7517447916666666 0.5207407407407407 0.013072916666666667 0.05259259259259259
0 0.7601822916666666 0.517962962962963 0.01390625 0.054814814814814816
0 0.066640625 0.6087962962962963 0.01796875 0.10092592592592593
0 0.6776822916666667 0.5168981481481482 0.012135416666666668 0.055092592592592596
0 0.5970052083333334 0.5039814814814815 0.009947916666666667 0.045
0 0.7433072916666666 0.5189814814814815 0.010989583333333334 0.050555555555555555
0 0.5876562500000001 0.4975925925925926 0.0103125 0.041296296296296296
0 0.5761979166666666 0.4906944444444445 0.010729166666666668 0.042499999999999996
0 0.012005208333333333 0.6183796296296297 0.018489583333333334 0.12546296296296297
0 0.6252604166666667 0.5025925925925926 0.010208333333333335 0.04407407407407408
0 0.2866145833333333 0.5096759259259259 0.010416666666666666 0.06712962962962964
0 0.6536197916666667 0.50625 0.010364583333333333 0.04842592592592592
