0 0.9684114583333333 0.6391666666666667 0.04067708333333333 0.15333333333333332
0 0.7655729166666667 0.5583796296296297 0.02364583333333333 0.1062037037037037
0 0.911953125 0.6406018518518519 0.03359375 0.1487962962962963
0 0.8349999999999999 0.5409722222222222 0.02041666666666667 0.08064814814814815
0 0.8086718749999999 0.5307407407407407 0.017239583333333332 0.07407407407407407
0 0.27072916666666663 0.5742592592592592 0.020729166666666667 0.09351851851851851
0 0.24533854166666666 0.5681018518518518 0.018697916666666665 0.09861111111111111
0 0.014661458333333332 0.6850925925925926 0.027864583333333335 0.19592592592592592
0 0.33263020833333334 0.5435648148148148 0.014635416666666668 0.07416666666666666
0 0.63453125 0.4829166666666666 0.008645833333333333 0.03490740740740741
0 0.5609895833333333 0.48032407407407407 0.007916666666666666 0.028425925925925924
0 0.35304687500000004 0.5318981481481481 0.01640625 0.07046296296296296
0 0.321953125 0.5436574074074075 0.014114583333333335 0.07027777777777779
0 0.6847916666666668 0.4925925925925926 0.008229166666666668 0.04574074074074074
0 0.6924218750000001 0.4934259259259259 0.008802083333333332 0.044259259259259255
0 0.8221614583333333 0.5207407407407408 0.012864583333333334 0.05592592592592593
0 0.31109375 0.537962962962963 0.013020833333333334 0.06425925925925927
0 0.34088541666666666 0.5413425925925927 0.0159375 0.07768518518518519
0 0.6748177083333332 0.49296296296296294 0.007864583333333333 0.03796296296296296
0 0.7021614583333334 0.49745370370370373 0.009322916666666665 0.045092592592592594
