0 0.6522656250000001 0.08277777777777778 0.031927083333333335 0.10981481481481481
0 0.3784114583333334 0.24351851851851852 0.04161458333333334 0.10500000000000001
0 0.78625 0.07435185185185185 0.030000000000000002 0.1335185185185185
0 0.30421875000000004 0.18532407407407409 0.030416666666666665 0.16324074074074074
0 0.7810677083333333 0.19416666666666665 0.02744791666666667 0.1627777777777778
0 0.8465885416666666 0.6548148148148148 0.05119791666666666 0.2187037037037037
0 0.26338541666666665 0.22907407407407407 0.026875 0.1687037037037037
0 0.8511197916666667 0.19680555555555557 0.03401041666666667 0.17027777777777778
0 0.9163020833333334 0.5190740740740741 0.051458333333333335 0.1922222222222222
0 0.233671875 0.23097222222222222 0.03619791666666667 0.15083333333333335
0 0.17513020833333334 0.47175925925925927 0.039531250000000004 0.20148148148148148
0 0.22578125 0.6201388888888889 0.04375 0.22361111111111112
0 0.200625 0.18305555555555555 0.02625 0.1627777777777778
0 0.15041666666666667 0.2718518518518519 0.029166666666666667 0.18407407407407408
0 0.25700520833333335 0.08333333333333333 0.024739583333333332 0.1311111111111111
0 0.4036197916666666 0.14689814814814814 0.025677083333333333 0.14509259259259258
0 0.6419791666666668 0.8510185185185185 0.04864583333333334 0.24351851851851852
0 0.23111979166666666 0.1060648148148148 0.03203125 0.15138888888888888
0 0.17666666666666667 0.27337962962962964 0.03114583333333333 0.16620370370370371
0 0.42765625 0.20787037037037037 0.02354166666666667 0.16240740740740742
0 0.6876302083333333 0.8370833333333334 0.046614583333333334 0.24138888888888888
0 0.134765625 0.1999537037037037 0.026510416666666665 0.15231481481481482
0 0.46760416666666665 0.9337037037037037 0.03895833333333333 0.13444444444444442
