0 0.6523958333333334 0.08305555555555556 0.0325 0.10944444444444444
0 0.3813541666666667 0.0748611111111111 0.028854166666666667 0.14787037037037035
0 0.20036458333333335 0.18064814814814817 0.029270833333333336 0.16333333333333333
0 0.6216927083333333 0.21944444444444444 0.032552083333333336 0.1577777777777778
0 0.22877604166666668 0.8790277777777779 0.05234375 0.24379629629629632
0 0.7890625 0.1325 0.029166666666666667 0.13796296296296295
0 0.06958333333333333 0.41287037037037033 0.025104166666666667 0.17037037037037037
0 0.12200520833333334 0.19611111111111112 0.026302083333333334 0.15333333333333332
0 0.9165625 0.5202777777777777 0.0403125 0.19648148148148148
0 0.7348697916666665 0.6381018518518519 0.05453125 0.2263888888888889
0 0.24229166666666666 0.3777314814814815 0.040937499999999995 0.20805555555555555
0 0.5088802083333334 0.27842592592592597 0.038072916666666665 0.17574074074074075
0 0.28401041666666665 0.30513888888888885 0.03791666666666667 0.18305555555555555
0 0.16690104166666667 0.19675925925925927 0.029427083333333333 0.1577777777777778
0 0.041640625 0.7339814814814815 0.03984375 0.2025925925925926
0 0.6694010416666667 0.2526388888888889 0.02328125 0.1550925925925926
0 0.07567708333333334 0.6236111111111111 0.044270833333333336 0.23370370370370372
0 0.29296875 0.13828703703703707 0.025208333333333333 0.1576851851851852
0 0.37981770833333334 0.24666666666666665 0.02921875 0.14944444444444446
0 0.4356770833333333 0.2686574074074074 0.0328125 0.17379629629629628
0 0.24322916666666666 0.07444444444444445 0.027708333333333335 0.1411111111111111
0 0.45682291666666663 0.2801388888888888 0.0284375 0.15157407407407406
0 0.2087760416666667 0.08152777777777777 0.02578125 0.1499074074074074
0 0.26515625000000004 0.2152777777777778 0.028125 0.15018518518518517
0 0.2670052083333333 0.11180555555555556 0.03057291666666667 0.1502777777777778
0 0.7351822916666666 0.25972222222222224 0.032135416666666666 0.17981481481481482
0 0.14984375 0.1636111111111111 0.030000000000000002 0.16314814814814813
0 0.757109375 0.25333333333333335 0.026927083333333334 0.16166666666666665
0 0.6154947916666667 0.9326851851851853 0.038593749999999996 0.13648148148148148
