0 0.44330729166666666 0.5224074074074074 0.05755208333333333 0.24555555555555555
0 0.36125 0.47527777777777774 0.022604166666666665 0.10851851851851853
0 0.79828125 0.6854629629629629 0.10104166666666667 0.5888888888888889
0 0.5456770833333333 0.540324074074074 0.05322916666666667 0.2665740740740741
0 0.30802083333333335 0.46171296296296294 0.017916666666666668 0.07953703703703704
0 0.212109375 0.4823148148148148 0.02578125 0.10629629629629629
0 0.49447916666666664 0.5173148148148149 0.042499999999999996 0.28296296296296297
0 0.5902083333333333 0.5134722222222222 0.0484375 0.2121296296296296
0 0.3821614583333333 0.46041666666666664 0.016822916666666667 0.08324074074074074
0 0.9204166666666667 0.6701388888888888 0.16020833333333334 0.6615740740740741
0 0.6232552083333334 0.45625 0.01890625 0.08287037037037037
0 0.22859374999999998 0.48097222222222225 0.02364583333333333 0.09564814814814815
0 0.291015625 0.4626851851851852 0.014635416666666668 0.07018518518518518
0 0.24632812499999998 0.4608333333333333 0.015052083333333332 0.06574074074074074
0 0.35007812499999996 0.46949074074074076 0.018489583333333334 0.09509259259259259
0 0.30044270833333336 0.41875 0.010677083333333334 0.03638888888888889
