0 0.6525260416666666 0.08347222222222223 0.032552083333333336 0.11083333333333334
0 0.3782291666666666 0.24333333333333335 0.040937499999999995 0.10703703703703703
0 0.8867968749999999 0.14925925925925926 0.03526041666666667 0.16203703703703703
0 0.5071875 0.08662037037037038 0.0321875 0.15212962962962964
0 0.20114583333333333 0.18328703703703703 0.028125 0.16175925925925924
0 0.6751822916666668 0.5673148148148147 0.046302083333333334 0.19314814814814815
0 0.9162760416666667 0.5198611111111111 0.04119791666666666 0.19212962962962962
0 0.07125 0.4111111111111111 0.027291666666666665 0.17203703703703704
0 0.25552083333333336 0.3190740740740741 0.040625 0.18907407407407406
0 0.45057291666666666 0.06277777777777778 0.027083333333333334 0.1237037037037037
0 0.5394791666666666 0.09675925925925925 0.02802083333333333 0.14574074074074075
0 0.8469010416666668 0.6817592592592592 0.05015625 0.225
0 0.163359375 0.19490740740740742 0.028385416666666666 0.15296296296296294
0 0.2982291666666666 0.1415277777777778 0.029479166666666667 0.1526851851851852
0 0.40208333333333335 0.6308796296296296 0.03916666666666667 0.2225
0 0.9337760416666666 0.20152777777777775 0.02890625 0.1526851851851852
0 0.1731510416666667 0.6801851851851852 0.04984375 0.2303703703703704
0 0.47700520833333326 0.6181018518518518 0.053697916666666665 0.22416666666666665
0 0.43002604166666664 0.21916666666666665 0.028281249999999997 0.16111111111111112
0 0.126328125 0.3212962962962963 0.02765625 0.1687037037037037
0 0.13393229166666665 0.20495370370370372 0.037760416666666664 0.15083333333333335
0 0.22231770833333334 0.6957870370370369 0.038593749999999996 0.2215740740740741
0 0.204375 0.0575 0.034895833333333334 0.11148148148148149
0 0.23684895833333333 0.17671296296296296 0.02744791666666667 0.15231481481481482
0 0.5126562499999999 0.6275925925925926 0.043541666666666666 0.2064814814814815
0 0.38815104166666664 0.16453703703703704 0.03244791666666667 0.1598148148148148
0 0.23278645833333333 0.05921296296296297 0.02296875 0.11546296296296296
0 0.3876822916666667 0.05796296296296296 0.02671875 0.11259259259259259
0 0.255859375 0.14574074074074075 0.03723958333333333 0.18129629629629632
0 0.9600260416666667 0.14625 0.039427083333333335 0.1625
0 0.5351822916666666 0.9312962962962964 0.04223958333333333 0.13925925925925928
0 0.9870052083333333 0.48384259259259266 0.02703125 0.17212962962962963
