0 0.3498177083333333 0.4722685185185185 0.020052083333333335 0.10583333333333333
0 0.5884114583333333 0.5380092592592592 0.05161458333333333 0.26564814814814813
0 0.4487239583333333 0.4730555555555555 0.027864583333333335 0.07222222222222222
0 0.3821614583333333 0.462037037037037 0.01932291666666667 0.09037037037037036
0 0.52234375 0.5208796296296296 0.05354166666666667 0.27046296296296296
0 0.630390625 0.4574537037037037 0.024739583333333332 0.10175925925925926
0 0.3114322916666667 0.4613888888888889 0.020052083333333335 0.0787037037037037
0 0.21153645833333332 0.48245370370370366 0.02578125 0.10564814814814814
0 0.859765625 0.6896296296296296 0.10869791666666666 0.6225925925925926
0 0.4286979166666667 0.4689351851851852 0.030104166666666664 0.056574074074074075
0 0.228203125 0.4810185185185185 0.023802083333333335 0.09555555555555556
0 0.47973958333333333 0.5185185185185185 0.04291666666666667 0.23222222222222225
0 0.29289062499999996 0.46231481481481485 0.015677083333333335 0.0724074074074074
0 0.5540364583333334 0.45587962962962963 0.01942708333333333 0.08527777777777777
0 0.2704166666666667 0.44958333333333333 0.012187499999999999 0.053425925925925925
0 0.24549479166666668 0.46212962962962967 0.01640625 0.06814814814814814
