0 0.6523697916666666 0.08351851851851852 0.032552083333333336 0.11
0 0.19966145833333335 0.17930555555555552 0.028177083333333335 0.1686111111111111
0 0.7896614583333333 0.13273148148148148 0.02890625 0.13953703703703701
0 0.06966145833333333 0.41203703703703703 0.02546875 0.1725925925925926
0 0.38161458333333337 0.07407407407407407 0.029270833333333336 0.14629629629629629
0 0.126015625 0.19333333333333336 0.028385416666666666 0.15462962962962962
0 0.5408333333333333 0.19953703703703704 0.036041666666666666 0.15703703703703703
0 0.24794270833333332 0.10824074074074075 0.028802083333333332 0.1527777777777778
0 0.16416666666666666 0.19467592592592592 0.028854166666666667 0.1600925925925926
0 0.9169791666666668 0.5205555555555555 0.04 0.19537037037037036
0 0.6139583333333333 0.22361111111111112 0.025833333333333333 0.14833333333333332
0 0.7350260416666666 0.638425925925926 0.055156250000000004 0.22666666666666668
0 0.29398437499999996 0.13652777777777778 0.026093750000000002 0.1534259259259259
0 0.3785416666666667 0.2439814814814815 0.04177083333333333 0.1061111111111111
0 0.23643229166666666 0.7791666666666667 0.048177083333333336 0.2451851851851852
0 0.23916666666666667 0.3364351851851852 0.04041666666666666 0.20842592592592593
0 0.07507812500000001 0.622638888888889 0.04453125 0.23712962962962966
0 0.6759635416666666 0.24208333333333337 0.032552083333333336 0.15953703703703706
0 0.11848958333333333 0.6659722222222222 0.034375 0.1960185185185185
0 0.29244791666666664 0.3491666666666667 0.03114583333333333 0.1872222222222222
0 0.32455729166666664 0.3351851851851852 0.031927083333333335 0.18166666666666664
0 0.4655989583333333 0.2774537037037037 0.037656249999999995 0.17787037037037037
0 0.434296875 0.32564814814814813 0.033177083333333336 0.16999999999999998
0 0.4116666666666667 0.31916666666666665 0.036458333333333336 0.1698148148148148
0 0.27143229166666666 0.2633333333333333 0.03078125 0.15537037037037038
0 0.2134375 0.05828703703703703 0.02375 0.10935185185185185
0 0.43002604166666664 0.22060185185185185 0.03369791666666667 0.16935185185185186
0 0.5591145833333333 0.923287037037037 0.03625 0.15527777777777776
