0 0.6524218749999999 0.08282407407407406 0.03234375 0.11027777777777777
0 0.378515625 0.24328703703703702 0.04119791666666666 0.10490740740740741
0 0.43471354166666665 0.21004629629629631 0.04119791666666666 0.1612037037037037
0 0.5739322916666667 0.05583333333333333 0.031302083333333335 0.10888888888888888
0 0.9168229166666666 0.5180555555555556 0.04083333333333334 0.19777777777777777
0 0.30669270833333334 0.18851851851851853 0.030677083333333334 0.16240740740740742
0 0.7816927083333334 0.1290740740740741 0.031197916666666665 0.14629629629629629
0 0.8472135416666667 0.6552777777777778 0.053385416666666664 0.21703703703703706
0 0.8806770833333334 0.1011574074074074 0.0275 0.14638888888888887
0 0.4064583333333333 0.14138888888888887 0.028645833333333332 0.14851851851851852
0 0.20091145833333332 0.3567592592592593 0.040052083333333335 0.16296296296296298
0 0.15986979166666665 0.6681018518518519 0.04296875 0.2237962962962963
0 0.1734895833333333 0.23981481481481481 0.03822916666666667 0.18407407407407408
0 0.26880208333333333 0.05291666666666667 0.024895833333333332 0.10379629629629629
0 0.7506770833333333 0.09791666666666667 0.027604166666666666 0.14194444444444446
0 0.138671875 0.19865740740740742 0.028593749999999998 0.1526851851851852
0 0.5021614583333334 0.5946759259259259 0.03640625 0.21435185185185185
0 0.14638020833333334 0.05699074074074074 0.028593749999999998 0.11212962962962962
0 0.5453125 0.5756018518518519 0.038125 0.2210185185185185
0 0.26200520833333335 0.21518518518518517 0.031614583333333335 0.1662962962962963
0 0.24119791666666665 0.351712962962963 0.02802083333333333 0.1849074074074074
0 0.232890625 0.20824074074074075 0.03140625 0.15555555555555556
