0 0.45505208333333336 0.3790277777777778 0.03395833333333333 0.16898148148148148
0 0.5750781249999999 0.40125 0.03546875 0.10935185185185185
0 0.8477604166666667 0.39490740740740743 0.05416666666666667 0.23277777777777778
0 0.5495572916666666 0.3943055555555556 0.03578125 0.1149074074074074
0 0.6531770833333334 0.37351851851851847 0.028854166666666667 0.13425925925925927
0 0.4937239583333333 0.3859722222222222 0.031927083333333335 0.15138888888888888
0 0.605859375 0.3485648148148148 0.017135416666666667 0.06564814814814815
0 0.3692447916666666 0.34805555555555556 0.01359375 0.05296296296296297
0 0.43158854166666666 0.3518981481481482 0.017343749999999998 0.059166666666666666
0 0.3848958333333333 0.34555555555555556 0.012916666666666667 0.04814814814814815
0 0.633203125 0.35347222222222224 0.016927083333333332 0.06638888888888889
0 0.007526041666666666 0.38472222222222224 0.014010416666666666 0.10703703703703703
0 0.40036458333333336 0.3414814814814815 0.011458333333333333 0.045
0 0.6200260416666666 0.3456018518518518 0.015885416666666666 0.0687962962962963
