0 0.1397395833333333 0.5416666666666666 0.06885416666666666 0.2738888888888889
0 0.6676822916666667 0.5353703703703704 0.05796875 0.305
0 0.4793489583333333 0.46620370370370373 0.02453125 0.11037037037037037
0 0.04546875000000001 0.5140277777777778 0.04708333333333334 0.1899074074074074
0 0.5895833333333333 0.4975925925925926 0.03770833333333334 0.1622222222222222
0 0.08934895833333334 0.515324074074074 0.03546875 0.1650925925925926
0 0.4555729166666666 0.4708333333333333 0.021770833333333333 0.10185185185185185
0 0.4353645833333334 0.45518518518518514 0.017916666666666668 0.08648148148148149
0 0.3940364583333334 0.455462962962963 0.014427083333333333 0.065
0 0.2860416666666667 0.46601851851851855 0.0125 0.06962962962962964
0 0.23130208333333332 0.45842592592592596 0.011354166666666667 0.05388888888888889
0 0.24020833333333333 0.45796296296296296 0.011458333333333333 0.05703703703703704
0 0.24924479166666666 0.45851851851851855 0.012343749999999999 0.06037037037037037
0 0.269140625 0.46097222222222217 0.012447916666666666 0.06564814814814815
0 0.6962760416666668 0.47773148148148153 0.020260416666666666 0.10768518518518519
