0 0.8424479166666666 0.43962962962962965 0.021875 0.10092592592592593
0 0.6516145833333333 0.4362037037037037 0.022500000000000003 0.11018518518518519
0 0.7900520833333334 0.46953703703703703 0.03854166666666667 0.1635185185185185
0 0.3722395833333333 0.47726851851851854 0.0353125 0.18231481481481482
0 0.588359375 0.42347222222222225 0.01640625 0.07657407407407407
0 0.7339322916666667 0.46958333333333335 0.041093750000000005 0.21675925925925926
0 0.26473958333333336 0.48009259259259257 0.03802083333333333 0.16574074074074074
0 0.6206770833333334 0.43574074074074076 0.01864583333333333 0.09648148148148149
0 0.319921875 0.48060185185185184 0.029947916666666668 0.16064814814814815
0 0.395234375 0.47199074074074077 0.029531250000000002 0.16472222222222221
0 0.214765625 0.4333796296296296 0.015052083333333332 0.06620370370370371
0 0.3009635416666666 0.48333333333333334 0.031302083333333335 0.1562962962962963
0 0.45424479166666665 0.4335648148148148 0.01171875 0.06731481481481481
0 0.3444791666666667 0.4634259259259259 0.025208333333333333 0.1259259259259259
0 0.42888020833333335 0.4267592592592592 0.01140625 0.05962962962962964
0 0.4458854166666667 0.42814814814814817 0.014166666666666666 0.065
