0 0.35666666666666663 0.6214351851851853 0.10041666666666667 0.4565740740740741
0 0.22541666666666668 0.482962962962963 0.02666666666666667 0.09648148148148149
0 0.436796875 0.5706018518518519 0.05765625 0.33509259259259255
0 0.576328125 0.5026851851851851 0.020781249999999998 0.10555555555555556
0 0.20479166666666665 0.4614814814814815 0.02375 0.0987037037037037
0 0.27395833333333336 0.4710185185185185 0.019583333333333335 0.09944444444444445
0 0.6115885416666667 0.4626388888888889 0.01963541666666667 0.09212962962962963
0 0.5009114583333333 0.5538425925925927 0.05255208333333334 0.28620370370370374
0 0.25057291666666665 0.48407407407407405 0.019479166666666665 0.10111111111111111
0 0.5340625 0.5273611111111111 0.05416666666666667 0.25046296296296294
0 0.2971614583333333 0.46282407407407405 0.017864583333333333 0.08268518518518518
0 0.30786458333333333 0.4706481481481481 0.0196875 0.09703703703703703
0 0.30893229166666664 0.42319444444444443 0.01203125 0.038981481481481485
