0 0.8441145833333333 0.7277314814814814 0.03822916666666667 0.19842592592592595
0 0.779140625 0.7615277777777778 0.04234375 0.20546296296296296
0 0.7324739583333333 0.697037037037037 0.03911458333333333 0.195
0 0.8789843749999999 0.6325462962962963 0.025885416666666668 0.12546296296296297
0 0.728046875 0.5810648148148148 0.02578125 0.09935185185185184
0 0.03822916666666667 0.7330092592592592 0.026354166666666668 0.1625
0 0.7701822916666666 0.5783333333333334 0.02140625 0.08703703703703704
0 0.011432291666666667 0.7559722222222222 0.021822916666666668 0.15583333333333335
0 0.8170572916666666 0.5796296296296296 0.01953125 0.0962962962962963
0 0.7940885416666668 0.57875 0.01640625 0.09398148148148149
0 0.7216666666666666 0.5160185185185184 0.012812500000000001 0.04796296296296296
0 0.7125 0.5331018518518519 0.011354166666666667 0.043240740740740746
0 0.7361979166666667 0.5191203703703704 0.012916666666666667 0.04657407407407407
