0 0.6522395833333334 0.08310185185185186 0.0321875 0.11083333333333334
0 0.3783333333333333 0.24333333333333335 0.041562499999999995 0.10481481481481482
0 0.4329166666666666 0.20944444444444443 0.03833333333333333 0.16055555555555556
0 0.7896614583333332 0.05717592592592593 0.031822916666666666 0.1125
0 0.19171875 0.8113888888888888 0.04729166666666666 0.24018518518518517
0 0.24885416666666668 0.29444444444444445 0.036041666666666666 0.17518518518518517
0 0.784765625 0.18912037037037038 0.031614583333333335 0.14564814814814817
0 0.6044531249999999 0.1360185185185185 0.03307291666666667 0.15703703703703703
0 0.30421875000000004 0.18773148148148147 0.029895833333333333 0.15898148148148147
0 0.8475260416666667 0.6543981481481481 0.054010416666666665 0.2199074074074074
0 0.8608854166666667 0.1638888888888889 0.029895833333333333 0.15796296296296294
0 0.9169010416666666 0.5194444444444445 0.04026041666666667 0.19555555555555554
0 0.40533854166666666 0.14064814814814813 0.029427083333333333 0.15018518518518517
0 0.13924479166666665 0.2025462962962963 0.030885416666666665 0.15694444444444444
0 0.22294270833333332 0.4496759259259259 0.03401041666666667 0.2013888888888889
0 0.6817187499999999 0.8613425925925926 0.048749999999999995 0.2647222222222222
0 0.92203125 0.19814814814814816 0.030520833333333334 0.16444444444444445
0 0.2618489583333333 0.09787037037037036 0.028177083333333335 0.14277777777777775
0 0.93296875 0.7404166666666666 0.04802083333333333 0.22990740740740742
0 0.192578125 0.45087962962962963 0.04203125 0.17601851851851852
0 0.4638802083333333 0.4579166666666667 0.03390625 0.19712962962962963
0 0.20218750000000002 0.29314814814814816 0.031875 0.16962962962962963
0 0.50953125 0.44481481481481483 0.035833333333333335 0.2061111111111111
0 0.14645833333333333 0.056527777777777774 0.027708333333333335 0.1112037037037037
0 0.7515625 0.05703703703703704 0.023958333333333335 0.1087037037037037
0 0.17674479166666668 0.24129629629629631 0.03369791666666667 0.18259259259259258
0 0.24052083333333335 0.14976851851851852 0.028125 0.1676851851851852
