0 0.3695833333333333 0.5180555555555556 0.1278125 0.6661111111111111
0 0.54859375 0.4190740740740741 0.08770833333333333 0.4918518518518519
0 0.6264583333333333 0.40773148148148153 0.0546875 0.27546296296296297
0 0.4707291666666667 0.41000000000000003 0.10385416666666666 0.42592592592592593
0 0.24546875 0.5256944444444445 0.1440625 0.7537962962962963
0 0.7706510416666668 0.5238425925925926 0.11588541666666667 0.6412037037037037
0 0.1125 0.5009259259259259 0.2134375 1.0
0 0.703828125 0.3713425925925926 0.013697916666666667 0.07694444444444444
0 0.6899739583333333 0.3705555555555555 0.011822916666666666 0.07092592592592592
0 0.7158593750000001 0.3809259259259259 0.017760416666666667 0.09259259259259259
0 0.8897916666666666 0.520462962962963 0.22145833333333334 0.9609259259259259
