0 0.871875 0.6127314814814815 0.030312500000000003 0.13268518518518518
0 0.921796875 0.6117592592592593 0.03203125 0.13055555555555556
0 0.07236979166666666 0.6365740740740741 0.033177083333333336 0.1585185185185185
0 0.7499739583333334 0.543888888888889 0.02109375 0.09481481481481482
0 0.8144010416666667 0.5342129629629631 0.020989583333333332 0.07916666666666666
0 0.27841145833333336 0.5556481481481482 0.01973958333333333 0.09074074074074075
0 0.2571614583333333 0.5537962962962963 0.019010416666666665 0.09
0 0.018697916666666665 0.6351388888888889 0.0309375 0.17101851851851851
0 0.7907031250000001 0.52 0.01640625 0.07574074074074073
0 0.5636197916666668 0.4711574074074074 0.008802083333333332 0.03064814814814815
0 0.340234375 0.5260648148148148 0.014531249999999999 0.07138888888888888
0 0.43622395833333333 0.4965277777777778 0.009427083333333334 0.042499999999999996
0 0.6302083333333334 0.475462962962963 0.008229166666666668 0.0337037037037037
0 0.6783072916666667 0.4818981481481482 0.00796875 0.04287037037037037
0 0.3207291666666666 0.5248611111111111 0.012916666666666667 0.06416666666666666
0 0.4177604166666667 0.48995370370370367 0.009270833333333334 0.04083333333333333
0 0.3284114583333333 0.5264351851851852 0.01328125 0.06527777777777778
0 0.4281770833333333 0.49319444444444444 0.009270833333333334 0.04027777777777778
0 0.6838802083333333 0.48254629629629625 0.008385416666666668 0.04212962962962963
0 0.6736979166666667 0.4787037037037037 0.009375 0.03814814814814815
0 0.7984635416666667 0.5221759259259259 0.012864583333333334 0.07342592592592592
