0 0.6522135416666667 0.08268518518518518 0.03234375 0.11018518518518519
0 0.7934374999999999 0.06296296296296296 0.03135416666666667 0.12407407407407407
0 0.37843750000000004 0.24439814814814814 0.042083333333333334 0.1050925925925926
0 0.5339062499999999 0.05814814814814814 0.0284375 0.11444444444444445
0 0.098828125 0.39245370370370375 0.03401041666666667 0.17453703703703705
0 0.22356770833333334 0.2561111111111111 0.032864583333333336 0.17222222222222222
0 0.18885416666666668 0.2364351851851852 0.02666666666666667 0.15953703703703706
0 0.8866927083333334 0.10152777777777779 0.02890625 0.15694444444444444
0 0.9061458333333333 0.6763888888888889 0.046875 0.19685185185185183
0 0.4995572916666667 0.05648148148148148 0.029322916666666664 0.1111111111111111
0 0.42645833333333333 0.21296296296296297 0.0296875 0.16537037037037036
0 0.47398437499999996 0.05800925925925926 0.02723958333333333 0.11416666666666667
0 0.2580989583333333 0.21666666666666667 0.03661458333333333 0.17444444444444446
0 0.8553124999999999 0.09513888888888888 0.02875 0.1628703703703704
0 0.8546614583333334 0.3708796296296296 0.032239583333333335 0.18157407407407408
0 0.5210677083333334 0.7627777777777778 0.06380208333333333 0.24333333333333335
0 0.8309114583333334 0.665324074074074 0.03692708333333334 0.22046296296296294
0 0.9170572916666667 0.3951388888888889 0.048906250000000005 0.18064814814814814
0 0.9163802083333332 0.5230555555555555 0.04255208333333334 0.19481481481481483
0 0.45036458333333335 0.6829166666666667 0.03822916666666667 0.2386111111111111
0 0.16919270833333336 0.8597685185185184 0.04119791666666666 0.24305555555555555
0 0.12916666666666668 0.19944444444444445 0.03260416666666667 0.1511111111111111
0 0.16421875 0.1922222222222222 0.027395833333333335 0.16499999999999998
0 0.9796614583333334 0.2740740740740741 0.03911458333333333 0.18333333333333332
0 0.2540625 0.08935185185185185 0.0378125 0.16666666666666666
0 0.3960677083333333 0.16425925925925924 0.03598958333333333 0.15203703703703703
0 0.2836458333333333 0.16652777777777777 0.029166666666666667 0.16064814814814815
0 0.12893229166666667 0.8381944444444445 0.046406249999999996 0.25157407407407406
0 0.9274479166666666 0.26861111111111113 0.030833333333333334 0.1635185185185185
0 0.21963541666666667 0.0960185185185185 0.024479166666666666 0.14833333333333332
0 0.5579427083333334 0.776712962962963 0.03744791666666667 0.21638888888888888
0 0.20127604166666666 0.18675925925925924 0.02421875 0.17666666666666667
0 0.5632031249999999 0.9344907407407408 0.040364583333333336 0.13287037037037036
