0 0.8200520833333333 0.5778703703703704 0.1296875 0.6770370370370371
0 0.04338541666666667 0.36601851851851847 0.03875 0.18444444444444444
0 0.3828385416666667 0.35347222222222224 0.048906250000000005 0.19453703703703704
0 0.6196875000000001 0.35703703703703704 0.036875 0.15074074074074076
0 0.6579166666666666 0.33671296296296294 0.019895833333333335 0.1100925925925926
0 0.5172395833333333 0.3470833333333333 0.02875 0.1526851851851852
0 0.17427083333333335 0.3312037037037037 0.021875 0.10944444444444444
0 0.44895833333333335 0.3199074074074074 0.012187499999999999 0.06018518518518518
0 0.945625 0.5703240740740741 0.10979166666666668 0.7349074074074075
0 0.5381510416666667 0.3410648148148148 0.029947916666666668 0.1375
0 0.28312499999999996 0.34976851851851853 0.02322916666666667 0.13398148148148148
0 0.597890625 0.3361574074074074 0.024739583333333332 0.12305555555555556
0 0.5735416666666667 0.3135185185185185 0.011979166666666667 0.05074074074074074
0 0.4139583333333333 0.3161111111111111 0.012395833333333333 0.055185185185185184
0 0.2994010416666667 0.335787037037037 0.03057291666666667 0.14509259259259258
0 0.161484375 0.30814814814814817 0.015156250000000001 0.06796296296296298
