0 0.6525 0.08273148148148148 0.0325 0.10972222222222222
0 0.20026041666666666 0.18037037037037038 0.029791666666666668 0.16648148148148148
0 0.6047656250000001 0.2175 0.037760416666666664 0.15666666666666665
0 0.23200520833333335 0.8577314814814815 0.05296875 0.2571296296296296
0 0.7896354166666667 0.13324074074074074 0.029062499999999998 0.13962962962962963
0 0.06929687500000001 0.41125 0.026093750000000002 0.17527777777777778
0 0.3814583333333334 0.07449074074074075 0.028854166666666667 0.14712962962962964
0 0.5012239583333333 0.2821296296296296 0.03536458333333334 0.1814814814814815
0 0.12348958333333335 0.1949537037037037 0.026354166666666668 0.15212962962962964
0 0.9169270833333333 0.5201388888888889 0.04010416666666667 0.19490740740740742
0 0.735234375 0.6381944444444444 0.05463541666666667 0.2273148148148148
0 0.16481770833333334 0.19518518518518518 0.02890625 0.15685185185185185
0 0.24281250000000001 0.37305555555555553 0.04072916666666667 0.2111111111111111
0 0.2895052083333333 0.3173148148148148 0.037760416666666664 0.1864814814814815
0 0.05557291666666666 0.7198611111111112 0.04 0.19879629629629628
0 0.72515625 0.25523148148148145 0.034375 0.17287037037037037
0 0.26421875 0.2247685185185185 0.029895833333333333 0.14509259259259258
0 0.29343749999999996 0.1375 0.025625000000000002 0.15666666666666665
0 0.6579427083333333 0.24314814814814817 0.02296875 0.15148148148148147
0 0.42893229166666663 0.27824074074074073 0.03411458333333333 0.17518518518518517
0 0.24572916666666664 0.07046296296296296 0.028541666666666667 0.13907407407407407
0 0.20859375 0.07212962962962963 0.025416666666666664 0.14092592592592593
0 0.07601562499999999 0.6230092592592592 0.04411458333333333 0.23805555555555558
0 0.45046875 0.29 0.029270833333333336 0.16296296296296298
0 0.266796875 0.11259259259259259 0.031302083333333335 0.15037037037037038
0 0.6047135416666668 0.930601851851852 0.04286458333333333 0.14064814814814816
