0 0.44919270833333336 0.47333333333333333 0.027864583333333335 0.07166666666666667
0 0.501484375 0.4994907407407408 0.05057291666666666 0.10416666666666667
0 0.388125 0.4639814814814815 0.023020833333333334 0.10185185185185185
0 0.6754687500000001 0.5385648148148148 0.05260416666666667 0.2569444444444444
0 0.5984114583333333 0.5110648148148148 0.05203125 0.2684259259259259
0 0.3561197916666667 0.4701851851851852 0.020260416666666666 0.09740740740740741
0 0.42950520833333333 0.46935185185185185 0.02890625 0.05740740740740741
0 0.5554427083333333 0.5121296296296296 0.041093750000000005 0.22203703703703706
0 0.21106770833333333 0.48194444444444445 0.024427083333333332 0.10703703703703703
0 0.22768229166666665 0.4813425925925926 0.02203125 0.09842592592592592
0 0.2966666666666667 0.4652314814814815 0.016041666666666666 0.0775
0 0.3366145833333334 0.4675462962962963 0.017812500000000002 0.0936111111111111
0 0.5249739583333334 0.4644444444444445 0.018072916666666668 0.09777777777777777
0 0.3125 0.4618055555555556 0.017083333333333332 0.07675925925925926
0 0.3217708333333333 0.4631018518518519 0.0171875 0.08249999999999999
