0 0.6524479166666667 0.08351851851851852 0.0321875 0.10925925925925926
0 0.5557031250000001 0.20462962962962963 0.03619791666666667 0.15944444444444444
0 0.7895833333333333 0.13250000000000003 0.029062499999999998 0.13925925925925928
0 0.20041666666666663 0.17851851851851852 0.029062499999999998 0.16648148148148148
0 0.38148437500000004 0.07365740740740741 0.029114583333333333 0.14546296296296296
0 0.2317447916666667 0.7899074074074073 0.048281250000000005 0.24685185185185188
0 0.23914062500000002 0.34175925925925926 0.039947916666666666 0.2061111111111111
0 0.9169270833333333 0.5203240740740741 0.039375 0.1950925925925926
0 0.06947916666666668 0.41060185185185183 0.025104166666666667 0.17046296296296296
0 0.16414062499999998 0.19462962962962962 0.029114583333333333 0.1622222222222222
0 0.29356770833333334 0.1363425925925926 0.025677083333333333 0.15194444444444444
0 0.734921875 0.637962962962963 0.055260416666666666 0.2275925925925926
0 0.3784114583333334 0.2439814814814815 0.04307291666666667 0.1061111111111111
0 0.12752604166666667 0.19370370370370368 0.02723958333333333 0.1512962962962963
0 0.46986979166666665 0.27870370370370373 0.03661458333333333 0.18129629629629632
0 0.4373958333333333 0.3172685185185185 0.030625 0.1687962962962963
0 0.623671875 0.22837962962962963 0.026197916666666664 0.15231481481481482
0 0.21125 0.060509259259259256 0.024895833333333332 0.11898148148148148
0 0.291796875 0.3398148148148148 0.031510416666666666 0.18981481481481483
0 0.26791666666666664 0.2593518518518519 0.030312500000000003 0.1575925925925926
0 0.41408854166666664 0.31046296296296294 0.03442708333333333 0.17703703703703702
0 0.07515625000000001 0.6225925925925926 0.0459375 0.2388888888888889
0 0.107265625 0.6758796296296297 0.03921875 0.19787037037037036
0 0.6888802083333334 0.24351851851851852 0.02984375 0.16333333333333333
0 0.32114583333333335 0.3282407407407407 0.030312500000000003 0.1787037037037037
0 0.25528645833333335 0.10921296296296296 0.025885416666666668 0.14916666666666667
0 0.5679947916666667 0.9268055555555554 0.03692708333333334 0.14824074074074073
0 0.43109375 0.23328703703703701 0.03229166666666667 0.18287037037037038
