0 0.65234375 0.08300925925925927 0.03270833333333333 0.1100925925925926
0 0.200234375 0.18050925925925926 0.029114583333333333 0.16564814814814816
0 0.5944791666666666 0.21305555555555558 0.03833333333333333 0.16148148148148148
0 0.7895572916666667 0.13282407407407407 0.02921875 0.13842592592592592
0 0.38140625000000006 0.07444444444444445 0.029375 0.14703703703703705
0 0.06955729166666667 0.4120833333333333 0.02578125 0.17009259259259257
0 0.23338541666666668 0.8490740740740741 0.052083333333333336 0.2581481481481482
0 0.16450520833333332 0.19657407407407407 0.028281249999999997 0.15574074074074074
0 0.12528645833333335 0.19425925925925927 0.02713541666666667 0.15722222222222224
0 0.9166145833333332 0.5206481481481482 0.0396875 0.19481481481481483
0 0.24174479166666668 0.36634259259259255 0.040468750000000005 0.20546296296296296
0 0.735 0.6381944444444444 0.05489583333333334 0.22675925925925927
0 0.49515624999999996 0.28324074074074074 0.03677083333333333 0.175
0 0.29184895833333335 0.3206481481481482 0.038697916666666665 0.1877777777777778
0 0.649609375 0.24259259259259258 0.023802083333333335 0.15574074074074074
0 0.29388020833333334 0.1385185185185185 0.026197916666666664 0.15833333333333333
0 0.2640625 0.23111111111111113 0.030104166666666664 0.14944444444444446
0 0.7169270833333333 0.25319444444444444 0.0325 0.1726851851851852
0 0.24690104166666668 0.06810185185185184 0.02765625 0.13435185185185183
0 0.42471354166666664 0.28425925925925927 0.03390625 0.1748148148148148
0 0.2090364583333333 0.06944444444444445 0.024427083333333332 0.13444444444444442
0 0.06791666666666667 0.7086111111111111 0.03270833333333333 0.20555555555555555
0 0.4476302083333333 0.29282407407407407 0.028177083333333335 0.16435185185185186
0 0.26528645833333336 0.11314814814814815 0.03109375 0.15185185185185185
0 0.075859375 0.6162962962962963 0.04161458333333334 0.2112962962962963
0 0.5938281249999999 0.9305555555555556 0.04307291666666667 0.14074074074074075
0 0.38059895833333335 0.24 0.03526041666666667 0.10277777777777777
