0 0.501328125 0.49824074074074076 0.04994791666666667 0.1037037037037037
0 0.4347916666666667 0.5368055555555555 0.04916666666666667 0.23435185185185184
0 0.20567708333333332 0.4622222222222222 0.021770833333333333 0.0961111111111111
0 0.23671875 0.48171296296296295 0.02625 0.09787037037037037
0 0.3310416666666667 0.5892592592592594 0.07135416666666666 0.36629629629629634
0 0.5764322916666667 0.5022222222222222 0.01973958333333333 0.10851851851851853
0 0.6534375000000001 0.4601388888888889 0.02020833333333333 0.09398148148148149
0 0.5335677083333333 0.4589814814814815 0.020052083333333335 0.09518518518518518
0 0.2684635416666667 0.4833796296296297 0.01796875 0.09805555555555556
0 0.3805729166666667 0.5532407407407407 0.0515625 0.29500000000000004
0 0.5580989583333335 0.4984259259259259 0.020468749999999997 0.10203703703703704
0 0.28533854166666667 0.45634259259259263 0.016822916666666667 0.07175925925925926
