0 0.6525260416666667 0.08375 0.03244791666666667 0.1100925925925926
0 0.37815104166666663 0.24393518518518517 0.04192708333333333 0.10453703703703704
0 0.7906770833333334 0.13055555555555556 0.028333333333333332 0.13814814814814813
0 0.223671875 0.6183796296296297 0.05067708333333333 0.22305555555555556
0 0.628125 0.1926851851851852 0.026041666666666668 0.1475925925925926
0 0.2473177083333333 0.27143518518518517 0.04057291666666667 0.2000925925925926
0 0.4306770833333333 0.21949074074074076 0.029791666666666668 0.1625
0 0.19966145833333335 0.18129629629629632 0.02744791666666667 0.16611111111111113
0 0.38192708333333336 0.07476851851851851 0.02875 0.1476851851851852
0 0.16486979166666668 0.19699074074074074 0.029114583333333333 0.16046296296296297
0 0.8379687499999999 0.06652777777777777 0.030520833333333334 0.13120370370370368
0 0.06981770833333334 0.41203703703703703 0.025677083333333333 0.17666666666666667
0 0.9167708333333332 0.5209722222222222 0.04020833333333333 0.1960185185185185
0 0.12486979166666666 0.19453703703703704 0.02921875 0.15555555555555556
0 0.5892708333333333 0.20087962962962963 0.034166666666666665 0.17009259259259257
0 0.7351822916666667 0.6387037037037038 0.05484375 0.22425925925925924
0 0.4974739583333333 0.20351851851851852 0.03734375 0.1675925925925926
0 0.28218750000000004 0.19370370370370368 0.025625000000000002 0.16240740740740742
0 0.28208333333333335 0.420462962962963 0.0375 0.2048148148148148
0 0.42468750000000005 0.39490740740740743 0.03927083333333334 0.19611111111111112
0 0.109453125 0.7636111111111111 0.05484375 0.24203703703703702
0 0.45421875 0.3968981481481481 0.03864583333333334 0.1799074074074074
0 0.1296875 0.5509722222222222 0.03114583333333333 0.19101851851851853
0 0.323671875 0.41574074074074074 0.031197916666666665 0.17685185185185184
0 0.079453125 0.7027777777777777 0.046614583333333334 0.2364814814814815
0 0.505546875 0.9185185185185185 0.03786458333333333 0.1648148148148148
