0 0.4505989583333333 0.3326388888888889 0.02723958333333333 0.14842592592592593
0 0.36947916666666664 0.32115740740740745 0.021666666666666667 0.1062037037037037
0 0.496953125 0.33629629629629626 0.025260416666666667 0.08333333333333333
0 0.41385416666666663 0.3310648148148148 0.033125 0.16675925925925925
0 0.595 0.32763888888888887 0.03208333333333333 0.12861111111111112
0 0.5279166666666666 0.30212962962962964 0.015416666666666667 0.065
0 0.08247395833333333 0.40370370370370373 0.052656249999999995 0.3153703703703704
0 0.115234375 0.3096759259259259 0.018593750000000003 0.0787962962962963
0 0.7551822916666667 0.3788888888888889 0.05796875 0.38981481481481484
0 0.6180989583333333 0.3127777777777777 0.029322916666666664 0.10814814814814815
0 0.47799479166666664 0.3336574074074074 0.026406250000000003 0.0875
0 0.5561718750000001 0.2982407407407407 0.013177083333333334 0.05814814814814814
0 0.3151302083333334 0.297962962962963 0.012864583333333334 0.04814814814814815
0 0.3435416666666667 0.29740740740740745 0.0109375 0.039074074074074074
