0 0.3784114583333333 0.24333333333333335 0.04192708333333333 0.10462962962962963
0 0.43268229166666666 0.2096759259259259 0.03890625 0.16027777777777777
0 0.7835416666666667 0.20324074074074075 0.034583333333333334 0.15092592592592594
0 0.6523958333333334 0.08287037037037037 0.0325 0.11018518518518519
0 0.93515625 0.2176388888888889 0.03395833333333333 0.16046296296296297
0 0.8699739583333332 0.17925925925925928 0.028489583333333336 0.155
0 0.6150260416666667 0.1537037037037037 0.02984375 0.15333333333333332
0 0.8473437500000001 0.6572222222222222 0.051770833333333335 0.21851851851851853
0 0.502578125 0.4206481481481481 0.038489583333333334 0.20444444444444446
0 0.9167187499999999 0.5186574074074074 0.040937499999999995 0.19712962962962963
0 0.7455729166666667 0.051805555555555556 0.024479166666666666 0.10083333333333334
0 0.46111979166666667 0.4317592592592593 0.03671875 0.19722222222222222
0 0.40598958333333335 0.14212962962962963 0.029166666666666667 0.14907407407407408
0 0.6656510416666667 0.8148148148148148 0.04994791666666667 0.25296296296296295
0 0.22059895833333334 0.46879629629629627 0.03671875 0.20388888888888887
0 0.19255208333333332 0.8432407407407407 0.049895833333333334 0.24833333333333332
0 0.3012239583333333 0.1897685185185185 0.028489583333333336 0.15712962962962962
0 0.23752604166666663 0.30865740740740744 0.03661458333333333 0.18175925925925926
0 0.13502604166666668 0.20291666666666666 0.029322916666666664 0.15416666666666667
0 0.186796875 0.4711574074074074 0.04130208333333333 0.1812037037037037
0 0.24242187499999998 0.15199074074074073 0.029635416666666668 0.16583333333333333
0 0.7826302083333334 0.052314814814814814 0.029635416666666668 0.10277777777777777
0 0.26828125 0.29282407407407407 0.03354166666666667 0.16898148148148148
0 0.1928125 0.3064351851851852 0.0340625 0.17027777777777778
0 0.9320052083333333 0.7427777777777779 0.04848958333333333 0.23092592592592592
0 0.2644270833333333 0.1186574074074074 0.028333333333333332 0.15138888888888888
0 0.1641145833333333 0.19671296296296295 0.02802083333333333 0.1600925925925926
0 0.14049479166666667 0.05777777777777778 0.028281249999999997 0.11148148148148149
0 0.175 0.06240740740740741 0.024687499999999998 0.12296296296296297
0 0.18140624999999996 0.24453703703703705 0.024374999999999997 0.1837037037037037
