0 0.3784895833333334 0.24356481481481482 0.040625 0.10490740740740741
0 0.2866145833333333 0.22745370370370369 0.05447916666666666 0.17694444444444443
0 0.6458072916666666 0.08643518518518518 0.03786458333333333 0.11083333333333334
0 0.7888020833333333 0.13328703703703704 0.029166666666666667 0.1375
0 0.7365885416666667 0.6383333333333333 0.05484375 0.22666666666666668
0 0.38169270833333335 0.07430555555555556 0.029635416666666668 0.14583333333333334
0 0.42994791666666665 0.21972222222222224 0.03208333333333333 0.16185185185185186
0 0.9180208333333334 0.5200462962962963 0.03927083333333334 0.1936111111111111
0 0.22028645833333335 0.47199074074074077 0.04463541666666667 0.21935185185185185
0 0.075390625 0.6231018518518519 0.04442708333333333 0.23287037037037037
0 0.199296875 0.17972222222222226 0.028489583333333336 0.16518518518518518
0 0.125859375 0.19361111111111112 0.025052083333333332 0.15444444444444447
0 0.23166666666666666 0.15694444444444444 0.02875 0.15407407407407409
0 0.9586718750000001 0.29462962962962963 0.03432291666666667 0.1725925925925926
0 0.8588541666666667 0.31398148148148153 0.03166666666666666 0.1662962962962963
0 0.47346354166666665 0.20745370370370372 0.031927083333333335 0.1687962962962963
0 0.5581770833333333 0.2730092592592593 0.03916666666666667 0.1625
0 0.16239583333333332 0.19453703703703704 0.02802083333333333 0.15888888888888889
0 0.12497395833333333 0.4440277777777778 0.03390625 0.18009259259259258
0 0.25302083333333336 0.1426388888888889 0.025208333333333333 0.16101851851851853
0 0.7588802083333334 0.3007870370370371 0.025572916666666667 0.15638888888888888
0 0.7395052083333334 0.25662037037037033 0.02755208333333333 0.1650925925925926
0 0.14231770833333332 0.43171296296296297 0.027864583333333335 0.18305555555555555
0 0.011640625 0.8916666666666667 0.022239583333333333 0.21851851851851853
