0 0.40125 0.507175925925926 0.04052083333333333 0.19175925925925924
0 0.7172916666666665 0.45981481481481484 0.026145833333333333 0.09962962962962962
0 0.8355989583333333 0.61 0.12244791666666667 0.41407407407407404
0 0.4856770833333333 0.6344444444444445 0.09072916666666667 0.46574074074074073
0 0.2744010416666667 0.4725462962962963 0.017760416666666667 0.10101851851851851
0 0.560078125 0.6737037037037036 0.07994791666666666 0.5905555555555555
0 0.3502604166666667 0.46041666666666664 0.0140625 0.06972222222222221
0 0.22544270833333335 0.4848611111111111 0.02453125 0.09601851851851852
0 0.21106770833333333 0.4792592592592593 0.02276041666666667 0.1025925925925926
0 0.3071354166666667 0.455462962962963 0.013541666666666667 0.05666666666666667
0 0.24263020833333332 0.472037037037037 0.01578125 0.09333333333333334
0 0.317265625 0.45180555555555557 0.012135416666666668 0.05416666666666667
0 0.2989583333333333 0.4555092592592592 0.013229166666666665 0.05694444444444444
0 0.2900520833333333 0.4587037037037037 0.013958333333333333 0.06537037037037037
0 0.6110937500000001 0.4626851851851852 0.026979166666666665 0.09333333333333334
