0 0.7673697916666666 0.45870370370370367 0.028177083333333335 0.10277777777777777
0 0.26684895833333333 0.4721296296296297 0.02265625 0.10333333333333333
0 0.5046354166666667 0.6326851851851851 0.07520833333333334 0.49296296296296294
0 0.5994531249999999 0.6562962962962963 0.10348958333333333 0.5648148148148148
0 0.10674479166666666 0.5788425925925925 0.12390625000000001 0.40175925925925926
0 0.22598958333333333 0.48250000000000004 0.024374999999999997 0.0987037037037037
0 0.42882812499999995 0.46949074074074076 0.02765625 0.055462962962962964
0 0.34966145833333334 0.46236111111111106 0.013385416666666667 0.06694444444444445
0 0.20989583333333334 0.4813425925925926 0.02333333333333333 0.10527777777777778
0 0.45815104166666665 0.5142592592592592 0.04515625 0.20888888888888887
0 0.9574999999999999 0.5861111111111111 0.08604166666666666 0.4340740740740741
0 0.3103645833333334 0.4522685185185185 0.011145833333333332 0.05398148148148148
0 0.33174479166666665 0.45374999999999993 0.01265625 0.05675925925925926
0 0.29742187500000006 0.45291666666666663 0.01140625 0.054907407407407405
0 0.6493750000000001 0.5176851851851852 0.04520833333333333 0.2338888888888889
