0 0.7775 0.6235648148148148 0.11437499999999999 0.6350925925925925
0 0.337890625 0.39888888888888885 0.046197916666666665 0.16925925925925928
0 0.12822916666666667 0.37689814814814815 0.021875 0.1100925925925926
0 0.45838541666666666 0.39393518518518517 0.02822916666666667 0.14064814814814816
0 0.5420312500000001 0.4145370370370371 0.03739583333333333 0.1548148148148148
0 0.5792447916666666 0.3923611111111111 0.018802083333333334 0.10787037037037037
0 0.9238802083333333 0.6309722222222223 0.14671874999999998 0.683425925925926
0 0.23177083333333334 0.386712962962963 0.02875 0.11861111111111111
0 0.48484374999999996 0.3945833333333333 0.027916666666666666 0.13453703703703704
0 0.7081770833333333 0.4486574074074074 0.056875 0.304537037037037
0 0.27515625000000005 0.38069444444444445 0.02625 0.11990740740740741
0 0.38057291666666665 0.365 0.012916666666666667 0.05740740740740741
0 0.108984375 0.3612037037037037 0.015885416666666666 0.0725925925925926
0 0.43453125 0.3799537037037037 0.016145833333333335 0.04472222222222222
0 0.2509635416666667 0.3882407407407408 0.018281250000000002 0.10277777777777777
