0 0.6971875 0.5233796296296296 0.06302083333333333 0.24157407407407405
0 0.2703125 0.4726388888888889 0.022916666666666665 0.10046296296296296
0 0.9380208333333333 0.6324537037037037 0.125 0.4713888888888889
0 0.5885677083333333 0.6589351851851851 0.11109375 0.5669444444444444
0 0.5018489583333333 0.6374074074074075 0.07140624999999999 0.4946296296296297
0 0.22622395833333334 0.48254629629629625 0.024010416666666666 0.09731481481481481
0 0.038697916666666665 0.5855092592592592 0.07291666666666667 0.43583333333333335
0 0.43375 0.5069444444444444 0.0340625 0.19481481481481483
0 0.210234375 0.48250000000000004 0.023177083333333334 0.1025925925925926
0 0.3491927083333334 0.4616203703703704 0.013385416666666667 0.0675
0 0.7449479166666667 0.45875 0.028541666666666667 0.11064814814814815
0 0.6323958333333334 0.46023148148148146 0.019270833333333334 0.08731481481481482
0 0.3092447916666667 0.4526851851851852 0.011822916666666666 0.05259259259259259
0 0.29192708333333334 0.4547685185185185 0.012187499999999999 0.055092592592592596
0 0.3275 0.4516203703703704 0.012187499999999999 0.05361111111111111
0 0.45575520833333333 0.47875000000000006 0.023177083333333334 0.08324074074074074
0 0.2811197916666667 0.4593518518518519 0.017760416666666667 0.07777777777777778
