0 0.5570572916666666 0.3684259259259259 0.08880208333333334 0.475
0 0.861953125 0.5560185185185185 0.15890625 0.8133333333333334
0 0.36015625 0.5375925925925926 0.15864583333333335 0.8796296296296297
0 0.6407291666666667 0.3746759259259259 0.05302083333333333 0.2826851851851852
0 0.74859375 0.3446296296296296 0.01885416666666667 0.10814814814814815
0 0.21028645833333334 0.5130092592592592 0.17286458333333332 0.9412037037037037
0 0.4775520833333333 0.3739351851851852 0.0990625 0.4317592592592593
0 0.7211979166666667 0.3436574074074074 0.012812500000000001 0.07564814814814814
0 0.7125 0.3411574074074074 0.011250000000000001 0.06509259259259259
0 0.7345833333333334 0.34018518518518515 0.01375 0.08499999999999999
0 0.9547656250000001 0.3456018518518518 0.014322916666666666 0.09916666666666667
0 0.7644270833333333 0.33134259259259263 0.012187499999999999 0.07138888888888888
