0 0.40481770833333336 0.3511111111111111 0.048177083333333336 0.225
0 0.6225 0.3376388888888889 0.034166666666666665 0.14564814814814817
0 0.06807291666666666 0.36106481481481484 0.057187499999999995 0.24842592592592594
0 0.5011458333333334 0.32773148148148146 0.027604166666666666 0.12916666666666668
0 0.9387239583333334 0.5680555555555555 0.12359375 0.7309259259259259
0 0.46375 0.3256018518518518 0.029062499999999998 0.1439814814814815
0 0.649296875 0.31592592592592594 0.019947916666666666 0.11314814814814815
0 0.5731770833333333 0.3262037037037037 0.0284375 0.14722222222222223
0 0.29526041666666664 0.32032407407407404 0.023020833333333334 0.10675925925925926
0 0.010338541666666666 0.30953703703703705 0.017864583333333333 0.09462962962962963
0 0.5306510416666667 0.3006018518518519 0.012864583333333334 0.05435185185185185
0 0.3676822916666667 0.3025925925925926 0.012864583333333334 0.061481481481481484
0 0.34781249999999997 0.30611111111111106 0.0125 0.06277777777777778
