0 0.42390625000000004 0.5110185185185185 0.03822916666666667 0.19592592592592592
0 0.27252604166666666 0.4728703703703704 0.020468749999999997 0.10018518518518518
0 0.5754687500000001 0.6611111111111111 0.09427083333333333 0.5688888888888889
0 0.7232291666666667 0.5245833333333333 0.06166666666666667 0.2565740740740741
0 0.501875 0.636435185185185 0.07375 0.4860185185185185
0 0.22638020833333333 0.4828240740740741 0.02546875 0.0987962962962963
0 0.9055208333333333 0.6131018518518518 0.08520833333333333 0.4489814814814815
0 0.34942708333333333 0.46162037037037035 0.0134375 0.06787037037037037
0 0.44861979166666666 0.47310185185185183 0.02755208333333333 0.07324074074074073
0 0.6262239583333334 0.46231481481481485 0.020989583333333332 0.09574074074074075
0 0.21036458333333333 0.48055555555555557 0.022916666666666665 0.1037037037037037
0 0.30648437500000003 0.45472222222222225 0.01328125 0.055185185185185184
0 0.2959895833333333 0.4549537037037037 0.013020833333333334 0.056388888888888884
0 0.3236197916666666 0.4514814814814815 0.012552083333333333 0.05240740740740741
0 0.28671875 0.4540740740740741 0.01875 0.06851851851851852
