0 0.6522916666666667 0.08324074074074074 0.0321875 0.10833333333333334
0 0.7896614583333333 0.13217592592592592 0.02890625 0.13824074074074075
0 0.3813541666666667 0.0738425925925926 0.029270833333333336 0.14583333333333334
0 0.20010416666666667 0.1775925925925926 0.028958333333333332 0.16740740740740742
0 0.5526041666666667 0.20300925925925925 0.030833333333333334 0.1600925925925926
0 0.23940104166666665 0.33999999999999997 0.03984375 0.2037037037037037
0 0.069609375 0.4115277777777778 0.025572916666666667 0.17101851851851851
0 0.9167447916666666 0.5209722222222222 0.04015625 0.19342592592592592
0 0.7352083333333332 0.637824074074074 0.05479166666666667 0.2263888888888889
0 0.16408854166666664 0.19532407407407407 0.028802083333333332 0.16046296296296297
0 0.23369791666666667 0.7849074074074075 0.0496875 0.24444444444444444
0 0.2936197916666667 0.13574074074074075 0.026614583333333334 0.15148148148148147
0 0.12729166666666666 0.1934722222222222 0.0278125 0.1525
0 0.378671875 0.2437037037037037 0.04276041666666666 0.10462962962962963
0 0.6205729166666667 0.22611111111111112 0.0265625 0.15166666666666667
0 0.686171875 0.2446296296296296 0.032552083333333336 0.1648148148148148
0 0.07541666666666667 0.6260648148148148 0.043645833333333335 0.22805555555555557
0 0.2919791666666667 0.3429166666666667 0.030729166666666665 0.18675925925925924
0 0.43770833333333337 0.32231481481481483 0.03354166666666667 0.16740740740740742
0 0.46848958333333335 0.27796296296296297 0.036562500000000005 0.17833333333333332
0 0.32242187499999997 0.3296296296296296 0.029947916666666668 0.17962962962962964
0 0.21184895833333334 0.05921296296296296 0.02484375 0.11601851851851852
0 0.41286458333333337 0.3151388888888889 0.036458333333333336 0.17620370370370372
0 0.26875 0.2602314814814815 0.030416666666666665 0.15546296296296297
0 0.11026041666666667 0.6699074074074074 0.03802083333333333 0.1975925925925926
0 0.2539322916666667 0.1076388888888889 0.02484375 0.15101851851851852
0 0.5660416666666667 0.9262037037037038 0.03625 0.14944444444444446
0 0.43044270833333337 0.22796296296296295 0.032135416666666666 0.17814814814814817
