0 0.22932291666666668 0.44435185185185183 0.1125 0.42962962962962964
0 0.4390104166666667 0.370462962962963 0.0315625 0.14981481481481482
0 0.5747135416666665 0.34402777777777777 0.017552083333333336 0.07472222222222223
0 0.4942708333333333 0.3739351851851852 0.028958333333333332 0.1391666666666667
0 0.33005208333333336 0.3602314814814815 0.022500000000000003 0.09768518518518518
0 0.03244791666666667 0.3834722222222222 0.0390625 0.14601851851851852
0 0.6463020833333334 0.3865277777777778 0.043958333333333335 0.23361111111111113
0 0.6102604166666666 0.36731481481481487 0.030104166666666664 0.13722222222222222
0 0.4705208333333334 0.3644907407407407 0.024687499999999998 0.07157407407407407
0 0.37236979166666667 0.34935185185185186 0.013802083333333333 0.06259259259259259
0 0.51296875 0.3449537037037037 0.015416666666666667 0.05898148148148148
0 0.5246354166666667 0.33916666666666667 0.011770833333333335 0.04759259259259259
0 0.35606770833333334 0.34865740740740736 0.014322916666666666 0.06509259259259259
