0 0.5422135416666667 0.3134722222222222 0.02713541666666667 0.13564814814814816
0 0.8385677083333333 0.5587500000000001 0.11442708333333333 0.7291666666666666
0 0.5887760416666665 0.3290740740740741 0.03421875 0.15166666666666667
0 0.3785677083333333 0.3176851851851852 0.023489583333333335 0.115
0 0.4246875 0.33601851851851855 0.03697916666666667 0.18203703703703702
0 0.4834375 0.31740740740740736 0.025 0.12203703703703704
0 0.45416666666666666 0.31754629629629627 0.029583333333333333 0.14250000000000002
0 0.05544270833333333 0.3231944444444444 0.027864583333333335 0.13398148148148148
0 0.26880208333333333 0.3086111111111111 0.02666666666666667 0.10518518518518517
0 0.137265625 0.33587962962962964 0.039427083333333335 0.20472222222222222
0 0.020624999999999998 0.29874999999999996 0.019166666666666665 0.0925
0 0.61015625 0.31203703703703706 0.0228125 0.11611111111111112
0 0.338203125 0.29865740740740737 0.012135416666666668 0.054907407407407405
0 0.9524739583333334 0.5608333333333334 0.09609375 0.7490740740740741
0 0.10979166666666666 0.3388425925925926 0.0325 0.17601851851851852
0 0.49380208333333336 0.2993981481481482 0.016770833333333336 0.07694444444444444
0 0.03140625 0.3031481481481481 0.018958333333333334 0.09425925925925925
0 0.36778645833333334 0.3058796296296296 0.021614583333333333 0.08324074074074074
0 0.3051041666666666 0.3069907407407407 0.012395833333333333 0.07064814814814814
