0 0.6524479166666667 0.08277777777777778 0.03270833333333333 0.1112962962962963
0 0.3784895833333333 0.24333333333333335 0.041562499999999995 0.10444444444444444
0 0.4329166666666666 0.2099074074074074 0.03947916666666666 0.16055555555555556
0 0.7893489583333333 0.05430555555555555 0.03109375 0.10675925925925926
0 0.6069531250000001 0.1413425925925926 0.03401041666666667 0.15787037037037038
0 0.7848697916666667 0.19375 0.031927083333333335 0.1502777777777778
0 0.8475520833333333 0.6576388888888889 0.053125 0.2212037037037037
0 0.193515625 0.8222685185185185 0.05057291666666666 0.24805555555555553
0 0.40510416666666665 0.14083333333333334 0.029479166666666667 0.15148148148148147
0 0.24528645833333332 0.2996759259259259 0.03463541666666667 0.17787037037037037
0 0.8626822916666668 0.16541666666666666 0.029635416666666668 0.15527777777777776
0 0.30359375 0.18828703703703703 0.030104166666666664 0.16064814814814815
0 0.19880208333333332 0.29337962962962966 0.03177083333333333 0.1673148148148148
0 0.91640625 0.5190740740740741 0.04052083333333333 0.19777777777777777
0 0.6763541666666666 0.854537037037037 0.04854166666666667 0.2638888888888889
0 0.13864583333333333 0.2025462962962963 0.030208333333333334 0.15842592592592591
0 0.750703125 0.055740740740740743 0.024427083333333332 0.10962962962962963
0 0.5070833333333333 0.43884259259259256 0.034687499999999996 0.20287037037037037
0 0.19096354166666665 0.45814814814814814 0.04265625 0.18185185185185185
0 0.4638802083333333 0.4530092592592593 0.03307291666666667 0.19953703703703704
0 0.14591145833333333 0.05611111111111111 0.02755208333333333 0.11037037037037037
0 0.9250520833333333 0.20337962962962963 0.0315625 0.1597222222222222
0 0.22270833333333334 0.45606481481481476 0.0334375 0.20120370370370372
0 0.9323697916666666 0.7432407407407408 0.047239583333333335 0.22777777777777777
0 0.241171875 0.1515277777777778 0.029635416666666668 0.16435185185185186
0 0.262109375 0.10490740740740741 0.02765625 0.13999999999999999
0 0.17734375 0.24208333333333337 0.0321875 0.18083333333333335
0 0.26450520833333335 0.28226851851851853 0.03057291666666667 0.1686111111111111
