0 0.13375 0.36796296296296294 0.03666666666666667 0.13648148148148148
0 0.087578125 0.3742592592592593 0.048281250000000005 0.1575925925925926
0 0.21755208333333334 0.4281944444444445 0.09552083333333333 0.38712962962962966
0 0.5808072916666667 0.3282407407407407 0.017447916666666667 0.07092592592592592
0 0.34437500000000004 0.3468981481481482 0.021979166666666668 0.09824074074074074
0 0.4611458333333333 0.35490740740740734 0.03260416666666667 0.1575925925925926
0 0.5107291666666667 0.3599074074074074 0.028541666666666667 0.13796296296296295
0 0.6492708333333334 0.3665277777777778 0.03145833333333333 0.20675925925925928
0 0.2828125 0.37495370370370373 0.025104166666666667 0.16175925925925924
0 0.380625 0.3372685185185185 0.015520833333333334 0.06898148148148148
0 0.48640625 0.3502314814814815 0.024270833333333335 0.06638888888888889
0 0.5423177083333334 0.3224537037037037 0.010364583333333333 0.04231481481481482
0 0.54890625 0.32157407407407407 0.0103125 0.03925925925925926
0 0.5293489583333334 0.32203703703703707 0.016510416666666666 0.06407407407407407
0 0.362890625 0.3406481481481482 0.032552083333333336 0.07611111111111112
