0 0.6520833333333333 0.0837962962962963 0.03239583333333333 0.10962962962962963
0 0.8578906249999999 0.07777777777777778 0.031302083333333335 0.1398148148148148
0 0.3784114583333333 0.24361111111111108 0.04140625 0.10537037037037036
0 0.16453125000000002 0.19828703703703704 0.029270833333333336 0.15712962962962962
0 0.7847135416666666 0.1213425925925926 0.028489583333333336 0.14083333333333334
0 0.22630208333333332 0.5745833333333334 0.0465625 0.22212962962962962
0 0.199765625 0.18185185185185185 0.02744791666666667 0.16648148148148148
0 0.12505208333333334 0.19435185185185183 0.0296875 0.15518518518518518
0 0.06971354166666667 0.4139351851851852 0.026510416666666665 0.17583333333333334
0 0.43130208333333336 0.22231481481481483 0.03135416666666667 0.1635185185185185
0 0.25453125 0.25101851851851853 0.03989583333333333 0.195
0 0.9165625 0.5210648148148148 0.04072916666666667 0.19342592592592592
0 0.38111979166666665 0.07425925925925926 0.028697916666666667 0.14666666666666667
0 0.7498958333333333 0.6399074074074075 0.050625 0.2262962962962963
0 0.13385416666666666 0.5161574074074075 0.03166666666666666 0.18675925925925924
0 0.5068229166666666 0.18518518518518517 0.03625 0.16925925925925928
0 0.6094791666666667 0.1773611111111111 0.027291666666666665 0.15898148148148147
0 0.5710677083333333 0.18967592592592591 0.029739583333333333 0.16824074074074072
0 0.4788802083333333 0.17226851851851852 0.024635416666666667 0.14212962962962963
0 0.46804687500000003 0.42087962962962966 0.040052083333333335 0.18101851851851852
0 0.14171874999999998 0.8065277777777777 0.0478125 0.2449074074074074
0 0.27375 0.45078703703703704 0.03697916666666667 0.2062037037037037
0 0.4352604166666667 0.41884259259259254 0.043437500000000004 0.1925
0 0.09361979166666666 0.6387037037037038 0.047135416666666666 0.21703703703703706
0 0.28171874999999996 0.19 0.0284375 0.16074074074074074
0 0.318203125 0.45157407407407407 0.03348958333333333 0.19574074074074074
0 0.409296875 0.17319444444444446 0.025364583333333336 0.16064814814814815
0 0.20552083333333332 0.07611111111111112 0.029895833333333333 0.15037037037037038
0 0.5054947916666667 0.9222685185185185 0.03984375 0.15731481481481482
