0 0.50109375 0.49921296296296297 0.04927083333333333 0.10064814814814815
0 0.23458333333333334 0.546574074074074 0.0553125 0.28870370370370374
0 0.6082552083333332 0.6805555555555556 0.10598958333333333 0.6383333333333333
0 0.41338541666666667 0.529074074074074 0.0615625 0.29
0 0.31265624999999997 0.5544444444444444 0.06489583333333333 0.29555555555555557
0 0.44729166666666664 0.4808333333333333 0.029166666666666667 0.1525925925925926
0 0.3624739583333333 0.5309259259259259 0.05734375 0.2659259259259259
0 0.8998697916666667 0.6241666666666665 0.20130208333333333 0.7535185185185185
0 0.27882812500000004 0.46347222222222223 0.01265625 0.062129629629629625
0 0.26705729166666664 0.4666666666666667 0.01359375 0.06166666666666666
