0 0.6526302083333333 0.08287037037037037 0.032552083333333336 0.10925925925925926
0 0.3784635416666667 0.2429166666666667 0.04130208333333333 0.10435185185185185
0 0.7868489583333333 0.07175925925925926 0.031822916666666666 0.1325925925925926
0 0.4344270833333333 0.21388888888888888 0.034687499999999996 0.15925925925925927
0 0.29411458333333335 0.6118981481481481 0.058854166666666666 0.22657407407407407
0 0.9162760416666667 0.5172222222222222 0.04765625 0.19685185185185183
0 0.19622395833333334 0.3699537037037037 0.03588541666666667 0.1900925925925926
0 0.30130208333333336 0.18449074074074073 0.03260416666666667 0.16194444444444445
0 0.8451822916666667 0.6542592592592593 0.05046875 0.21851851851851853
0 0.20041666666666666 0.1838888888888889 0.027083333333333334 0.1587037037037037
0 0.11723958333333334 0.30995370370370373 0.03625 0.1863888888888889
0 0.8660677083333332 0.27402777777777776 0.038802083333333334 0.18101851851851852
0 0.14796875 0.3147685185185185 0.031875 0.17287037037037037
0 0.4045833333333333 0.14467592592592593 0.02333333333333333 0.14472222222222222
0 0.16309895833333332 0.19305555555555556 0.02734375 0.15648148148148147
0 0.23005208333333332 0.17 0.02802083333333333 0.14425925925925928
0 0.19799479166666664 0.06018518518518518 0.028385416666666666 0.11851851851851852
0 0.2724739583333333 0.1412037037037037 0.023489583333333335 0.14148148148148149
0 0.23427083333333332 0.060231481481481476 0.030625 0.11842592592592593
0 0.13510416666666666 0.1986111111111111 0.025208333333333333 0.1496296296296296
0 0.24921875 0.15935185185185188 0.025520833333333333 0.16
0 0.6063802083333333 0.9284722222222223 0.055572916666666666 0.1449074074074074
0 0.8391927083333334 0.04189814814814815 0.03036458333333333 0.08194444444444444
0 0.5125520833333334 0.930601851851852 0.03666666666666667 0.14064814814814816
