0 0.6139583333333333 0.3819907407407407 0.0334375 0.14564814814814817
0 0.3076041666666666 0.42370370370370375 0.07322916666666666 0.3496296296296296
0 0.6711197916666668 0.3675925925925926 0.019947916666666666 0.11611111111111112
0 0.4862239583333333 0.37199074074074073 0.026302083333333334 0.1289814814814815
0 0.5269010416666666 0.3457407407407408 0.014739583333333334 0.05851851851851852
0 0.44703125 0.36879629629629623 0.0296875 0.14185185185185184
0 0.5713802083333334 0.37620370370370365 0.02755208333333333 0.1585185185185185
0 0.37997395833333336 0.34564814814814815 0.013385416666666667 0.06222222222222223
0 0.35640625 0.34425925925925926 0.0140625 0.07092592592592592
0 0.3690104166666667 0.34476851851851853 0.017291666666666667 0.06768518518518518
0 0.20015625 0.4102314814814815 0.07083333333333333 0.28138888888888886
0 0.5113541666666667 0.3434259259259259 0.019270833333333334 0.053703703703703705
