0 0.038776041666666664 0.37222222222222223 0.039635416666666666 0.185
0 0.8194010416666667 0.5899074074074074 0.12515625 0.6972222222222222
0 0.3840625 0.3541666666666667 0.044270833333333336 0.19314814814814815
0 0.6222135416666668 0.36166666666666664 0.03671875 0.15314814814814814
0 0.65640625 0.33870370370370373 0.019375 0.10777777777777778
0 0.5158333333333334 0.35027777777777774 0.034270833333333334 0.16925925925925928
0 0.2944531249999999 0.3439351851851852 0.031302083333333335 0.14824074074074073
0 0.5968489583333334 0.3402314814814815 0.026197916666666664 0.1275
0 0.16502604166666668 0.33287037037037037 0.02140625 0.11444444444444445
0 0.44802083333333337 0.31949074074074074 0.011458333333333333 0.057129629629629634
0 0.9405729166666666 0.5821759259259259 0.11989583333333333 0.7360185185185185
0 0.5715364583333334 0.31787037037037036 0.01265625 0.05203703703703704
0 0.4135937499999999 0.31796296296296295 0.012812500000000001 0.05462962962962963
0 0.49143229166666663 0.3401388888888889 0.020364583333333335 0.1100925925925926
0 0.556796875 0.3243981481481481 0.014010416666666666 0.06231481481481481
0 0.5420312500000001 0.3465740740740741 0.028645833333333332 0.13277777777777777
0 0.31502604166666665 0.33083333333333337 0.01984375 0.10944444444444444
