0 0.6525 0.08199074074074074 0.03260416666666667 0.10935185185185185
0 0.37856770833333336 0.2425462962962963 0.04140625 0.10601851851851851
0 0.300859375 0.18759259259259262 0.032135416666666666 0.16148148148148148
0 0.917578125 0.5176388888888889 0.03911458333333333 0.1975
0 0.42231770833333326 0.20347222222222222 0.028697916666666667 0.16324074074074074
0 0.7900781250000001 0.08888888888888889 0.031302083333333335 0.13722222222222222
0 0.8462760416666667 0.6552777777777778 0.05223958333333333 0.21796296296296297
0 0.17247395833333332 0.5666203703703703 0.04078125 0.21398148148148147
0 0.7657552083333333 0.13907407407407407 0.026093750000000002 0.15222222222222223
0 0.2619270833333333 0.15467592592592594 0.03197916666666666 0.16583333333333333
0 0.15914062499999998 0.2474074074074074 0.03036458333333333 0.18185185185185185
0 0.24721354166666665 0.2878240740740741 0.029114583333333333 0.1775
0 0.18726562500000002 0.2561111111111111 0.028072916666666666 0.1637037037037037
0 0.14638020833333334 0.056296296296296296 0.02723958333333333 0.11074074074074074
0 0.4047916666666667 0.1415277777777778 0.027708333333333335 0.14712962962962964
0 0.22177083333333333 0.29074074074074074 0.03625 0.16611111111111113
0 0.5986197916666666 0.6935185185185185 0.04203125 0.22703703703703704
0 0.13499999999999998 0.19944444444444445 0.026145833333333333 0.15462962962962962
0 0.23434895833333333 0.15203703703703703 0.028802083333333332 0.15592592592592594
0 0.56421875 0.7153703703703704 0.03854166666666667 0.2361111111111111
0 0.317578125 0.6518055555555556 0.03463541666666667 0.24027777777777778
0 0.8338802083333333 0.14819444444444446 0.03078125 0.16046296296296297
