0 0.651953125 0.08203703703703703 0.03203125 0.10851851851851853
0 0.37830729166666666 0.24365740740740738 0.04161458333333334 0.1050925925925926
0 0.788828125 0.13546296296296298 0.029010416666666667 0.14055555555555557
0 0.23218750000000002 0.42643518518518514 0.04302083333333333 0.21916666666666665
0 0.38158854166666667 0.07430555555555556 0.02890625 0.14675925925925926
0 0.7364062499999999 0.6377777777777779 0.05479166666666667 0.22722222222222221
0 0.19947916666666668 0.18365740740740744 0.028541666666666667 0.16194444444444445
0 0.9169010416666666 0.5201851851851852 0.03984375 0.19462962962962962
0 0.2751041666666667 0.264537037037037 0.0421875 0.18296296296296297
0 0.5391666666666667 0.25143518518518515 0.036145833333333335 0.1599074074074074
0 0.07567708333333334 0.6232407407407408 0.044375000000000005 0.23537037037037037
0 0.09153645833333333 0.42273148148148143 0.02890625 0.17712962962962964
0 0.45455729166666664 0.26569444444444446 0.04390625 0.16805555555555557
0 0.12354166666666667 0.1965740740740741 0.025833333333333333 0.1537037037037037
0 0.16356770833333334 0.19592592592592595 0.028072916666666666 0.15722222222222224
0 0.6901562499999999 0.24356481481481482 0.0328125 0.15583333333333335
0 0.7791927083333333 0.2823148148148148 0.032656250000000005 0.18
0 0.7197916666666667 0.2718055555555556 0.022708333333333334 0.15416666666666667
0 0.023619791666666667 0.8075462962962963 0.03588541666666667 0.21953703703703703
0 0.21403645833333332 0.11101851851851853 0.02703125 0.14944444444444446
0 0.293046875 0.13541666666666666 0.02265625 0.15194444444444444
0 0.25114583333333335 0.17351851851851852 0.025833333333333333 0.13462962962962963
0 0.26695312499999996 0.11374999999999999 0.029947916666666668 0.1537962962962963
0 0.47796874999999994 0.24731481481481485 0.027916666666666666 0.15185185185185185
0 0.4304947916666667 0.2201851851851852 0.032656250000000005 0.17185185185185184
0 0.24226562499999998 0.10041666666666667 0.02723958333333333 0.1412037037037037
0 0.1443229166666667 0.16837962962962963 0.024687499999999998 0.16583333333333333
0 0.988671875 0.3587037037037037 0.023697916666666666 0.18222222222222223
