0 0.9049739583333333 0.6558333333333333 0.04171875 0.18592592592592594
0 0.9380729166666667 0.5737037037037037 0.02364583333333333 0.10074074074074074
0 0.124609375 0.6082870370370371 0.030677083333333334 0.13398148148148148
0 0.7123958333333335 0.5240277777777779 0.016041666666666666 0.06435185185185185
0 0.09781250000000001 0.6018055555555555 0.0284375 0.13157407407407407
0 0.20757812499999997 0.5875 0.023072916666666665 0.10500000000000001
0 0.2375520833333333 0.5829166666666667 0.021041666666666667 0.12009259259259258
0 0.3758072916666667 0.5181481481481481 0.010885416666666667 0.05851851851851852
0 0.3369010416666667 0.5113888888888889 0.010677083333333334 0.05703703703703704
0 0.8265104166666667 0.5117129629629631 0.014479166666666666 0.059166666666666666
0 0.485078125 0.4853240740740741 0.007135416666666667 0.029537037037037035
0 0.18768229166666667 0.5879166666666668 0.021718750000000002 0.10824074074074075
0 0.7858854166666667 0.5149537037037036 0.012916666666666667 0.05324074074074074
0 0.16744791666666667 0.5822222222222223 0.016354166666666666 0.08722222222222223
0 0.6084895833333334 0.4863425925925926 0.0090625 0.04231481481481482
0 0.6362760416666667 0.5012037037037038 0.012447916666666666 0.04666666666666667
0 0.6853125 0.5065277777777777 0.0125 0.05101851851851852
0 0.25296875 0.560462962962963 0.018125 0.09185185185185185
0 0.6154427083333334 0.490324074074074 0.00984375 0.04083333333333333
0 0.6272135416666667 0.49782407407407403 0.010572916666666666 0.04287037037037037
0 0.8120833333333334 0.5109259259259259 0.013020833333333334 0.053703703703703705
0 0.36268229166666666 0.5124537037037037 0.010052083333333333 0.05009259259259259
0 0.8929947916666666 0.5537037037037037 0.02109375 0.0961111111111111
0 0.6659114583333333 0.5036574074074074 0.010989583333333334 0.043611111111111114
0 0.701171875 0.5121296296296296 0.022135416666666668 0.05592592592592593
