0 0.8150260416666666 0.555 0.11276041666666667 0.6816666666666668
0 0.30874999999999997 0.3468981481481481 0.0546875 0.20083333333333334
0 0.42669270833333334 0.3224537037037037 0.028802083333333332 0.10972222222222222
0 0.9417447916666666 0.5536111111111112 0.11755208333333332 0.7344444444444445
0 0.46648437500000006 0.3353703703703704 0.03692708333333334 0.1688888888888889
0 0.5906770833333334 0.33328703703703705 0.033229166666666664 0.1486111111111111
0 0.55515625 0.31745370370370374 0.025 0.12731481481481483
0 0.09666666666666666 0.32925925925925925 0.024166666666666666 0.1225925925925926
0 0.61703125 0.3124074074074074 0.018229166666666668 0.10500000000000001
0 0.19460937500000003 0.33805555555555555 0.026927083333333334 0.1627777777777778
0 0.49744791666666666 0.32546296296296295 0.024583333333333336 0.1225925925925926
0 0.07622395833333334 0.3058796296296296 0.017239583333333332 0.07490740740740741
0 0.2744010416666667 0.32263888888888886 0.026822916666666665 0.10657407407407407
0 0.40125 0.30504629629629626 0.012083333333333333 0.055462962962962964
0 0.36322916666666666 0.3052314814814815 0.011458333333333333 0.05620370370370371
0 0.3563541666666667 0.3075 0.013229166666666665 0.05407407407407407
0 0.34927083333333336 0.3047685185185185 0.012395833333333333 0.054907407407407405
0 0.5126041666666666 0.3005092592592592 0.014166666666666666 0.059537037037037034
0 0.11013020833333333 0.3179166666666667 0.017135416666666667 0.08935185185185185
0 0.33489583333333334 0.3137962962962963 0.015000000000000001 0.0725925925925926
