0 0.6526041666666667 0.08319444444444445 0.03229166666666667 0.11157407407407408
0 0.37864583333333335 0.2437037037037037 0.041041666666666664 0.10444444444444444
0 0.7870572916666667 0.07351851851851851 0.03140625 0.13537037037037036
0 0.21510416666666668 0.6066203703703703 0.054375 0.23305555555555554
0 0.7892447916666666 0.21472222222222223 0.02713541666666667 0.16499999999999998
0 0.265234375 0.2054166666666667 0.024739583333333332 0.1675
0 0.43335937500000005 0.21416666666666667 0.029114583333333333 0.15722222222222224
0 0.8595052083333333 0.22393518518518518 0.03619791666666667 0.17342592592592593
0 0.18026041666666665 0.43712962962962965 0.036145833333333335 0.2001851851851852
0 0.30627604166666667 0.18578703703703703 0.02723958333333333 0.1649074074074074
0 0.9163541666666666 0.5202777777777777 0.051145833333333335 0.19666666666666668
0 0.2355989583333333 0.20662037037037034 0.03296875 0.15194444444444444
0 0.5701041666666666 0.046435185185185184 0.03291666666666667 0.09101851851851851
0 0.8453385416666667 0.6555092592592593 0.05098958333333334 0.2212037037037037
0 0.20013020833333334 0.18583333333333332 0.025156249999999998 0.15703703703703703
0 0.6816927083333333 0.8982407407407408 0.048177083333333336 0.20537037037037037
0 0.40369791666666666 0.1475462962962963 0.026041666666666668 0.14675925925925926
0 0.7282291666666667 0.8848148148148148 0.048749999999999995 0.23222222222222225
0 0.22546875000000002 0.09398148148148149 0.0284375 0.1511111111111111
0 0.142421875 0.2774537037037037 0.03244791666666667 0.18546296296296297
0 0.16984375 0.2840740740740741 0.03145833333333333 0.1648148148148148
0 0.263359375 0.10018518518518518 0.024739583333333332 0.13518518518518519
0 0.1303125 0.1963888888888889 0.026979166666666665 0.16074074074074074
0 0.45083333333333336 0.9266666666666667 0.044375000000000005 0.14851851851851852
