0 0.5010416666666667 0.4988425925925926 0.051458333333333335 0.10361111111111111
0 0.44927083333333334 0.47347222222222224 0.02802083333333333 0.07175925925925926
0 0.27859375 0.558425925925926 0.0596875 0.29277777777777775
0 0.20640625 0.4618055555555556 0.022708333333333334 0.09787037037037037
0 0.7861979166666667 0.4562962962962963 0.030729166666666665 0.11629629629629629
0 0.34572916666666664 0.5372685185185185 0.04625 0.2573148148148148
0 0.6652083333333334 0.46064814814814814 0.018229166666666668 0.09518518518518518
0 0.5354687499999999 0.46171296296296294 0.0215625 0.1050925925925926
0 0.2288541666666667 0.46398148148148144 0.021979166666666668 0.0812962962962963
0 0.4292708333333334 0.4691666666666667 0.029166666666666667 0.05611111111111111
0 0.5591666666666666 0.4993518518518518 0.020104166666666666 0.1025925925925926
0 0.949375 0.5832407407407407 0.10229166666666667 0.4537037037037037
0 0.5823958333333333 0.4543055555555555 0.021249999999999998 0.10138888888888889
0 0.5767447916666666 0.5002314814814814 0.017239583333333332 0.10824074074074075
0 0.313828125 0.48620370370370375 0.021822916666666668 0.1275925925925926
0 0.37497395833333336 0.530787037037037 0.02890625 0.1875
