0 0.6470572916666666 0.4535648148148148 0.02328125 0.11546296296296296
0 0.2850520833333333 0.43194444444444446 0.0196875 0.08981481481481482
0 0.46380208333333334 0.46708333333333335 0.03729166666666666 0.16157407407407406
0 0.927578125 0.6399074074074074 0.12546875 0.722037037037037
0 0.38885416666666667 0.4374074074074074 0.024166666666666666 0.11333333333333334
0 0.31789062500000004 0.42226851851851854 0.014427083333333333 0.06472222222222222
0 0.3672916666666667 0.4376851851851852 0.022083333333333333 0.11
0 0.17778645833333334 0.42916666666666664 0.020572916666666666 0.09055555555555556
0 0.440078125 0.43657407407407406 0.02359375 0.11074074074074074
0 0.26002604166666665 0.42629629629629634 0.019010416666666665 0.04870370370370371
0 0.1640625 0.4273148148148148 0.0146875 0.07981481481481481
