0 0.9545833333333333 0.7261574074074074 0.06010416666666667 0.24953703703703703
0 0.9134635416666668 0.5735648148148148 0.028802083333333332 0.10490740740740741
0 0.029791666666666668 0.6327777777777778 0.028645833333333332 0.1261111111111111
0 0.09317708333333334 0.6246759259259259 0.028541666666666667 0.14824074074074073
0 0.13390625 0.5883796296296296 0.022916666666666665 0.11527777777777778
0 0.059270833333333335 0.6283333333333333 0.027083333333333334 0.12222222222222222
0 0.6745312499999999 0.5290277777777778 0.015208333333333332 0.07212962962962964
0 0.2559895833333333 0.5190740740740741 0.011458333333333333 0.060925925925925925
0 0.5534635416666667 0.4892592592592592 0.009635416666666667 0.04055555555555555
0 0.30052083333333335 0.5261574074074075 0.012604166666666666 0.0612037037037037
0 0.7606510416666666 0.5138888888888888 0.013697916666666667 0.06111111111111111
0 0.5896875 0.5074074074074074 0.012291666666666668 0.05037037037037037
0 0.7342708333333333 0.5209259259259258 0.014270833333333333 0.054259259259259264
0 0.4081770833333333 0.4885185185185185 0.008125 0.02981481481481482
0 0.6540885416666667 0.511898148148148 0.012135416666666668 0.05101851851851852
0 0.28677083333333336 0.5191203703703704 0.0109375 0.05620370370370371
0 0.5803906249999999 0.5042129629629629 0.009947916666666667 0.04657407407407407
0 0.57203125 0.4983796296296296 0.01 0.0412037037037037
0 0.7431510416666666 0.5209722222222222 0.012552083333333333 0.05398148148148148
0 0.6404947916666667 0.5081944444444445 0.01046875 0.04694444444444445
0 0.6077343749999999 0.5056018518518518 0.010260416666666666 0.045648148148148146
0 0.5591666666666666 0.4925925925925926 0.011041666666666667 0.04333333333333333
