0 0.93765625 0.5979629629629629 0.12572916666666667 0.48462962962962963
0 0.294921875 0.41268518518518515 0.018697916666666665 0.09166666666666666
0 0.44731770833333334 0.44537037037037036 0.03786458333333333 0.15833333333333333
0 0.26005208333333335 0.40791666666666665 0.020833333333333332 0.04638888888888889
0 0.659375 0.43171296296296297 0.023958333333333335 0.11638888888888889
0 0.31802083333333336 0.400787037037037 0.015520833333333334 0.06509259259259259
0 0.17122395833333334 0.4123148148148148 0.018593750000000003 0.08277777777777778
0 0.3609375 0.4194907407407408 0.023125 0.1126851851851852
0 0.381875 0.4165740740740741 0.026041666666666668 0.11685185185185186
0 0.3985416666666666 0.41379629629629633 0.0190625 0.10388888888888889
0 0.14934895833333334 0.4075462962962963 0.010260416666666666 0.05324074074074074
