0 0.652578125 0.08222222222222224 0.03203125 0.10962962962962963
0 0.3784635416666667 0.24310185185185187 0.04151041666666667 0.10435185185185185
0 0.26255208333333335 0.05888888888888889 0.0253125 0.11592592592592593
0 0.43411458333333336 0.20916666666666667 0.04041666666666666 0.16203703703703703
0 0.7854947916666666 0.14601851851851852 0.03109375 0.1438888888888889
0 0.16736979166666668 0.7072685185185186 0.04505208333333333 0.2386111111111111
0 0.196328125 0.37379629629629635 0.04296875 0.16555555555555557
0 0.58078125 0.06689814814814815 0.029895833333333333 0.12824074074074074
0 0.8473437500000001 0.6552314814814815 0.05385416666666667 0.2187962962962963
0 0.8944270833333333 0.1201851851851852 0.028645833333333332 0.15333333333333332
0 0.917109375 0.5188888888888888 0.039947916666666666 0.1962962962962963
0 0.3059635416666666 0.1899537037037037 0.030885416666666665 0.1628703703703704
0 0.17481770833333335 0.2400925925925926 0.03682291666666667 0.18092592592592593
0 0.2646614583333333 0.23620370370370372 0.032239583333333335 0.17351851851851852
0 0.4877083333333333 0.5553703703703703 0.036875 0.2162962962962963
0 0.8358072916666667 0.09046296296296295 0.026822916666666665 0.13629629629629628
0 0.5333072916666667 0.5428703703703703 0.038489583333333334 0.2162962962962963
0 0.40648437499999995 0.14157407407407407 0.028281249999999997 0.15092592592592594
0 0.7518229166666667 0.08226851851851852 0.02645833333333333 0.14305555555555555
0 0.13825520833333332 0.1999537037037037 0.02755208333333333 0.15416666666666667
0 0.14617187499999998 0.057361111111111106 0.028281249999999997 0.11231481481481481
0 0.22955729166666666 0.228287037037037 0.03015625 0.16175925925925924
0 0.23869791666666665 0.3770833333333333 0.029062499999999998 0.18583333333333332
