0 0.7766927083333334 0.6062962962962962 0.11036458333333334 0.6511111111111112
0 0.918671875 0.6153240740740741 0.15692708333333333 0.6975
0 0.566953125 0.39305555555555555 0.03567708333333333 0.1496296296296296
0 0.01973958333333333 0.3900462962962963 0.0384375 0.18287037037037038
0 0.360078125 0.37680555555555556 0.04213541666666667 0.1787962962962963
0 0.484375 0.3761574074074074 0.0275 0.1449074074074074
0 0.14953125 0.35754629629629625 0.0209375 0.10546296296296297
0 0.6103906250000001 0.3697685185185185 0.019010416666666665 0.10916666666666668
0 0.5099479166666667 0.3768518518518518 0.026041666666666668 0.1340740740740741
0 0.26453125 0.3640277777777778 0.025729166666666668 0.11898148148148148
0 0.41203125 0.3480092592592593 0.013541666666666667 0.0625
0 0.133359375 0.33620370370370367 0.01421875 0.06703703703703705
0 0.46645833333333336 0.35490740740740734 0.0165625 0.05537037037037037
0 0.39195312499999996 0.34921296296296295 0.013697916666666667 0.06194444444444445
0 0.38348958333333333 0.3487962962962963 0.021145833333333332 0.07611111111111112
