0 0.652265625 0.0836574074074074 0.032135416666666666 0.10916666666666668
0 0.7715625 0.065 0.029062499999999998 0.12814814814814815
0 0.37843750000000004 0.24388888888888888 0.042083333333333334 0.1037037037037037
0 0.21114583333333334 0.653425925925926 0.051666666666666666 0.23
0 0.9094531250000001 0.12708333333333333 0.031927083333333335 0.15101851851851852
0 0.0703125 0.4122222222222222 0.026979166666666665 0.17555555555555555
0 0.25484375 0.2001388888888889 0.03833333333333333 0.18416666666666667
0 0.91609375 0.5217592592592593 0.041875 0.19666666666666668
0 0.4297395833333333 0.21884259259259262 0.03104166666666667 0.1612037037037037
0 0.20372395833333334 0.18337962962962964 0.030052083333333333 0.1676851851851852
0 0.5315885416666667 0.1477314814814815 0.032552083333333336 0.16620370370370371
0 0.23361979166666666 0.12078703703703703 0.02921875 0.1575
0 0.48572916666666666 0.5012037037037037 0.0359375 0.1824074074074074
0 0.5 0.11486111111111112 0.03239583333333333 0.15824074074074074
0 0.8128385416666667 0.6725000000000001 0.04473958333333334 0.2288888888888889
0 0.13880208333333333 0.4215277777777778 0.030000000000000002 0.1713888888888889
0 0.16070312499999997 0.20277777777777778 0.028281249999999997 0.1585185185185185
0 0.838671875 0.05486111111111111 0.03505208333333333 0.10787037037037037
0 0.125703125 0.20125 0.028802083333333332 0.15194444444444444
0 0.454375 0.5024074074074074 0.040937499999999995 0.19277777777777777
0 0.28656249999999994 0.5426388888888889 0.03520833333333333 0.20472222222222222
0 0.5585677083333334 0.14578703703703702 0.026822916666666665 0.1486111111111111
0 0.39153645833333334 0.17055555555555554 0.026302083333333334 0.15833333333333333
0 0.24190104166666668 0.5376851851851852 0.03890625 0.22
0 0.2792708333333333 0.17166666666666663 0.0228125 0.15888888888888889
0 0.9745833333333334 0.5778703703703704 0.0325 0.20037037037037037
0 0.5044010416666667 0.9218981481481481 0.04026041666666667 0.15805555555555553
0 0.21661458333333333 0.9223611111111111 0.04864583333333334 0.15712962962962962
0 0.3823697916666667 0.07694444444444445 0.025052083333333332 0.14148148148148149
