0 0.6522395833333333 0.08407407407407406 0.03197916666666666 0.11074074074074074
0 0.37843750000000004 0.24314814814814817 0.04135416666666667 0.10518518518518517
0 0.7871354166666668 0.07018518518518518 0.03114583333333333 0.13425925925925927
0 0.43442708333333335 0.21430555555555555 0.034583333333333334 0.15731481481481482
0 0.20690104166666667 0.3484259259259259 0.03505208333333333 0.1827777777777778
0 0.91421875 0.5196759259259259 0.0496875 0.19324074074074074
0 0.8545052083333334 0.05134259259259259 0.028385416666666666 0.09694444444444444
0 0.14096354166666666 0.32819444444444446 0.03203125 0.17027777777777778
0 0.104921875 0.3183796296296296 0.030677083333333334 0.18472222222222223
0 0.8452864583333333 0.6549074074074075 0.05088541666666667 0.2151851851851852
0 0.8736718749999999 0.2992592592592592 0.03630208333333333 0.18333333333333332
0 0.2678125 0.15643518518518518 0.022500000000000003 0.1449074074074074
0 0.30515624999999996 0.18509259259259256 0.0259375 0.16592592592592592
0 0.16341145833333334 0.19611111111111112 0.02671875 0.16
0 0.12955729166666666 0.20041666666666666 0.029427083333333333 0.1486111111111111
0 0.19966145833333332 0.18481481481481485 0.02671875 0.16555555555555557
0 0.336875 0.6236111111111111 0.045625 0.22555555555555554
0 0.24067708333333332 0.14763888888888888 0.025208333333333333 0.1534259259259259
0 0.4034375 0.14791666666666667 0.022500000000000003 0.14305555555555555
0 0.601328125 0.9098611111111111 0.06411458333333334 0.1821296296296296
0 0.2196354166666667 0.1575925925925926 0.0271875 0.1496296296296296
