0 0.7767447916666667 0.7468981481481481 0.04244791666666667 0.2013888888888889
0 0.7345572916666667 0.6901851851851851 0.04807291666666667 0.19444444444444445
0 0.8742968750000001 0.6246759259259259 0.026510416666666665 0.12842592592592592
0 0.8442447916666667 0.7162037037037037 0.03911458333333333 0.19703703703703704
0 0.04479166666666667 0.7206018518518519 0.0265625 0.16435185185185186
0 0.769765625 0.5762962962962963 0.020260416666666666 0.08481481481481482
0 0.8155208333333334 0.5750925925925926 0.01885416666666667 0.09462962962962963
0 0.7274739583333333 0.5772222222222222 0.026406250000000003 0.09
0 0.010677083333333334 0.7487037037037038 0.019895833333333335 0.16092592592592594
0 0.7920572916666667 0.5741203703703704 0.015156250000000001 0.08601851851851852
0 0.024036458333333337 0.7350925925925925 0.017760416666666667 0.1474074074074074
0 0.718515625 0.5200925925925927 0.011927083333333333 0.04537037037037037
0 0.7133333333333334 0.5337037037037037 0.011145833333333332 0.04351851851851852
0 0.741640625 0.574212962962963 0.024739583333333332 0.08194444444444444
