0 0.3782552083333333 0.2434722222222222 0.04182291666666667 0.10527777777777778
0 0.6518750000000001 0.0839351851851852 0.0325 0.11138888888888888
0 0.43226562500000004 0.20925925925925926 0.037760416666666664 0.15925925925925927
0 0.9386197916666668 0.2226388888888889 0.03609375 0.16435185185185186
0 0.501953125 0.4128240740740741 0.039635416666666666 0.19787037037037036
0 0.7439322916666667 0.05018518518518518 0.02546875 0.09685185185185184
0 0.8470833333333333 0.655 0.05479166666666667 0.21925925925925926
0 0.7837239583333333 0.21291666666666664 0.03505208333333333 0.1499074074074074
0 0.8723437500000001 0.18263888888888888 0.030729166666666665 0.16083333333333333
0 0.19385416666666666 0.8568981481481482 0.04635416666666667 0.2500925925925926
0 0.236328125 0.3184259259259259 0.03651041666666666 0.17944444444444446
0 0.7780468749999999 0.04921296296296296 0.031822916666666666 0.09657407407407408
0 0.6173177083333333 0.15800925925925924 0.03203125 0.15935185185185186
0 0.40572916666666664 0.1412037037037037 0.028854166666666667 0.15462962962962962
0 0.9168229166666667 0.5191203703703704 0.04052083333333333 0.1975
0 0.13395833333333332 0.2036111111111111 0.029062499999999998 0.15351851851851853
0 0.221953125 0.48259259259259263 0.03401041666666667 0.2012962962962963
0 0.45924479166666665 0.41865740740740737 0.03567708333333333 0.19212962962962962
0 0.6597916666666667 0.8010185185185186 0.04802083333333333 0.24537037037037038
0 0.190546875 0.3130555555555556 0.03369791666666667 0.1764814814814815
0 0.2703125 0.2980092592592593 0.033229166666666664 0.16527777777777777
0 0.24440104166666668 0.15199074074074076 0.027760416666666666 0.16620370370370371
0 0.3009375 0.18930555555555553 0.028854166666666667 0.15953703703703706
0 0.18572916666666667 0.4817592592592592 0.042499999999999996 0.1875925925925926
0 0.9313802083333333 0.7406944444444444 0.04901041666666666 0.23305555555555554
0 0.164375 0.19356481481481483 0.0278125 0.1613888888888889
0 0.26611979166666666 0.12314814814814815 0.028802083333333332 0.1488888888888889
0 0.17554687500000002 0.062037037037037036 0.02546875 0.12222222222222222
0 0.23880208333333333 0.06560185185185186 0.025729166666666668 0.12435185185185187
0 0.21502604166666667 0.05731481481481481 0.025885416666666668 0.1112962962962963
0 0.13739583333333333 0.057777777777777775 0.026770833333333334 0.10944444444444444
