0 0.882265625 0.5982407407407406 0.032552083333333336 0.12
0 0.831484375 0.5981481481481481 0.029739583333333333 0.1174074074074074
0 0.7359114583333333 0.5409259259259259 0.01963541666666667 0.0937037037037037
0 0.7747395833333334 0.5181018518518518 0.017083333333333332 0.07712962962962963
0 0.7954947916666666 0.5317592592592593 0.021197916666666667 0.07851851851851852
0 0.28838541666666667 0.5595833333333333 0.017812500000000002 0.08675925925925926
0 0.03153645833333333 0.7416203703703704 0.024427083333333332 0.09972222222222223
0 0.12864583333333332 0.6296759259259259 0.024166666666666666 0.13824074074074075
0 0.08203125 0.6237037037037038 0.023958333333333335 0.1425925925925926
0 0.26755208333333336 0.5594907407407408 0.01864583333333333 0.09046296296296297
0 0.6265625 0.47833333333333333 0.008229166666666668 0.03388888888888889
0 0.3472135416666667 0.5301851851851851 0.015260416666666667 0.06907407407407407
0 0.4375 0.5010648148148148 0.009375 0.043055555555555555
0 0.5648958333333333 0.477962962962963 0.007291666666666667 0.026296296296296293
0 0.67390625 0.48546296296296293 0.0078125 0.0437037037037037
0 0.417265625 0.4962499999999999 0.009739583333333333 0.04287037037037037
0 0.33729166666666666 0.5295833333333333 0.012916666666666667 0.06398148148148147
0 0.423046875 0.49796296296296294 0.009739583333333333 0.04148148148148148
0 0.42984374999999997 0.49930555555555556 0.009791666666666667 0.04138888888888889
0 0.324921875 0.5279166666666667 0.01078125 0.05842592592592593
0 0.7854427083333333 0.5224537037037037 0.012447916666666666 0.06712962962962964
0 0.5693749999999999 0.4786574074074075 0.007916666666666666 0.025833333333333333
