0 0.62890625 0.3785648148148148 0.030520833333333334 0.1350925925925926
0 0.424921875 0.38759259259259254 0.03348958333333333 0.16796296296296298
0 0.7307291666666667 0.3827777777777778 0.04614583333333333 0.1701851851851852
0 0.013385416666666667 0.3847685185185185 0.025729166666666668 0.1087962962962963
0 0.5159374999999999 0.39643518518518517 0.03260416666666667 0.10601851851851851
0 0.5415104166666667 0.4026388888888889 0.03260416666666667 0.10083333333333334
0 0.038098958333333335 0.38115740740740744 0.024947916666666667 0.11027777777777777
0 0.4666145833333334 0.39138888888888895 0.03302083333333333 0.15444444444444447
0 0.5730729166666666 0.35583333333333333 0.017708333333333333 0.06611111111111112
0 0.34328125000000004 0.35814814814814816 0.014166666666666666 0.05407407407407407
0 0.40265625 0.3598611111111111 0.017291666666666667 0.05416666666666667
0 0.36549479166666665 0.35171296296296295 0.012864583333333334 0.0475
0 0.5940104166666667 0.3552314814814815 0.013125 0.05731481481481481
0 0.35414062500000004 0.3541666666666667 0.01328125 0.05
0 0.6044531249999999 0.35930555555555554 0.01796875 0.05787037037037037
