0 0.33502604166666666 0.48574074074074075 0.048906250000000005 0.2025925925925926
0 0.58984375 0.44722222222222224 0.022187500000000002 0.09981481481481481
0 0.8197656249999999 0.45523148148148146 0.02276041666666667 0.1012037037037037
0 0.29083333333333333 0.48254629629629625 0.033229166666666664 0.17101851851851851
0 0.6205208333333334 0.4416203703703704 0.02645833333333333 0.11472222222222223
0 0.22632812500000002 0.48416666666666663 0.04348958333333333 0.16907407407407407
0 0.7377864583333333 0.49180555555555555 0.04682291666666667 0.24231481481481482
0 0.26502604166666666 0.4883333333333333 0.03203125 0.1562962962962963
0 0.171875 0.43722222222222223 0.016145833333333335 0.06462962962962962
0 0.5619270833333333 0.43430555555555556 0.017291666666666667 0.0775
0 0.424765625 0.4385185185185185 0.011614583333333334 0.06333333333333334
0 0.3870833333333333 0.4335648148148148 0.011875 0.05805555555555556
0 0.4161979166666666 0.43657407407407406 0.011770833333333335 0.060555555555555564
0 0.37583333333333335 0.43532407407407403 0.011041666666666667 0.05861111111111111
0 0.5765104166666667 0.43712962962962965 0.015625 0.08296296296296296
