0 0.7280989583333334 0.47953703703703704 0.04348958333333333 0.21685185185185185
0 0.8273958333333333 0.4497685185185185 0.021979166666666668 0.09898148148148149
0 0.7707552083333333 0.47555555555555556 0.03651041666666666 0.1625925925925926
0 0.6342708333333333 0.4383796296296296 0.024791666666666667 0.10935185185185185
0 0.24976562500000002 0.4791203703703704 0.03828125 0.17101851851851851
0 0.3567708333333333 0.48009259259259257 0.043958333333333335 0.19055555555555556
0 0.6037760416666667 0.4426851851851852 0.02109375 0.09907407407407408
0 0.19614583333333335 0.4345833333333333 0.015625 0.06509259259259259
0 0.31138020833333335 0.47851851851851845 0.030677083333333334 0.16037037037037036
0 0.28817708333333336 0.48162037037037037 0.031875 0.16046296296296297
0 0.57671875 0.42824074074074076 0.016979166666666667 0.08037037037037037
0 0.44 0.43680555555555556 0.011770833333333335 0.06805555555555555
0 0.410234375 0.4306944444444445 0.01171875 0.0575
0 0.430703125 0.4338425925925926 0.012239583333333333 0.060833333333333336
0 0.39838541666666666 0.43092592592592593 0.011979166666666667 0.05703703703703704
0 0.5860677083333333 0.4311111111111111 0.015677083333333335 0.07777777777777778
0 0.3908072916666666 0.43736111111111114 0.011510416666666667 0.05620370370370371
0 0.3843489583333333 0.44384259259259257 0.013072916666666667 0.06046296296296296
