0 0.15093749999999997 0.5598611111111111 0.07822916666666666 0.3199074074074074
0 0.37526041666666665 0.5368518518518518 0.08093750000000001 0.31296296296296294
0 0.47442708333333333 0.4890740740740741 0.03229166666666667 0.16203703703703703
0 0.6103124999999999 0.6526851851851853 0.10062499999999999 0.5487037037037037
0 0.44888020833333336 0.4735648148148148 0.029531250000000002 0.07361111111111111
0 0.42940104166666665 0.46828703703703706 0.031822916666666666 0.05472222222222222
0 0.24874999999999997 0.5595370370370369 0.06083333333333333 0.2977777777777778
0 0.21062499999999998 0.4818055555555556 0.028125 0.10250000000000001
0 0.29911458333333335 0.5352777777777779 0.07520833333333334 0.27462962962962967
0 0.5475260416666666 0.633287037037037 0.07067708333333332 0.4765740740740741
0 0.3330208333333333 0.45601851851851855 0.0134375 0.0748148148148148
