0 0.44981770833333334 0.4737962962962963 0.028385416666666666 0.07148148148148148
0 0.38429687500000004 0.4621759259259259 0.020052083333333335 0.09305555555555556
0 0.8891145833333333 0.6785648148148147 0.13833333333333334 0.6447222222222222
0 0.6041666666666666 0.5371759259259259 0.06083333333333333 0.2573148148148148
0 0.4965364583333333 0.5144907407407407 0.04994791666666667 0.23324074074074075
0 0.42973958333333334 0.4698611111111111 0.029166666666666667 0.05694444444444444
0 0.5530729166666667 0.5162037037037037 0.06322916666666667 0.26685185185185184
0 0.22843750000000002 0.4804629629629629 0.023958333333333335 0.09648148148148149
0 0.211796875 0.48254629629629625 0.02546875 0.1062037037037037
0 0.345 0.4721759259259259 0.01875 0.10287037037037036
0 0.3127083333333333 0.46185185185185185 0.02020833333333333 0.07796296296296297
0 0.2930989583333333 0.46407407407407414 0.015677083333333335 0.07425925925925926
0 0.2693229166666667 0.45041666666666663 0.012604166666666666 0.05287037037037037
0 0.27645833333333336 0.4505555555555556 0.012083333333333333 0.05185185185185185
0 0.6384895833333333 0.4634722222222222 0.024270833333333335 0.10398148148148148
