0 0.19921875 0.4126851851851852 0.09708333333333334 0.36092592592592593
0 0.340625 0.34402777777777777 0.021979166666666668 0.09916666666666667
0 0.29278645833333333 0.3670833333333333 0.02723958333333333 0.14712962962962964
0 0.5748697916666666 0.3320370370370371 0.016197916666666666 0.07055555555555555
0 0.46455729166666665 0.35504629629629636 0.03078125 0.15064814814814814
0 0.13393229166666668 0.3627777777777778 0.03682291666666667 0.14407407407407408
0 0.5089322916666668 0.36060185185185184 0.028593749999999998 0.1375
0 0.6376041666666665 0.3681018518518518 0.029270833333333336 0.1950925925925926
0 0.38744791666666667 0.32958333333333334 0.015520833333333334 0.06601851851851852
0 0.48807291666666663 0.351712962962963 0.021666666666666667 0.08212962962962964
0 0.52796875 0.32828703703703704 0.01583333333333333 0.06435185185185185
0 0.3793229166666666 0.3308796296296296 0.0134375 0.06657407407407408
0 0.55640625 0.3235185185185185 0.010729166666666668 0.03648148148148148
0 0.35520833333333335 0.3326388888888889 0.015416666666666667 0.07694444444444444
