0 0.6522916666666666 0.08324074074074074 0.03239583333333333 0.11
0 0.37807291666666665 0.24300925925925926 0.04125 0.1063888888888889
0 0.8772135416666667 0.1310185185185185 0.03473958333333334 0.15611111111111112
0 0.20057291666666668 0.18083333333333335 0.02822916666666667 0.16685185185185183
0 0.25888020833333336 0.3384259259259259 0.039947916666666666 0.18888888888888888
0 0.9385156250000001 0.1937962962962963 0.03390625 0.15944444444444444
0 0.07104166666666667 0.4106944444444445 0.027708333333333335 0.1786111111111111
0 0.9163802083333333 0.5183796296296297 0.04192708333333333 0.19305555555555556
0 0.23442708333333334 0.6725000000000001 0.0390625 0.22148148148148147
0 0.3023697916666667 0.14310185185185187 0.030052083333333333 0.15731481481481482
0 0.5088802083333334 0.09509259259259259 0.03234375 0.15925925925925927
0 0.42966145833333336 0.21921296296296297 0.03109375 0.16027777777777777
0 0.163046875 0.19699074074074074 0.028697916666666667 0.15361111111111111
0 0.8523177083333333 0.6852314814814814 0.05255208333333334 0.23064814814814813
0 0.44749999999999995 0.061250000000000006 0.029583333333333333 0.12064814814814816
0 0.537890625 0.1037037037037037 0.02921875 0.1496296296296296
0 0.13192708333333333 0.20351851851851852 0.033854166666666664 0.14444444444444443
0 0.12098958333333333 0.33319444444444446 0.028854166666666667 0.16824074074074072
0 0.2598958333333333 0.15296296296296294 0.034583333333333334 0.17685185185185184
0 0.17875000000000002 0.6570833333333335 0.0428125 0.23787037037037034
0 0.204921875 0.054953703703703706 0.03348958333333333 0.10805555555555556
0 0.6440104166666667 0.5506481481481482 0.03177083333333333 0.18888888888888888
0 0.234765625 0.16421296296296295 0.026197916666666664 0.16027777777777777
0 0.3865625 0.6280555555555556 0.04614583333333333 0.22148148148148147
0 0.47338541666666667 0.6006481481481482 0.05083333333333333 0.2224074074074074
0 0.50578125 0.6079166666666668 0.042083333333333334 0.2036111111111111
0 0.3873697916666667 0.06356481481481482 0.026406250000000003 0.1252777777777778
0 0.386484375 0.16365740740740742 0.03244791666666667 0.15564814814814815
0 0.9873697916666667 0.1450462962962963 0.026302083333333334 0.1678703703703704
0 0.23348958333333333 0.05296296296296297 0.022395833333333334 0.10407407407407408
0 0.5315625 0.9267592592592593 0.043854166666666666 0.14833333333333332
