0 0.6522916666666666 0.08398148148148149 0.031875 0.1111111111111111
0 0.37817708333333333 0.24361111111111114 0.04114583333333333 0.10333333333333333
0 0.12492187500000002 0.1951388888888889 0.02921875 0.15435185185185185
0 0.06968749999999999 0.40990740740740744 0.02625 0.17796296296296296
0 0.05302083333333333 0.6995833333333334 0.06135416666666667 0.2323148148148148
0 0.3816145833333333 0.07458333333333333 0.028958333333333332 0.14731481481481482
0 0.7898958333333332 0.1324537037037037 0.02875 0.13787037037037037
0 0.23703125 0.6921759259259259 0.04791666666666667 0.23175925925925928
0 0.19966145833333332 0.1800462962962963 0.028593749999999998 0.16601851851851854
0 0.7348177083333333 0.63875 0.05473958333333333 0.22861111111111113
0 0.16492187500000002 0.19675925925925927 0.028697916666666667 0.15722222222222224
0 0.9164322916666667 0.52125 0.04026041666666667 0.1950925925925926
0 0.29156250000000006 0.20282407407407407 0.03145833333333333 0.14750000000000002
0 0.22317708333333333 0.11416666666666668 0.0325 0.15407407407407409
0 0.6251302083333333 0.22199074074074074 0.03442708333333333 0.16916666666666666
0 0.47815104166666667 0.2411574074074074 0.04182291666666667 0.17453703703703705
0 0.5659375 0.2064814814814815 0.026354166666666668 0.1461111111111111
0 0.23921875 0.3015277777777778 0.03927083333333334 0.19916666666666666
0 0.288828125 0.3798611111111111 0.037135416666666664 0.19527777777777777
0 0.43031250000000004 0.2213425925925926 0.031875 0.16342592592592592
0 0.435625 0.3643981481481481 0.036562500000000005 0.17342592592592593
0 0.13664062500000002 0.602962962962963 0.032864583333333336 0.19722222222222222
0 0.651796875 0.21564814814814812 0.026510416666666665 0.16148148148148148
0 0.25322916666666667 0.045648148148148146 0.026770833333333334 0.08759259259259258
0 0.4090104166666667 0.35611111111111116 0.035625000000000004 0.1887037037037037
0 0.5270312500000001 0.9255555555555556 0.03822916666666667 0.15074074074074076
