0 0.65234375 0.08194444444444444 0.03260416666666667 0.10981481481481481
0 0.37833333333333335 0.24319444444444444 0.04135416666666667 0.1050925925925926
0 0.8559114583333334 0.06356481481481482 0.03015625 0.1252777777777778
0 0.9171875 0.5179166666666667 0.03895833333333333 0.19879629629629628
0 0.16708333333333333 0.5995833333333334 0.04125 0.2210185185185185
0 0.8463802083333334 0.6549074074074074 0.05223958333333333 0.2162962962962963
0 0.30257812500000003 0.18759259259259262 0.03328125 0.1637037037037037
0 0.42234374999999996 0.20305555555555554 0.0259375 0.16777777777777778
0 0.1609375 0.24537037037037038 0.03166666666666666 0.18574074074074073
0 0.2654166666666667 0.17564814814814814 0.0334375 0.16685185185185183
0 0.13479166666666667 0.2003240740740741 0.026979166666666665 0.1537962962962963
0 0.24450520833333336 0.3064351851851852 0.03057291666666667 0.1821296296296296
0 0.21859375 0.30648148148148147 0.03770833333333334 0.16166666666666665
0 0.7851822916666666 0.09967592592592593 0.03171875 0.14194444444444446
0 0.5813802083333334 0.6523611111111112 0.04213541666666667 0.23324074074074075
0 0.4059375 0.14157407407407407 0.030312500000000003 0.1537037037037037
0 0.5426822916666667 0.6742592592592593 0.03911458333333333 0.22796296296296295
0 0.19375 0.24814814814814815 0.02625 0.1637037037037037
0 0.7622395833333333 0.12430555555555556 0.026354166666666668 0.1462037037037037
0 0.23523437500000002 0.17083333333333334 0.03057291666666667 0.1575925925925926
0 0.24158854166666668 0.03986111111111112 0.021197916666666667 0.0775
0 0.14619791666666665 0.05916666666666667 0.027604166666666666 0.1151851851851852
0 0.34466145833333334 0.6487962962962962 0.04963541666666667 0.2172222222222222
