0 0.65234375 0.0838425925925926 0.03208333333333333 0.11138888888888888
0 0.37838541666666664 0.2439814814814815 0.041041666666666664 0.10574074074074075
0 0.12463541666666668 0.19527777777777774 0.028958333333333332 0.15611111111111112
0 0.6425 0.2111574074074074 0.027083333333333334 0.15694444444444444
0 0.23023437500000002 0.6667592592592593 0.04692708333333333 0.22685185185185186
0 0.38174479166666664 0.075 0.028802083333333332 0.14796296296296296
0 0.9166666666666666 0.5202777777777777 0.04052083333333333 0.19648148148148148
0 0.06994791666666668 0.71625 0.059375 0.23324074074074075
0 0.19932291666666666 0.18180555555555558 0.028854166666666667 0.1650925925925926
0 0.79078125 0.13314814814814815 0.0278125 0.13666666666666666
0 0.0703125 0.4105092592592593 0.025625000000000002 0.17083333333333334
0 0.16453125000000002 0.19574074074074072 0.028958333333333332 0.16037037037037036
0 0.7344791666666667 0.6390740740740741 0.05385416666666667 0.22592592592592592
0 0.24104166666666668 0.2898611111111111 0.0403125 0.20194444444444443
0 0.28388020833333333 0.39587962962962964 0.039322916666666666 0.2013888888888889
0 0.43002604166666664 0.2188425925925926 0.03046875 0.1587962962962963
0 0.2856250000000001 0.19800925925925925 0.028333333333333332 0.15064814814814814
0 0.6116145833333334 0.21421296296296297 0.03114583333333333 0.17287037037037037
0 0.48489583333333336 0.22912037037037036 0.035833333333333335 0.17416666666666666
0 0.134296875 0.5824537037037036 0.031614583333333335 0.19268518518518518
0 0.43916666666666665 0.3763888888888889 0.03739583333333333 0.17314814814814813
0 0.5457552083333334 0.19634259259259257 0.02411458333333333 0.1423148148148148
0 0.022682291666666667 0.6694907407407408 0.04432291666666666 0.19990740740740742
0 0.21385416666666668 0.11374999999999999 0.030833333333333334 0.15601851851851853
0 0.41192708333333333 0.3697222222222222 0.03739583333333333 0.19
0 0.46361979166666667 0.18101851851851852 0.02796875 0.16240740740740742
0 0.519609375 0.9236111111111112 0.03734375 0.15462962962962962
0 0.303984375 0.32157407407407407 0.02671875 0.17555555555555555
