0 0.3784895833333334 0.24351851851851852 0.04083333333333334 0.10500000000000001
0 0.7889322916666667 0.13324074074074074 0.029010416666666667 0.13740740740740742
0 0.38166666666666665 0.07351851851851852 0.029166666666666667 0.1451851851851852
0 0.7369010416666667 0.6387962962962964 0.05484375 0.22722222222222221
0 0.29109375 0.21606481481481485 0.051145833333333335 0.1723148148148148
0 0.9223177083333333 0.5227777777777778 0.039947916666666666 0.20055555555555554
0 0.43072916666666666 0.21791666666666668 0.0321875 0.16231481481481483
0 0.1640625 0.1948148148148148 0.029479166666666667 0.15888888888888889
0 0.075625 0.6232870370370371 0.044895833333333336 0.23601851851851852
0 0.5593489583333333 0.20939814814814817 0.04182291666666667 0.1726851851851852
0 0.9510416666666667 0.2758333333333333 0.03625 0.17166666666666666
0 0.588515625 0.2798611111111111 0.03338541666666666 0.17064814814814816
0 0.21648437499999998 0.49134259259259255 0.04401041666666667 0.22712962962962965
0 0.128359375 0.1948611111111111 0.025052083333333332 0.15046296296296297
0 0.6429427083333333 0.08703703703703704 0.038072916666666665 0.10833333333333334
0 0.55421875 0.04009259259259259 0.025 0.07833333333333332
0 0.8683072916666666 0.3277777777777778 0.03473958333333334 0.1698148148148148
0 0.46989583333333335 0.19537037037037036 0.0325 0.1625925925925926
0 0.19934895833333333 0.17902777777777779 0.027864583333333335 0.16657407407407407
0 0.23088541666666668 0.16453703703703704 0.028854166666666667 0.1587037037037037
0 0.7685937500000001 0.31148148148148147 0.028958333333333332 0.16
0 0.13395833333333332 0.459074074074074 0.03270833333333333 0.19092592592592592
0 0.25526041666666666 0.15486111111111112 0.027708333333333335 0.16175925925925924
0 0.153671875 0.4431481481481482 0.03369791666666667 0.21185185185185187
0 0.486875 0.19273148148148148 0.024374999999999997 0.1502777777777778
0 0.5323958333333333 0.038425925925925926 0.0253125 0.07277777777777777
