0 0.5011979166666667 0.49958333333333327 0.0496875 0.10138888888888889
0 0.20541666666666666 0.4622685185185185 0.022083333333333333 0.09861111111111111
0 0.3265625 0.5815277777777778 0.06958333333333333 0.3554629629629629
0 0.57671875 0.5022222222222222 0.019583333333333335 0.10925925925925926
0 0.23916666666666667 0.4818981481481482 0.02333333333333333 0.09675925925925925
0 0.3795572916666667 0.5516666666666666 0.05171875 0.28685185185185186
0 0.655703125 0.4580555555555556 0.020885416666666667 0.09740740740740741
0 0.42820312499999996 0.530787037037037 0.04869791666666667 0.23416666666666666
0 0.2686458333333333 0.4815740740740741 0.018229166666666668 0.09759259259259259
0 0.5583854166666667 0.498425925925926 0.021041666666666667 0.10222222222222223
0 0.5345833333333334 0.4601388888888889 0.020520833333333332 0.09712962962962964
0 0.2845052083333333 0.4618981481481481 0.015052083333333332 0.07027777777777779
