0 0.81703125 0.5718981481481481 0.0284375 0.11157407407407408
0 0.060859375 0.7150462962962963 0.025572916666666667 0.09935185185185184
0 0.7288020833333333 0.5197222222222222 0.018541666666666668 0.09185185185185185
0 0.8665625 0.5687962962962962 0.030416666666666665 0.11574074074074074
0 0.101953125 0.6103703703703705 0.025989583333333333 0.14944444444444446
0 0.14617187499999998 0.61625 0.024947916666666667 0.13712962962962963
0 0.27065104166666665 0.5518981481481482 0.018489583333333334 0.08787037037037038
0 0.29057291666666674 0.5524074074074075 0.017395833333333333 0.08407407407407406
0 0.7679166666666667 0.4992592592592593 0.016874999999999998 0.0724074074074074
0 0.34695312500000003 0.5227314814814815 0.014531249999999999 0.06824074074074074
0 0.4360416666666666 0.49319444444444444 0.0096875 0.04138888888888889
0 0.7865885416666667 0.508425925925926 0.018802083333333334 0.07111111111111111
0 0.6221354166666667 0.46398148148148144 0.008229166666666668 0.032777777777777774
0 0.5635416666666667 0.4658333333333334 0.008333333333333333 0.027037037037037037
0 0.4193489583333333 0.487962962962963 0.010052083333333333 0.042222222222222223
0 0.42864583333333334 0.4905555555555555 0.0090625 0.04148148148148148
0 0.33841145833333336 0.5204166666666667 0.012447916666666666 0.06268518518518519
0 0.7376302083333334 0.4638425925925926 0.010885416666666667 0.04398148148148148
0 0.7502864583333333 0.46175925925925926 0.011197916666666667 0.041666666666666664
