0 0.6524218749999999 0.08375 0.032864583333333336 0.11083333333333334
0 0.378125 0.24393518518518517 0.041875 0.10453703703703704
0 0.430078125 0.2212962962962963 0.031197916666666665 0.16092592592592594
0 0.7878645833333333 0.12893518518518518 0.02802083333333333 0.14194444444444446
0 0.5828906249999999 0.19810185185185183 0.031822916666666666 0.17212962962962963
0 0.12458333333333332 0.19527777777777774 0.02875 0.1575925925925926
0 0.3815625 0.075 0.02875 0.14814814814814814
0 0.22192708333333336 0.6008333333333333 0.04791666666666667 0.2159259259259259
0 0.06997395833333334 0.4111111111111111 0.026614583333333334 0.17777777777777778
0 0.16447916666666668 0.19787037037037036 0.028854166666666667 0.1587037037037037
0 0.25104166666666666 0.2621759259259259 0.03864583333333334 0.19805555555555557
0 0.19958333333333333 0.18106481481481482 0.028125 0.1663888888888889
0 0.7370052083333333 0.6380555555555556 0.05619791666666667 0.2253703703703704
0 0.9169010416666666 0.5210648148148148 0.04078125 0.1960185185185185
0 0.6223177083333334 0.18967592592592591 0.026510416666666665 0.1497222222222222
0 0.842265625 0.06708333333333334 0.029947916666666668 0.12990740740740742
0 0.5006770833333333 0.19907407407407407 0.036875 0.1724074074074074
0 0.11817708333333334 0.7713425925925926 0.04854166666666667 0.23768518518518517
0 0.13114583333333332 0.538425925925926 0.030416666666666665 0.18925925925925927
0 0.278515625 0.42930555555555555 0.038593749999999996 0.20305555555555557
0 0.28247395833333333 0.1934722222222222 0.02671875 0.16564814814814816
0 0.459375 0.4051388888888888 0.04177083333333333 0.18027777777777776
0 0.429296875 0.40236111111111106 0.04182291666666667 0.19324074074074074
0 0.3237239583333333 0.4300925925925926 0.032864583333333336 0.1864814814814815
0 0.5042708333333333 0.9162962962962963 0.03791666666666667 0.16925925925925928
0 0.08346354166666667 0.645462962962963 0.04526041666666667 0.26851851851851855
