0 0.6523697916666666 0.08319444444444445 0.03234375 0.10990740740740741
0 0.6249739583333334 0.22259259259259256 0.03640625 0.15425925925925926
0 0.38143229166666665 0.0748148148148148 0.02921875 0.14777777777777779
0 0.229296875 0.8796759259259259 0.05182291666666667 0.24249999999999997
0 0.20002604166666668 0.18064814814814814 0.029010416666666667 0.16574074074074074
0 0.7890885416666668 0.13333333333333333 0.028802083333333332 0.13833333333333334
0 0.06934895833333334 0.4126388888888889 0.025677083333333333 0.17453703703703705
0 0.9169791666666666 0.5206018518518518 0.04020833333333333 0.19564814814814815
0 0.24247395833333335 0.381712962962963 0.04140625 0.21064814814814814
0 0.7347916666666666 0.6385648148148149 0.05489583333333334 0.22768518518518518
0 0.28315104166666666 0.303287037037037 0.037760416666666664 0.18287037037037038
0 0.5109114583333334 0.27569444444444446 0.037760416666666664 0.17435185185185187
0 0.16684895833333335 0.1963425925925926 0.03046875 0.16027777777777777
0 0.12210937499999999 0.19703703703703704 0.026302083333333334 0.1537037037037037
0 0.039140625000000005 0.7371296296296297 0.03744791666666667 0.2025925925925926
0 0.075625 0.6236574074074074 0.04375 0.23546296296296299
0 0.3807552083333333 0.24643518518518517 0.030885416666666665 0.15416666666666667
0 0.4372135416666667 0.26916666666666667 0.032552083333333336 0.17518518518518517
0 0.29330729166666664 0.1372685185185185 0.025364583333333336 0.15212962962962964
0 0.671171875 0.2563888888888889 0.02276041666666667 0.1524074074074074
0 0.243046875 0.07435185185185186 0.027760416666666666 0.14148148148148149
0 0.458984375 0.27935185185185185 0.029739583333333333 0.1512962962962963
0 0.26671875 0.11194444444444444 0.0309375 0.15037037037037038
0 0.20859375 0.08152777777777778 0.025520833333333333 0.1502777777777778
0 0.26513020833333334 0.2159259259259259 0.030052083333333333 0.14944444444444446
0 0.7608333333333335 0.2559259259259259 0.0321875 0.16666666666666666
0 0.7380989583333333 0.2596296296296296 0.032135416666666666 0.175
0 0.15062499999999998 0.16541666666666666 0.034791666666666665 0.1713888888888889
0 0.616953125 0.9338888888888889 0.03901041666666667 0.1340740740740741
