0 0.6521354166666666 0.08356481481481481 0.03229166666666667 0.11064814814814815
0 0.37838541666666664 0.24361111111111114 0.04083333333333334 0.1061111111111111
0 0.7906510416666668 0.0712962962962963 0.030885416666666665 0.13444444444444442
0 0.29518229166666665 0.18513888888888888 0.031822916666666666 0.16175925925925924
0 0.21364583333333334 0.29462962962962963 0.033125 0.17925925925925926
0 0.8402864583333333 0.06939814814814815 0.028385416666666666 0.13194444444444445
0 0.42765625 0.21564814814814814 0.033854166666666664 0.16462962962962965
0 0.9599479166666668 0.30194444444444446 0.037187500000000005 0.16796296296296298
0 0.8871875 0.34833333333333333 0.04135416666666667 0.18425925925925926
0 0.11833333333333333 0.36287037037037034 0.0340625 0.17722222222222223
0 0.878046875 0.06976851851851851 0.028697916666666667 0.1376851851851852
0 0.9176822916666667 0.5187962962962962 0.04223958333333333 0.19518518518518518
0 0.468359375 0.05203703703703704 0.02765625 0.10222222222222223
0 0.41578125000000005 0.6684259259259259 0.04760416666666667 0.2388888888888889
0 0.16411458333333334 0.19324074074074074 0.0271875 0.15925925925925927
0 0.12924479166666666 0.1999537037037037 0.030260416666666668 0.1487962962962963
0 0.8498697916666667 0.656712962962963 0.03734375 0.22268518518518518
0 0.086953125 0.34453703703703703 0.02765625 0.19592592592592592
0 0.5269791666666667 0.04569444444444445 0.027395833333333335 0.08675925925925926
0 0.40463541666666664 0.14657407407407408 0.025 0.1448148148148148
0 0.25635416666666666 0.1687962962962963 0.033749999999999995 0.17574074074074075
0 0.14869791666666668 0.9124074074074073 0.043229166666666666 0.17703703703703702
0 0.23278645833333333 0.205 0.026197916666666664 0.1438888888888889
0 0.2013802083333333 0.18074074074074073 0.028593749999999998 0.15814814814814815
0 0.5602604166666667 0.8438888888888889 0.063125 0.2414814814814815
0 0.228671875 0.12861111111111112 0.025364583333333336 0.1662962962962963
0 0.59203125 0.8516203703703704 0.04739583333333333 0.23342592592592593
0 0.49927083333333333 0.04546296296296296 0.028645833333333332 0.08703703703703704
0 0.5541927083333335 0.9426388888888889 0.038697916666666665 0.11657407407407408
