0 0.213046875 0.48277777777777775 0.02713541666666667 0.10796296296296296
0 0.4892708333333334 0.5406018518518518 0.0684375 0.274537037037037
0 0.3895052083333333 0.5259259259259259 0.04119791666666666 0.2485185185185185
0 0.8484114583333332 0.6768055555555555 0.12536458333333333 0.6482407407407408
0 0.3406510416666667 0.4624537037037037 0.018177083333333333 0.08175925925925925
0 0.5397916666666666 0.5176851851851852 0.051145833333333335 0.22277777777777777
0 0.429140625 0.4703703703703704 0.030989583333333334 0.05537037037037037
0 0.6227604166666667 0.45625 0.018958333333333334 0.07916666666666666
0 0.3065364583333333 0.46069444444444446 0.017447916666666667 0.07694444444444444
0 0.71765625 0.6680092592592592 0.09895833333333333 0.5621296296296296
0 0.9438541666666667 0.6047685185185185 0.10927083333333334 0.4363888888888889
0 0.5811979166666668 0.48523148148148143 0.0321875 0.13842592592592592
0 0.2875260416666667 0.46125 0.01598958333333333 0.06972222222222221
0 0.2461458333333333 0.46004629629629634 0.013229166666666665 0.06916666666666667
0 0.44895833333333335 0.47074074074074074 0.027395833333333335 0.06
0 0.35523437500000005 0.46217592592592593 0.014427083333333333 0.0723148148148148
0 0.22671875 0.48055555555555557 0.025833333333333333 0.09111111111111111
