0 0.6525260416666666 0.08249999999999999 0.032552083333333336 0.10981481481481481
0 0.378203125 0.24324074074074073 0.04119791666666666 0.10592592592592594
0 0.8597395833333333 0.06944444444444445 0.03145833333333333 0.13333333333333333
0 0.3051822916666667 0.18958333333333333 0.03328125 0.16231481481481483
0 0.9171614583333334 0.5189351851851852 0.039322916666666666 0.19842592592592595
0 0.8467187500000001 0.6546759259259259 0.05260416666666667 0.21694444444444447
0 0.4251041666666666 0.20569444444444443 0.0284375 0.16935185185185186
0 0.164765625 0.6055092592592592 0.04067708333333333 0.22712962962962965
0 0.1619010416666667 0.24472222222222223 0.032656250000000005 0.18296296296296297
0 0.24411458333333333 0.3113425925925926 0.028541666666666667 0.18101851851851852
0 0.26427083333333334 0.18180555555555555 0.0328125 0.1649074074074074
0 0.7831510416666667 0.10379629629629629 0.032552083333333336 0.145
0 0.2163020833333333 0.3179166666666667 0.03739583333333333 0.16231481481481483
0 0.4064583333333333 0.14194444444444446 0.030312500000000003 0.1488888888888889
0 0.13536458333333332 0.2023148148148148 0.0265625 0.1525925925925926
0 0.19471354166666668 0.2465277777777778 0.02734375 0.15861111111111112
0 0.5346875000000001 0.6615277777777778 0.03739583333333333 0.22842592592592592
0 0.5738802083333334 0.6427314814814815 0.037656249999999995 0.23546296296296299
0 0.7594791666666667 0.12189814814814816 0.025729166666666668 0.14472222222222222
0 0.23765625 0.17824074074074073 0.03125 0.15722222222222224
