0 0.19963541666666668 0.4161111111111111 0.098125 0.3612962962962963
0 0.34135416666666674 0.34824074074074074 0.023125 0.1
0 0.576796875 0.33597222222222217 0.017343749999999998 0.06694444444444445
0 0.12411458333333333 0.3645833333333333 0.03927083333333334 0.14805555555555555
0 0.46411458333333333 0.35912037037037037 0.03166666666666666 0.1534259259259259
0 0.291015625 0.36861111111111106 0.027864583333333335 0.1438888888888889
0 0.5101822916666666 0.3612962962962963 0.029322916666666664 0.14074074074074075
0 0.6393229166666666 0.3695833333333333 0.027708333333333335 0.20027777777777778
0 0.3872135416666666 0.3336574074074074 0.015260416666666667 0.06509259259259259
0 0.4901041666666667 0.35412037037037036 0.02354166666666667 0.08194444444444444
0 0.5477864583333333 0.32805555555555554 0.01015625 0.037037037037037035
0 0.5567708333333333 0.3285648148148148 0.011770833333333335 0.04027777777777778
0 0.5228385416666667 0.3385648148148149 0.01963541666666667 0.08027777777777778
0 0.15041666666666667 0.3576388888888889 0.017812500000000002 0.1087962962962963
