0 0.6524479166666667 0.08296296296296296 0.03177083333333333 0.11092592592592593
0 0.3786979166666667 0.24388888888888888 0.04125 0.10518518518518517
0 0.78703125 0.07185185185185186 0.03135416666666667 0.13314814814814815
0 0.2635677083333333 0.19722222222222222 0.02484375 0.16092592592592594
0 0.30697916666666664 0.18532407407407406 0.025833333333333333 0.1649074074074074
0 0.20070312499999998 0.1839351851851852 0.025677083333333333 0.1526851851851852
0 0.18226562500000001 0.4254166666666667 0.03630208333333333 0.19472222222222224
0 0.43411458333333336 0.21435185185185185 0.03291666666666667 0.16055555555555556
0 0.22729166666666664 0.6067592592592592 0.05 0.2338888888888889
0 0.8456510416666666 0.6543518518518519 0.05109375 0.21703703703703706
0 0.91671875 0.5200925925925927 0.0525 0.1975925925925926
0 0.7911718750000001 0.2298148148148148 0.027760416666666666 0.1612962962962963
0 0.8649218750000001 0.23134259259259263 0.039531250000000004 0.17675925925925925
0 0.23578125 0.2015740740740741 0.03770833333333334 0.14981481481481482
0 0.40361979166666667 0.14625 0.025260416666666667 0.14453703703703702
0 0.5909635416666666 0.049444444444444444 0.032656250000000005 0.09685185185185184
0 0.22638020833333336 0.07837962962962963 0.02921875 0.1449074074074074
0 0.13674479166666667 0.2872222222222222 0.03348958333333333 0.18259259259259258
0 0.7483854166666667 0.9007870370370371 0.050520833333333334 0.20027777777777778
0 0.16283854166666664 0.28870370370370374 0.029114583333333333 0.16166666666666665
0 0.7004687500000001 0.9128240740740741 0.0453125 0.17620370370370372
0 0.168515625 0.06324074074074074 0.028072916666666666 0.12462962962962962
0 0.1976041666666667 0.07671296296296296 0.027708333333333335 0.14046296296296296
0 0.45989583333333334 0.9285648148148148 0.03364583333333333 0.14472222222222222
0 0.16403645833333333 0.19023148148148147 0.025260416666666667 0.16064814814814815
