0 0.743515625 0.575 0.026302083333333334 0.13833333333333334
0 0.062473958333333336 0.5960648148148148 0.015156250000000001 0.08416666666666667
0 0.44611979166666665 0.5039814814814816 0.010572916666666666 0.04740740740740741
0 0.5406770833333333 0.5198148148148148 0.015416666666666667 0.06925925925925926
0 0.2038020833333333 0.5123148148148148 0.009270833333333334 0.03481481481481482
0 0.6144791666666667 0.5237037037037037 0.012708333333333332 0.08185185185185186
0 0.6055468749999999 0.5275462962962963 0.013072916666666667 0.08101851851851852
0 0.5914583333333333 0.531712962962963 0.013020833333333334 0.08046296296296297
0 0.62171875 0.5171296296296296 0.013958333333333333 0.0748148148148148
0 0.07049479166666667 0.5851388888888889 0.01546875 0.08175925925925925
0 0.46572916666666664 0.5080092592592593 0.0103125 0.04527777777777778
