0 0.6522395833333333 0.08259259259259259 0.03260416666666667 0.1111111111111111
0 0.37854166666666667 0.24324074074074073 0.040625 0.10481481481481482
0 0.43255208333333334 0.2099537037037037 0.03895833333333333 0.16416666666666668
0 0.306015625 0.18875 0.031614583333333335 0.16175925925925924
0 0.16109375 0.6543518518518519 0.044270833333333336 0.23074074074074072
0 0.8720312499999999 0.08699074074074074 0.030000000000000002 0.14916666666666667
0 0.9166927083333333 0.5185648148148148 0.04067708333333333 0.19916666666666666
0 0.8468489583333334 0.6550925925925926 0.053281249999999995 0.21555555555555556
0 0.40661458333333333 0.14129629629629628 0.029270833333333336 0.15185185185185185
0 0.7818489583333332 0.12402777777777776 0.031822916666666666 0.1426851851851852
0 0.2632291666666667 0.20675925925925928 0.03114583333333333 0.16814814814814813
0 0.20614583333333333 0.34013888888888894 0.043437500000000004 0.16675925925925925
0 0.24221354166666667 0.3416666666666667 0.02921875 0.1885185185185185
0 0.7528125 0.10388888888888888 0.028125 0.14777777777777779
0 0.13830729166666667 0.19879629629629628 0.02703125 0.1585185185185185
0 0.17231770833333335 0.24018518518518517 0.03567708333333333 0.1811111111111111
0 0.5716666666666667 0.04837962962962963 0.029270833333333336 0.09324074074074075
0 0.5099739583333334 0.6118518518518518 0.03651041666666666 0.2172222222222222
0 0.14666666666666667 0.05708333333333333 0.028645833333333332 0.11138888888888888
0 0.5566145833333332 0.5951851851851853 0.036562500000000005 0.21981481481481482
0 0.23229166666666667 0.2013888888888889 0.030833333333333334 0.1648148148148148
