0 0.5031510416666667 0.3550462962962963 0.029427083333333333 0.13564814814814816
0 0.55546875 0.32842592592592595 0.015416666666666667 0.06222222222222223
0 0.2504427083333333 0.43592592592592594 0.09765625 0.41000000000000003
0 0.6386197916666666 0.36125 0.033177083333333336 0.1426851851851852
0 0.46377604166666664 0.3518055555555556 0.03036458333333333 0.14324074074074072
0 0.6034375 0.35861111111111105 0.029791666666666668 0.16685185185185183
0 0.3969791666666666 0.32949074074074075 0.015416666666666667 0.0649074074074074
0 0.714921875 0.347037037037037 0.023072916666666665 0.12148148148148147
0 0.3730208333333333 0.3321296296296296 0.013854166666666667 0.06555555555555555
0 0.32760416666666664 0.34694444444444444 0.020833333333333332 0.10462962962962963
0 0.3123697916666667 0.35930555555555554 0.020364583333333335 0.1337962962962963
