0 0.5494270833333333 0.3627314814814815 0.08697916666666666 0.48935185185185187
0 0.6344531250000001 0.36263888888888884 0.05484375 0.29694444444444446
0 0.35158854166666664 0.5218981481481482 0.18119791666666665 0.9023148148148148
0 0.7422135416666666 0.3328240740740741 0.01973958333333333 0.11175925925925927
0 0.16723958333333336 0.5148148148148148 0.1978125 0.9722222222222222
0 0.8887760416666667 0.5406018518518518 0.17984375 0.9206481481481481
0 0.467578125 0.3645370370370371 0.09973958333333334 0.4209259259259259
0 0.7160416666666667 0.3284259259259259 0.013854166666666667 0.08759259259259258
0 0.7075520833333333 0.3261111111111111 0.012604166666666666 0.08370370370370371
0 0.7668229166666668 0.32893518518518516 0.0134375 0.0625
0 0.6884895833333332 0.3263888888888889 0.011250000000000001 0.07314814814814814
