0 0.49700520833333334 0.337037037037037 0.02755208333333333 0.08722222222222223
0 0.473671875 0.3307407407407407 0.028072916666666666 0.09129629629629629
0 0.5927343749999999 0.3242129629629629 0.029531250000000002 0.13083333333333336
0 0.094921875 0.3212962962962963 0.020781249999999998 0.08388888888888889
0 0.44622395833333334 0.33444444444444443 0.028072916666666666 0.1475925925925926
0 0.625546875 0.31574074074074077 0.03015625 0.11222222222222222
0 0.4004427083333333 0.33226851851851846 0.032864583333333336 0.1600925925925926
0 0.3684635416666666 0.3206944444444444 0.02203125 0.10175925925925926
0 0.5240364583333333 0.3025462962962963 0.016614583333333332 0.06472222222222222
0 0.553828125 0.30092592592592593 0.013072916666666667 0.0587037037037037
0 0.7829166666666667 0.39495370370370364 0.06854166666666667 0.4450925925925926
0 0.3075 0.3024074074074074 0.013333333333333334 0.048888888888888885
0 0.325234375 0.3 0.012760416666666666 0.045
0 0.33432291666666664 0.29763888888888895 0.011458333333333333 0.045092592592592594
0 0.06263020833333334 0.32296296296296295 0.02296875 0.10518518518518517
