0 0.509140625 0.668425925925926 0.08598958333333333 0.5798148148148149
0 0.3503125 0.5030092592592592 0.0375 0.17416666666666666
0 0.22747395833333334 0.4820833333333333 0.01984375 0.10212962962962963
0 0.6664322916666666 0.5782407407407407 0.07088541666666666 0.3372222222222222
0 0.20460937499999998 0.46273148148148147 0.02359375 0.09731481481481481
0 0.27606770833333333 0.4707407407407408 0.017343749999999998 0.10518518518518517
0 0.3120572916666667 0.4551851851851852 0.010989583333333334 0.05925925925925926
0 0.4450260416666667 0.6089351851851852 0.07859375 0.4071296296296296
0 0.5753645833333334 0.49509259259259253 0.02375 0.11722222222222221
0 0.25497395833333336 0.4728703703703704 0.018072916666666668 0.10074074074074074
0 0.29127604166666665 0.4534722222222222 0.01296875 0.05898148148148148
0 0.5902604166666666 0.45888888888888885 0.0203125 0.10444444444444444
