0 0.6521354166666666 0.08249999999999999 0.03208333333333333 0.11074074074074074
0 0.378515625 0.24310185185185187 0.04140625 0.10453703703703704
0 0.787109375 0.07111111111111111 0.031614583333333335 0.13185185185185186
0 0.9163541666666667 0.5191666666666667 0.050520833333333334 0.19185185185185183
0 0.4340885416666667 0.21314814814814817 0.03307291666666667 0.1590740740740741
0 0.18341145833333333 0.41412037037037036 0.03723958333333333 0.19212962962962962
0 0.20057291666666668 0.18444444444444444 0.025625000000000002 0.15296296296296294
0 0.6019010416666667 0.05092592592592592 0.03401041666666667 0.1
0 0.8456770833333334 0.6542592592592593 0.051041666666666666 0.21796296296296297
0 0.3047916666666667 0.18347222222222223 0.0271875 0.1637962962962963
0 0.26320312500000004 0.1869444444444444 0.02484375 0.1622222222222222
0 0.7924218749999999 0.23328703703703701 0.029531250000000002 0.1597222222222222
0 0.864140625 0.23467592592592593 0.039739583333333335 0.1713888888888889
0 0.40375 0.1461111111111111 0.024166666666666666 0.14314814814814814
0 0.23580729166666667 0.18953703703703703 0.038489583333333334 0.14814814814814814
0 0.227421875 0.0748611111111111 0.029114583333333333 0.1449074074074074
0 0.13375 0.28805555555555556 0.03166666666666666 0.1885185185185185
0 0.15921875000000002 0.2926388888888889 0.02875 0.17250000000000001
0 0.2377864583333333 0.6035185185185185 0.04130208333333333 0.23500000000000001
0 0.7586718749999999 0.9086574074074074 0.05296875 0.18453703703703705
0 0.7136979166666667 0.9186111111111112 0.043125 0.16462962962962965
0 0.19796875 0.0738425925925926 0.027604166666666666 0.13972222222222222
0 0.16380208333333332 0.19375 0.026354166666666668 0.15657407407407406
0 0.46828125000000004 0.9312037037037036 0.037083333333333336 0.13944444444444443
0 0.16924479166666667 0.0661111111111111 0.017864583333333333 0.11444444444444445
