0 0.5011458333333334 0.49879629629629635 0.050520833333333334 0.10444444444444444
0 0.20580729166666664 0.46254629629629623 0.02234375 0.09935185185185184
0 0.24244791666666668 0.48138888888888887 0.022916666666666665 0.09425925925925925
0 0.6588802083333333 0.460787037037037 0.02109375 0.09490740740740741
0 0.5764583333333333 0.5027777777777778 0.0190625 0.10981481481481481
0 0.3235416666666666 0.5756018518518519 0.06916666666666667 0.33731481481481485
0 0.41958333333333336 0.5337962962962963 0.042604166666666665 0.22851851851851854
0 0.4487499999999999 0.47203703703703703 0.027916666666666666 0.07166666666666667
0 0.373046875 0.5504629629629629 0.05182291666666667 0.28203703703703703
0 0.27101562500000004 0.4779629629629629 0.017135416666666667 0.09777777777777777
0 0.5335156249999999 0.4597685185185185 0.020885416666666667 0.09601851851851852
0 0.5587239583333333 0.49833333333333335 0.020781249999999998 0.10203703703703704
0 0.2838541666666667 0.46629629629629626 0.012395833333333333 0.07018518518518518
