0 0.5706249999999999 0.31416666666666665 0.0146875 0.06462962962962962
0 0.462734375 0.3372685185185185 0.03140625 0.15175925925925926
0 0.5096875 0.3460185185185185 0.029270833333333336 0.1385185185185185
0 0.3041145833333333 0.339537037037037 0.025520833333333333 0.1398148148148148
0 0.33716145833333333 0.32379629629629636 0.02203125 0.10203703703703704
0 0.20359375 0.379212962962963 0.0840625 0.34194444444444444
0 0.3925 0.31009259259259264 0.016874999999999998 0.06962962962962964
0 0.37330729166666665 0.3125462962962963 0.017447916666666667 0.07509259259259259
0 0.6448958333333333 0.3506944444444444 0.0309375 0.14657407407407408
0 0.6258072916666666 0.3499537037037037 0.028697916666666667 0.17694444444444443
0 0.49046875 0.3351851851851852 0.021354166666666667 0.08518518518518518
