0 0.5061458333333334 0.3534259259259259 0.030312500000000003 0.1388888888888889
0 0.5617708333333334 0.3239351851851852 0.01583333333333333 0.0649074074074074
0 0.11484375 0.4546759259259259 0.1115625 0.5489814814814815
0 0.33109375 0.33824074074074073 0.023020833333333334 0.10388888888888889
0 0.6139322916666666 0.35726851851851854 0.032135416666666666 0.17101851851851851
0 0.4647395833333333 0.3491666666666667 0.030625 0.14555555555555555
0 0.6414322916666666 0.3609259259259259 0.03203125 0.14092592592592593
0 0.3056510416666667 0.35245370370370366 0.02328125 0.1360185185185185
0 0.21549479166666666 0.39361111111111113 0.06734375000000001 0.31425925925925924
0 0.3930208333333333 0.32384259259259257 0.0171875 0.07101851851851852
0 0.37351562499999996 0.32462962962962966 0.015885416666666666 0.07222222222222222
0 0.5336197916666666 0.3209722222222222 0.01203125 0.041944444444444444
