0 0.775234375 0.6166666666666667 0.12401041666666666 0.6751851851851852
0 0.02364583333333333 0.3882407407407408 0.044375000000000005 0.1885185185185185
0 0.9213541666666667 0.6146759259259259 0.15833333333333333 0.6763888888888889
0 0.365546875 0.3735185185185185 0.038697916666666665 0.18388888888888888
0 0.15583333333333332 0.3526388888888889 0.021770833333333333 0.1075
0 0.5760937500000001 0.3898611111111111 0.03635416666666667 0.1526851851851852
0 0.6182291666666667 0.36861111111111106 0.01875 0.1087037037037037
0 0.490859375 0.37333333333333335 0.026614583333333334 0.14703703703703705
0 0.5135677083333333 0.37666666666666665 0.02713541666666667 0.1375925925925926
0 0.418828125 0.3460648148148148 0.012343749999999999 0.0587962962962963
0 0.27565104166666665 0.3616666666666667 0.01932291666666667 0.11444444444444445
0 0.1458072916666667 0.33925925925925926 0.016510416666666666 0.0824074074074074
0 0.469609375 0.3500925925925926 0.015260416666666667 0.04537037037037037
0 0.5341145833333333 0.35439814814814813 0.016041666666666666 0.06916666666666667
