0 0.9054166666666668 0.5511111111111111 0.12385416666666667 0.7485185185185185
0 0.6201822916666667 0.32564814814814813 0.03473958333333334 0.14907407407407408
0 0.42385416666666664 0.3388888888888889 0.04677083333333333 0.2001851851851852
0 0.11369791666666668 0.35097222222222224 0.0540625 0.2263888888888889
0 0.500078125 0.31722222222222224 0.027864583333333335 0.13018518518518518
0 0.5705989583333333 0.3133796296296296 0.028489583333333336 0.1426851851851852
0 0.02890625 0.3111111111111111 0.02 0.09333333333333334
0 0.295078125 0.3159259259259259 0.025364583333333336 0.1111111111111111
0 0.46557291666666667 0.31615740740740744 0.030520833333333334 0.14416666666666667
0 0.644609375 0.3038425925925926 0.020989583333333332 0.11453703703703703
0 0.06229166666666666 0.329537037037037 0.029166666666666667 0.1411111111111111
0 0.5313541666666667 0.2892592592592592 0.012187499999999999 0.05407407407407407
0 0.3876041666666667 0.2935185185185185 0.0125 0.05981481481481481
0 0.39528645833333337 0.29504629629629625 0.01328125 0.06138888888888889
0 0.4024739583333333 0.3000462962962963 0.015572916666666665 0.06953703703703704
0 0.3478645833333333 0.28935185185185186 0.011041666666666667 0.059444444444444446
0 0.3198958333333334 0.31180555555555556 0.016354166666666666 0.07916666666666666
0 0.5137239583333334 0.29874999999999996 0.019010416666666665 0.08935185185185185
