0 0.6525260416666666 0.08361111111111111 0.032135416666666666 0.11074074074074074
0 0.7904166666666667 0.13250000000000003 0.02822916666666667 0.13870370370370372
0 0.12486979166666666 0.19518518518518518 0.028802083333333332 0.1585185185185185
0 0.240703125 0.7105092592592592 0.048177083333333336 0.23657407407407408
0 0.38145833333333334 0.07476851851851851 0.028958333333333332 0.1476851851851852
0 0.069921875 0.4103703703703704 0.026197916666666664 0.1762962962962963
0 0.7345052083333333 0.6389814814814815 0.055364583333333335 0.22574074074074074
0 0.37843750000000004 0.24412037037037035 0.04125 0.10305555555555555
0 0.04114583333333333 0.6888425925925925 0.05614583333333333 0.2223148148148148
0 0.19997395833333334 0.18157407407407408 0.028385416666666666 0.1648148148148148
0 0.9165625 0.52125 0.040625 0.19564814814814815
0 0.22544270833333332 0.11254629629629631 0.03348958333333333 0.1512037037037037
0 0.16484375 0.1965740740740741 0.028854166666666667 0.15648148148148147
0 0.47552083333333334 0.2485648148148148 0.04552083333333334 0.17787037037037037
0 0.23882812499999997 0.30671296296296297 0.04078125 0.20398148148148149
0 0.6321354166666667 0.2212962962962963 0.03364583333333333 0.16685185185185183
0 0.2904427083333333 0.38004629629629627 0.032656250000000005 0.1899074074074074
0 0.13833333333333334 0.6151851851851852 0.03177083333333333 0.19462962962962962
0 0.434609375 0.35833333333333334 0.03734375 0.17222222222222222
0 0.43041666666666667 0.22060185185185185 0.03260416666666667 0.1612037037037037
0 0.6574479166666667 0.21319444444444444 0.0240625 0.15138888888888888
0 0.574765625 0.20759259259259258 0.026093750000000002 0.14907407407407408
0 0.2958854166666667 0.20555555555555555 0.030625 0.14833333333333332
0 0.4075 0.3501851851851852 0.03729166666666666 0.1877777777777778
0 0.07330729166666666 0.6231481481481481 0.04567708333333333 0.22777777777777777
0 0.531328125 0.92625 0.038802083333333334 0.14935185185185187
0 0.25106770833333336 0.04259259259259259 0.029531250000000002 0.075
