0 0.42182291666666666 0.6515277777777777 0.09697916666666666 0.5308333333333333
0 0.32570312500000004 0.49986111111111114 0.029322916666666664 0.15731481481481482
0 0.5796875 0.5699537037037037 0.08114583333333333 0.30898148148148147
0 0.2767708333333333 0.4720833333333333 0.018020833333333333 0.10268518518518518
0 0.4950260416666667 0.58125 0.06744791666666666 0.36342592592592593
0 0.204921875 0.46236111111111106 0.023385416666666665 0.09620370370370371
0 0.24114583333333334 0.4833796296296297 0.022187500000000002 0.09898148148148149
0 0.22833333333333333 0.4812962962962963 0.0259375 0.09777777777777777
0 0.6389062499999999 0.4636574074074074 0.021458333333333336 0.09398148148148149
0 0.3491145833333334 0.4635185185185185 0.013229166666666665 0.06611111111111112
0 0.29390625000000004 0.45212962962962966 0.012708333333333332 0.060740740740740734
0 0.2900260416666667 0.4335185185185185 0.01078125 0.04814814814814815
0 0.31341145833333334 0.40652777777777777 0.009427083333333334 0.03305555555555556
