0 0.6524739583333333 0.08175925925925925 0.03234375 0.1075925925925926
0 0.37843750000000004 0.2434259259259259 0.041562499999999995 0.10462962962962963
0 0.4322916666666667 0.20981481481481482 0.03927083333333334 0.15925925925925927
0 0.27653645833333335 0.35217592592592595 0.03609375 0.17416666666666666
0 0.16479166666666664 0.19624999999999998 0.027604166666666666 0.15824074074074074
0 0.22080729166666666 0.3619907407407408 0.04130208333333333 0.1849074074074074
0 0.6556510416666667 0.2211574074074074 0.03109375 0.15675925925925926
0 0.8471614583333335 0.6560648148148148 0.053281249999999995 0.21842592592592594
0 0.4561458333333333 0.35203703703703704 0.03520833333333333 0.18296296296296297
0 0.2963020833333333 0.1914814814814815 0.03260416666666667 0.15703703703703703
0 0.9677864583333332 0.28481481481481485 0.031302083333333335 0.17555555555555555
0 0.6253645833333332 0.6902314814814815 0.04645833333333334 0.2426851851851852
0 0.7820833333333332 0.2480092592592593 0.034479166666666665 0.1525
0 0.17367187500000003 0.3674074074074074 0.032656250000000005 0.18425925925925926
0 0.13458333333333333 0.20504629629629628 0.028125 0.14824074074074073
0 0.17669270833333334 0.5500462962962962 0.04796875 0.19305555555555556
0 0.5008333333333334 0.3460185185185185 0.035520833333333335 0.19203703703703703
0 0.9165364583333333 0.5191666666666667 0.04119791666666666 0.19481481481481483
0 0.40557291666666667 0.1425925925925926 0.02822916666666667 0.15055555555555555
0 0.8960677083333334 0.2417129629629629 0.02890625 0.15435185185185185
0 0.926328125 0.7384722222222223 0.05307291666666667 0.22675925925925927
0 0.21471354166666667 0.5402777777777777 0.03296875 0.20833333333333334
0 0.24546874999999999 0.2448611111111111 0.0353125 0.18101851851851852
0 0.1738802083333333 0.06185185185185185 0.020989583333333332 0.11870370370370369
0 0.32919270833333336 0.6240277777777777 0.04578125 0.2250925925925926
0 0.21013020833333332 0.9164351851851852 0.05015625 0.16898148148148148
0 0.21723958333333335 0.23425925925925925 0.027604166666666666 0.15407407407407409
0 0.2759635416666667 0.1637037037037037 0.02744791666666667 0.13314814814814815
0 0.24299479166666668 0.14625 0.033177083333333336 0.15416666666666667
0 0.21604166666666666 0.07236111111111111 0.030312500000000003 0.14287037037037037
