0 0.826328125 0.5825462962962963 0.02890625 0.1362037037037037
0 0.23851562499999998 0.5760648148148148 0.024635416666666667 0.11305555555555555
0 0.8706510416666667 0.5376851851851853 0.020781249999999998 0.08888888888888889
0 0.21333333333333335 0.5723148148148147 0.022916666666666665 0.10981481481481481
0 0.8987760416666666 0.553425925925926 0.024010416666666666 0.09277777777777778
0 0.7240104166666667 0.5048611111111111 0.011770833333333335 0.05675925925925926
0 0.3988541666666666 0.4975462962962963 0.011354166666666667 0.04694444444444445
0 0.4341927083333334 0.504675925925926 0.010885416666666667 0.04972222222222222
0 0.5521614583333334 0.4788888888888889 0.007552083333333333 0.027962962962962964
0 0.31888020833333336 0.5480555555555555 0.01578125 0.08018518518518518
0 0.6452604166666667 0.4816666666666667 0.0090625 0.035925925925925924
0 0.29888020833333334 0.5528240740740742 0.017447916666666667 0.08027777777777778
0 0.3383333333333333 0.5390277777777778 0.016770833333333336 0.0787962962962963
0 0.310546875 0.5514351851851852 0.016302083333333335 0.08175925925925925
0 0.8878125000000001 0.4987500000000001 0.012916666666666667 0.046203703703703705
0 0.8421614583333333 0.5123148148148148 0.011927083333333333 0.04962962962962963
0 0.9014062500000001 0.4956944444444445 0.013958333333333333 0.04861111111111111
0 0.7087500000000001 0.49879629629629635 0.009791666666666667 0.04388888888888889
0 0.8557552083333333 0.5013888888888889 0.011927083333333333 0.04759259259259259
0 0.650390625 0.4826851851851853 0.009427083333333334 0.0374074074074074
