0 0.37859375 0.24356481481481482 0.04125 0.1050925925925926
0 0.7872916666666666 0.0713425925925926 0.03125 0.1349074074074074
0 0.6523697916666666 0.08486111111111112 0.032552083333333336 0.11101851851851853
0 0.30148437499999997 0.18518518518518517 0.032864583333333336 0.16203703703703703
0 0.434609375 0.21412037037037038 0.03411458333333333 0.15953703703703706
0 0.9158854166666667 0.5201388888888889 0.0515625 0.19824074074074075
0 0.20062500000000003 0.18319444444444447 0.0271875 0.16101851851851853
0 0.194140625 0.3909722222222222 0.03598958333333333 0.18972222222222224
0 0.8454427083333333 0.6550925925925926 0.05067708333333333 0.21907407407407406
0 0.26817708333333334 0.6111574074074073 0.043854166666666666 0.2260185185185185
0 0.12632812499999999 0.3013888888888889 0.031197916666666665 0.1875925925925926
0 0.23033854166666667 0.0687962962962963 0.030677083333333334 0.13574074074074075
0 0.8607552083333333 0.26055555555555554 0.03494791666666666 0.17555555555555555
0 0.234765625 0.18217592592592594 0.02890625 0.14935185185185187
0 0.15432291666666664 0.3065740740740741 0.030104166666666664 0.16925925925925928
0 0.40296875000000004 0.14856481481481482 0.023020833333333334 0.13935185185185187
0 0.2561979166666667 0.17601851851851855 0.025625000000000002 0.16240740740740742
0 0.16317708333333333 0.19592592592592592 0.026875 0.15518518518518518
0 0.7933333333333333 0.939675925925926 0.033749999999999995 0.12250000000000001
