0 0.2754947916666667 0.47259259259259256 0.018177083333333333 0.10351851851851851
0 0.76640625 0.5972685185185185 0.1075 0.38342592592592595
0 0.46624999999999994 0.6241666666666666 0.07270833333333333 0.4483333333333333
0 0.3805729166666667 0.5055555555555555 0.036145833333333335 0.18592592592592594
0 0.21526041666666668 0.4831481481481481 0.0215625 0.10444444444444444
0 0.5432552083333333 0.6723148148148148 0.08359375 0.602962962962963
0 0.8674999999999999 0.5370833333333332 0.05708333333333333 0.3241666666666667
0 0.2469791666666667 0.4738888888888889 0.016770833333333336 0.10092592592592593
0 0.3498958333333333 0.46240740740740743 0.015000000000000001 0.06722222222222221
0 0.3095572916666667 0.4538888888888889 0.011927083333333333 0.05703703703703704
0 0.336015625 0.45495370370370375 0.013385416666666667 0.056574074074074075
0 0.2958854166666666 0.4542592592592593 0.012291666666666668 0.0575925925925926
