0 0.6525520833333333 0.08421296296296296 0.03208333333333333 0.1100925925925926
0 0.37828125 0.24430555555555558 0.04083333333333334 0.10379629629629629
0 0.5514583333333333 0.1775 0.03260416666666667 0.17203703703703704
0 0.87515625 0.09828703703703703 0.029270833333333336 0.14138888888888887
0 0.25645833333333334 0.23064814814814816 0.0403125 0.1922222222222222
0 0.22252604166666667 0.09444444444444444 0.029635416666666668 0.15222222222222223
0 0.225546875 0.5333333333333333 0.04328125 0.2064814814814815
0 0.16466145833333334 0.19925925925925925 0.02921875 0.16148148148148148
0 0.19835937499999998 0.18287037037037038 0.02755208333333333 0.1638888888888889
0 0.0696875 0.41268518518518515 0.026875 0.17444444444444446
0 0.7799739583333333 0.09995370370370371 0.028489583333333336 0.13731481481481483
0 0.9164583333333334 0.5221296296296296 0.04052083333333333 0.19592592592592592
0 0.42986979166666667 0.21824074074074076 0.03203125 0.16
0 0.3811458333333333 0.07435185185185185 0.0284375 0.14685185185185184
0 0.5073177083333333 0.1573611111111111 0.03401041666666667 0.16416666666666668
0 0.12994791666666666 0.19638888888888892 0.027604166666666666 0.1496296296296296
0 0.4092708333333333 0.4052777777777778 0.034791666666666665 0.18
0 0.12875 0.65125 0.043645833333333335 0.23416666666666666
0 0.5882552083333333 0.16185185185185186 0.026302083333333334 0.14944444444444446
0 0.772890625 0.65 0.05078125 0.22907407407407407
0 0.13684895833333333 0.47874999999999995 0.03078125 0.18157407407407408
0 0.16859375 0.8657407407407407 0.048749999999999995 0.24814814814814815
0 0.454140625 0.17583333333333334 0.023697916666666666 0.1438888888888889
0 0.3058333333333333 0.48458333333333337 0.034270833333333334 0.19879629629629628
0 0.47984374999999996 0.4550462962962963 0.039375 0.18194444444444444
0 0.4034375 0.17430555555555555 0.0240625 0.1539814814814815
0 0.4452083333333334 0.4452314814814815 0.0475 0.19398148148148148
0 0.28187500000000004 0.1836111111111111 0.027291666666666665 0.16611111111111113
0 0.261015625 0.475 0.03484375 0.21259259259259258
0 0.5144270833333333 0.926111111111111 0.04604166666666667 0.1496296296296296
