0 0.6490885416666666 0.44990740740740737 0.022239583333333333 0.11092592592592593
0 0.4073697916666667 0.4425925925925926 0.02390625 0.11425925925925927
0 0.49138020833333335 0.4710648148148148 0.03734375 0.16027777777777777
0 0.7591666666666667 0.584675925925926 0.10375 0.5123148148148148
0 0.44416666666666665 0.4388888888888889 0.021249999999999998 0.10851851851851853
0 0.3292708333333333 0.4290740740740741 0.014479166666666666 0.0662962962962963
0 0.3815364583333334 0.4450925925925926 0.021718750000000002 0.1037037037037037
0 0.2646875 0.45092592592592595 0.026145833333333333 0.12055555555555554
0 0.029557291666666666 0.49537037037037035 0.04161458333333334 0.19611111111111112
0 0.284375 0.44027777777777777 0.02041666666666667 0.08444444444444445
0 0.062578125 0.48009259259259257 0.03453125 0.16111111111111112
