0 0.6524479166666667 0.08296296296296296 0.0325 0.10981481481481481
0 0.37822916666666667 0.24337962962962958 0.04177083333333333 0.10490740740740741
0 0.5055729166666666 0.08189814814814815 0.033229166666666664 0.15564814814814815
0 0.4531510416666667 0.06412037037037037 0.02796875 0.12638888888888888
0 0.20093750000000002 0.18356481481481482 0.028125 0.16527777777777777
0 0.253984375 0.3068518518518518 0.04130208333333333 0.1887037037037037
0 0.071875 0.410462962962963 0.028333333333333332 0.1762962962962963
0 0.9159635416666667 0.5205092592592593 0.04182291666666667 0.1937962962962963
0 0.8916927083333334 0.15935185185185186 0.03390625 0.16018518518518518
0 0.539609375 0.09379629629629631 0.02796875 0.14796296296296296
0 0.6957812499999999 0.5737037037037037 0.036041666666666666 0.19518518518518518
0 0.171328125 0.6923148148148148 0.04796875 0.24
0 0.8411979166666668 0.6826388888888889 0.04729166666666666 0.22768518518518518
0 0.9300260416666666 0.20930555555555558 0.029531250000000002 0.15305555555555556
0 0.29348958333333336 0.1452314814814815 0.029791666666666668 0.15305555555555556
0 0.41481770833333337 0.6349074074074075 0.04515625 0.23
0 0.42963541666666666 0.2200925925925926 0.027604166666666666 0.16037037037037036
0 0.16223958333333333 0.19662037037037036 0.028125 0.1539814814814815
0 0.13083333333333333 0.31069444444444444 0.026354166666666668 0.1628703703703704
0 0.21627604166666667 0.7130555555555556 0.037031249999999995 0.22111111111111112
0 0.20494791666666667 0.06060185185185185 0.034583333333333334 0.11935185185185186
0 0.48158854166666665 0.6364814814814814 0.055989583333333336 0.2224074074074074
0 0.38820312500000004 0.1626388888888889 0.03244791666666667 0.15916666666666668
0 0.23932291666666666 0.18074074074074073 0.03104166666666667 0.16037037037037036
0 0.5170833333333333 0.6362962962962962 0.04447916666666667 0.20351851851851852
0 0.9819531250000001 0.4752314814814815 0.037135416666666664 0.17435185185185187
0 0.13486979166666666 0.20249999999999999 0.038489583333333334 0.15037037037037038
0 0.23143229166666665 0.060138888888888895 0.02255208333333333 0.11842592592592593
0 0.9454427083333333 0.14976851851851852 0.04859375 0.1663888888888889
0 0.3902083333333334 0.05166666666666667 0.025520833333333333 0.10037037037037037
0 0.5404166666666667 0.9323611111111111 0.044375000000000005 0.13712962962962963
0 0.40411458333333333 0.15125 0.021249999999999998 0.13898148148148148
0 0.255859375 0.1360648148148148 0.03109375 0.17324074074074072
