0 0.07638020833333334 0.3716203703703704 0.04765625 0.15657407407407406
0 0.2194270833333333 0.42268518518518516 0.10197916666666668 0.38185185185185183
0 0.12872395833333333 0.3662037037037037 0.03755208333333333 0.13833333333333334
0 0.5793489583333333 0.32782407407407405 0.017552083333333336 0.06972222222222221
0 0.4591927083333333 0.35162037037037036 0.031927083333333335 0.15157407407407406
0 0.34226562499999996 0.34467592592592594 0.021614583333333333 0.09787037037037037
0 0.5083854166666667 0.35750000000000004 0.029583333333333333 0.13796296296296295
0 0.6483593750000001 0.36736111111111114 0.03140625 0.20898148148148146
0 0.38083333333333336 0.33305555555555555 0.01583333333333333 0.06648148148148147
0 0.27934895833333334 0.3695833333333333 0.02578125 0.15712962962962962
0 0.5291666666666667 0.3244444444444444 0.015520833333333334 0.05722222222222222
0 0.4855208333333333 0.34629629629629627 0.022708333333333334 0.06574074074074074
0 0.5436979166666667 0.3212962962962963 0.010833333333333334 0.040740740740740744
0 0.5519791666666667 0.32013888888888886 0.010624999999999999 0.03916666666666666
0 0.3572135416666667 0.3381018518518518 0.03109375 0.07175925925925926
0 0.495859375 0.35050925925925924 0.024635416666666667 0.09787037037037037
