0 0.6521614583333334 0.08296296296296296 0.03171875 0.11
0 0.3784374999999999 0.24319444444444446 0.04145833333333333 0.10527777777777778
0 0.26458333333333334 0.26564814814814813 0.035729166666666666 0.1737037037037037
0 0.4330208333333333 0.20953703703703705 0.03895833333333333 0.15925925925925927
0 0.5943489583333333 0.10046296296296296 0.03296875 0.14851851851851852
0 0.7586718749999999 0.06814814814814814 0.025364583333333336 0.13444444444444442
0 0.7882291666666668 0.16675925925925927 0.030625 0.1411111111111111
0 0.1835416666666667 0.7577777777777778 0.0475 0.24
0 0.9073697916666666 0.15930555555555556 0.028177083333333335 0.1625
0 0.9171875 0.5186574074074074 0.04 0.19916666666666666
0 0.8471354166666667 0.6554166666666666 0.05427083333333334 0.21638888888888888
0 0.3053385416666667 0.18787037037037035 0.030052083333333333 0.1612962962962963
0 0.8458854166666666 0.13046296296296298 0.028125 0.14814814814814814
0 0.21450520833333334 0.25981481481481483 0.029947916666666668 0.1648148148148148
0 0.19268229166666667 0.41287037037037033 0.04473958333333334 0.1748148148148148
0 0.47184895833333335 0.5057407407407407 0.03473958333333334 0.2051851851851852
0 0.175390625 0.24259259259259258 0.03640625 0.18388888888888888
0 0.40606770833333333 0.14254629629629628 0.029010416666666667 0.14750000000000002
0 0.2576822916666667 0.0763888888888889 0.026093750000000002 0.14055555555555557
0 0.9342708333333334 0.7415277777777777 0.0509375 0.22138888888888889
0 0.7075260416666667 0.9080555555555555 0.05026041666666667 0.18574074074074073
0 0.23203125 0.4139351851851852 0.030625 0.18935185185185185
0 0.14111979166666666 0.2010648148148148 0.029635416666666668 0.15324074074074073
0 0.5220572916666667 0.4896296296296297 0.03380208333333334 0.2114814814814815
0 0.7977083333333332 0.06578703703703703 0.029479166666666667 0.12564814814814815
0 0.175 0.06217592592592593 0.024791666666666667 0.12250000000000001
0 0.14638020833333334 0.05606481481481481 0.028489583333333336 0.11027777777777777
0 0.23335937499999998 0.14129629629629628 0.02671875 0.1638888888888889
