0 0.6521875 0.08268518518518518 0.03208333333333333 0.11074074074074074
0 0.37843750000000004 0.2434259259259259 0.04125 0.10518518518518517
0 0.7872135416666667 0.07148148148148148 0.031197916666666665 0.13203703703703704
0 0.18268229166666666 0.4169444444444444 0.03661458333333333 0.19333333333333336
0 0.598984375 0.05027777777777778 0.03171875 0.09740740740740741
0 0.4340364583333333 0.21407407407407408 0.03276041666666667 0.1590740740740741
0 0.20020833333333335 0.18518518518518517 0.025833333333333333 0.15444444444444447
0 0.30515624999999996 0.18375 0.027708333333333335 0.16268518518518518
0 0.263125 0.1887962962962963 0.025208333333333333 0.16203703703703703
0 0.9167447916666667 0.5199537037037036 0.05234375 0.19564814814814815
0 0.8456510416666666 0.6538888888888889 0.05036458333333334 0.21814814814814815
0 0.4037239583333333 0.14583333333333334 0.024739583333333332 0.14537037037037037
0 0.8654166666666666 0.23370370370370372 0.0396875 0.1748148148148148
0 0.791484375 0.23314814814814816 0.029635416666666668 0.16444444444444445
0 0.234375 0.6043518518518519 0.045625 0.23055555555555557
0 0.23549479166666665 0.1928703703703704 0.038697916666666665 0.14944444444444446
0 0.7564322916666666 0.9050462962962962 0.05182291666666667 0.19175925925925924
0 0.22716145833333332 0.07592592592592592 0.029427083333333333 0.145
0 0.134765625 0.28708333333333336 0.03296875 0.18694444444444444
0 0.1590885416666667 0.2914351851851852 0.029010416666666667 0.17046296296296296
0 0.7113802083333333 0.9186111111111112 0.04255208333333334 0.16462962962962965
0 0.19809895833333332 0.07356481481481482 0.02755208333333333 0.13972222222222222
0 0.16395833333333332 0.19333333333333336 0.0259375 0.15944444444444444
0 0.16833333333333333 0.0662962962962963 0.024166666666666666 0.12074074074074075
0 0.46755208333333337 0.9316666666666666 0.036145833333333335 0.1385185185185185
