0 0.5015625 0.5005092592592593 0.050208333333333334 0.10027777777777777
0 0.4128385416666667 0.5407407407407407 0.05203125 0.275
0 0.45765625000000004 0.5162962962962964 0.0465625 0.28203703703703703
0 0.63515625 0.6611574074074074 0.07739583333333333 0.5449074074074074
0 0.3380208333333333 0.5274537037037037 0.041562499999999995 0.26046296296296295
0 0.7339322916666666 0.6795833333333334 0.09796875 0.6360185185185185
0 0.5548177083333333 0.4598148148148148 0.020989583333333332 0.10351851851851851
0 0.8063020833333334 0.5604166666666667 0.06010416666666667 0.35898148148148146
0 0.5760677083333333 0.49717592592592597 0.02328125 0.11527777777777778
0 0.526875 0.4589351851851852 0.0196875 0.0913888888888889
0 0.09703125 0.6735185185185186 0.19041666666666668 0.6548148148148148
0 0.20919270833333334 0.47907407407407404 0.02276041666666667 0.09703703703703703
0 0.301875 0.45861111111111114 0.0165625 0.07037037037037037
0 0.5876041666666666 0.47449074074074077 0.02041666666666667 0.12435185185185187
0 0.37671875000000005 0.4684259259259259 0.011041666666666667 0.0587037037037037
