0 0.17825520833333333 0.571574074074074 0.11432291666666666 0.37833333333333335
0 0.44924479166666664 0.47375 0.028385416666666666 0.07398148148148148
0 0.2623697916666667 0.47208333333333335 0.018072916666666668 0.10564814814814814
0 0.6047656250000001 0.6507407407407407 0.09890625 0.5446296296296297
0 0.5090104166666667 0.6362962962962964 0.07458333333333332 0.4866666666666667
0 0.7857812499999999 0.45754629629629634 0.02822916666666667 0.10342592592592594
0 0.4292708333333333 0.46875 0.029479166666666667 0.05861111111111111
0 0.04049479166666667 0.5742129629629631 0.07859375 0.30564814814814817
0 0.22684895833333335 0.4878240740740741 0.02109375 0.09990740740740742
0 0.3500520833333333 0.46296296296296297 0.013541666666666667 0.06703703703703705
0 0.3364322916666667 0.45731481481481484 0.012864583333333334 0.0612962962962963
0 0.2965625 0.45412037037037034 0.010208333333333335 0.054907407407407405
0 0.30513020833333326 0.45328703703703704 0.01203125 0.05435185185185185
