0 0.8191145833333333 0.5811111111111111 0.027083333333333334 0.13055555555555556
0 0.24247395833333335 0.5765277777777778 0.02296875 0.10787037037037037
0 0.8646354166666668 0.535925925925926 0.01864583333333333 0.0862962962962963
0 0.21903645833333335 0.5729629629629629 0.021302083333333333 0.10907407407407407
0 0.8917447916666668 0.554074074074074 0.02411458333333333 0.09222222222222222
0 0.722265625 0.5038425925925927 0.01171875 0.056388888888888884
0 0.3998177083333333 0.498425925925926 0.01078125 0.04666666666666667
0 0.435 0.5053240740740741 0.010416666666666666 0.05009259259259259
0 0.34153645833333335 0.5395370370370369 0.01640625 0.08037037037037037
0 0.5526302083333333 0.479675925925926 0.00765625 0.02861111111111111
0 0.6443489583333334 0.4831944444444445 0.009322916666666665 0.036944444444444446
0 0.3013541666666667 0.5513425925925926 0.017083333333333332 0.07972222222222222
0 0.31911458333333337 0.549675925925926 0.016354166666666666 0.08064814814814815
0 0.31036458333333333 0.5522685185185185 0.013645833333333333 0.0837962962962963
0 0.84375 0.5119444444444444 0.013541666666666667 0.05277777777777778
0 0.32708333333333334 0.5460185185185186 0.013645833333333333 0.08074074074074074
0 0.8736458333333332 0.5087962962962963 0.012291666666666668 0.05185185185185185
0 0.8913281249999999 0.49773148148148144 0.013802083333333333 0.05064814814814815
0 0.7290625 0.49958333333333327 0.010729166666666668 0.047685185185185185
0 0.8550260416666666 0.5109259259259259 0.01203125 0.051666666666666666
0 0.7061197916666667 0.4976851851851852 0.01015625 0.045925925925925926
0 0.9040364583333333 0.49166666666666664 0.015364583333333333 0.05444444444444444
