0 0.652109375 0.08300925925925927 0.031614583333333335 0.10842592592592593
0 0.3782552083333333 0.24319444444444444 0.04192708333333333 0.10416666666666667
0 0.2328125 0.42171296296296296 0.043958333333333335 0.2175
0 0.7362239583333333 0.6380092592592593 0.05453125 0.22675925925925927
0 0.7889583333333333 0.13425925925925927 0.02875 0.1385185185185185
0 0.19953125 0.18064814814814814 0.028541666666666667 0.16574074074074074
0 0.38140625 0.07421296296296297 0.028958333333333332 0.14657407407407408
0 0.916875 0.5206481481481482 0.0403125 0.1938888888888889
0 0.27536458333333336 0.2668055555555555 0.04072916666666667 0.18046296296296296
0 0.44611979166666665 0.26523148148148146 0.03723958333333333 0.1675
0 0.07565104166666667 0.6230555555555556 0.04390625 0.23444444444444443
0 0.6855208333333334 0.2448148148148148 0.030729166666666665 0.15314814814814814
0 0.12315104166666666 0.19564814814814815 0.025885416666666668 0.15351851851851853
0 0.5365625 0.25375000000000003 0.036458333333333336 0.1612037037037037
0 0.023463541666666667 0.8053703703703704 0.03640625 0.22166666666666668
0 0.16380208333333332 0.19504629629629627 0.02802083333333333 0.15805555555555553
0 0.7773697916666666 0.2807407407407408 0.03588541666666667 0.18592592592592594
0 0.091796875 0.42162037037037037 0.029739583333333333 0.18157407407407408
0 0.47932291666666665 0.24749999999999997 0.028125 0.1548148148148148
0 0.2543229166666667 0.17592592592592593 0.028333333333333332 0.13592592592592595
0 0.29330729166666664 0.13560185185185183 0.024010416666666666 0.15305555555555556
0 0.7156770833333332 0.26967592592592593 0.0209375 0.1597222222222222
0 0.21343749999999997 0.10842592592592593 0.0275 0.1527777777777778
0 0.24153645833333334 0.09962962962962964 0.02713541666666667 0.1451851851851852
0 0.2681510416666667 0.11453703703703703 0.029531250000000002 0.16018518518518518
0 0.146015625 0.1679166666666667 0.02546875 0.1678703703703704
0 0.9884635416666667 0.3569907407407408 0.02411458333333333 0.17824074074074073
0 0.228671875 0.9297685185185185 0.05307291666666667 0.1423148148148148
