0 0.6525781249999999 0.08236111111111111 0.032656250000000005 0.10953703703703703
0 0.3782291666666666 0.24324074074074073 0.040937499999999995 0.10592592592592594
0 0.16481770833333334 0.6050462962962964 0.041093750000000005 0.21805555555555556
0 0.30494791666666665 0.18995370370370368 0.033749999999999995 0.16453703703703704
0 0.9170572916666667 0.5186574074074074 0.039322916666666666 0.1986111111111111
0 0.8470572916666667 0.6583796296296297 0.05057291666666666 0.21657407407407409
0 0.24424479166666668 0.31078703703703703 0.028489583333333336 0.1812037037037037
0 0.859375 0.06962962962962964 0.031875 0.13518518518518519
0 0.42466145833333335 0.2048611111111111 0.027760416666666666 0.16842592592592592
0 0.1614322916666667 0.24449074074074076 0.032135416666666666 0.1837962962962963
0 0.5351822916666666 0.6620370370370371 0.037656249999999995 0.22703703703703704
0 0.7834114583333334 0.10523148148148148 0.03276041666666667 0.14472222222222222
0 0.2646354166666666 0.1814814814814815 0.033749999999999995 0.16685185185185183
0 0.21643229166666667 0.31689814814814815 0.038489583333333334 0.16527777777777777
0 0.40591145833333336 0.1426388888888889 0.030052083333333333 0.1497222222222222
0 0.1353125 0.20185185185185187 0.02666666666666667 0.15222222222222223
0 0.5745572916666667 0.6441203703703704 0.038489583333333334 0.23249999999999998
0 0.194140625 0.2461111111111111 0.02703125 0.1590740740740741
0 0.7597916666666666 0.12212962962962963 0.025104166666666667 0.14425925925925928
0 0.2375 0.17620370370370372 0.0315625 0.15425925925925926
