0 0.7754947916666666 0.7014814814814815 0.03734375 0.17888888888888888
0 0.8457291666666666 0.6695833333333333 0.045625 0.18064814814814814
0 0.7446614583333333 0.6512962962962964 0.03890625 0.18185185185185185
0 0.07966145833333334 0.6981018518518519 0.02359375 0.15453703703703706
0 0.04859375 0.722962962962963 0.021145833333333332 0.14092592592592593
0 0.8048958333333333 0.5519907407407407 0.017812500000000002 0.08527777777777777
0 0.7191927083333333 0.6524537037037037 0.029531250000000002 0.17546296296296296
0 0.7678645833333333 0.5546296296296296 0.0203125 0.0812962962962963
0 0.70953125 0.5096759259259259 0.013020833333333334 0.05138888888888889
0 0.750078125 0.5492592592592593 0.020052083333333335 0.07777777777777778
0 0.74140625 0.5392592592592592 0.014479166666666666 0.06277777777777778
0 0.7177343749999999 0.5222685185185185 0.013489583333333333 0.050462962962962966
0 0.7272135416666666 0.5363425925925925 0.015572916666666665 0.06361111111111112
