0 0.6522656250000001 0.0824074074074074 0.032239583333333335 0.10981481481481481
0 0.3783333333333333 0.24333333333333335 0.040937499999999995 0.10537037037037036
0 0.30169270833333334 0.1899074074074074 0.033177083333333336 0.1612962962962963
0 0.7757031249999999 0.1648148148148148 0.028177083333333335 0.15203703703703703
0 0.4230208333333333 0.2073148148148148 0.03270833333333333 0.16499999999999998
0 0.9160937499999999 0.5183796296296297 0.045625 0.19342592592592592
0 0.17752604166666666 0.52 0.038489583333333334 0.20888888888888887
0 0.15166666666666667 0.26462962962962966 0.030520833333333334 0.1827777777777778
0 0.8465624999999999 0.6537962962962963 0.051666666666666666 0.2164814814814815
0 0.8456510416666667 0.16435185185185186 0.03244791666666667 0.16740740740740742
0 0.18723958333333332 0.26287037037037037 0.028645833333333332 0.1590740740740741
0 0.7934114583333333 0.08032407407407408 0.029947916666666668 0.1287962962962963
0 0.2549739583333333 0.2616666666666667 0.027760416666666666 0.17518518518518517
0 0.226640625 0.26425925925925925 0.03442708333333333 0.16092592592592594
0 0.247578125 0.13657407407407407 0.028697916666666667 0.155
0 0.2715104166666667 0.6408796296296296 0.04916666666666667 0.23083333333333333
0 0.6318229166666668 0.75 0.048854166666666664 0.2446296296296296
0 0.14708333333333332 0.0574537037037037 0.025729166666666668 0.11305555555555555
0 0.40367187499999996 0.14402777777777778 0.025572916666666667 0.1436111111111111
0 0.5970052083333334 0.7755092592592593 0.040468750000000005 0.23768518518518517
0 0.19992187499999997 0.1808796296296296 0.026197916666666664 0.16157407407407406
0 0.13648437500000002 0.20194444444444443 0.026510416666666665 0.14351851851851852
0 0.22153645833333335 0.13402777777777777 0.029531250000000002 0.1550925925925926
0 0.16335937500000003 0.1948148148148148 0.023489583333333335 0.1524074074074074
