0 0.37846354166666674 0.24361111111111114 0.041093750000000005 0.10500000000000001
0 0.28703125 0.22652777777777777 0.05552083333333333 0.17546296296296296
0 0.788984375 0.13347222222222221 0.029010416666666667 0.13787037037037037
0 0.7365885416666667 0.6385185185185185 0.05463541666666667 0.22777777777777777
0 0.9185677083333332 0.5206481481481481 0.039947916666666666 0.19407407407407407
0 0.38153645833333333 0.07444444444444444 0.029322916666666664 0.145
0 0.6459374999999999 0.08680555555555555 0.038125 0.10935185185185185
0 0.43002604166666664 0.2190277777777778 0.031614583333333335 0.1613888888888889
0 0.5611979166666666 0.274537037037037 0.040625 0.16407407407407407
0 0.22036458333333334 0.47263888888888894 0.044895833333333336 0.2187962962962963
0 0.07549479166666666 0.6230555555555556 0.04442708333333333 0.2312962962962963
0 0.199375 0.18009259259259258 0.0284375 0.16499999999999998
0 0.12596354166666668 0.19300925925925924 0.025052083333333332 0.15675925925925926
0 0.9582552083333334 0.2929166666666667 0.03348958333333333 0.16898148148148148
0 0.16307291666666668 0.19356481481481483 0.02822916666666667 0.1613888888888889
0 0.8595052083333333 0.3180092592592593 0.032656250000000005 0.17250000000000001
0 0.47265625 0.20555555555555555 0.031875 0.16925925925925928
0 0.12578125 0.4439814814814815 0.03364583333333333 0.18
0 0.23114583333333333 0.1573611111111111 0.027708333333333335 0.15064814814814814
0 0.25354166666666667 0.14527777777777778 0.026875 0.15925925925925927
0 0.7603645833333333 0.3030555555555555 0.02645833333333333 0.1612962962962963
0 0.7404687499999999 0.25578703703703703 0.026145833333333333 0.1628703703703704
0 0.5542708333333334 0.03189814814814815 0.025208333333333333 0.06194444444444445
0 0.011666666666666665 0.8936574074074074 0.022291666666666664 0.21453703703703703
0 0.143671875 0.4281481481481481 0.02432291666666667 0.17444444444444446
0 0.489375 0.20388888888888887 0.024583333333333336 0.15222222222222223
