0 0.652421875 0.08300925925925927 0.032552083333333336 0.10972222222222222
0 0.3784895833333334 0.24375 0.04135416666666667 0.10564814814814814
0 0.78625 0.07319444444444444 0.029791666666666668 0.13472222222222222
0 0.8520312499999999 0.20226851851851851 0.036041666666666666 0.1687962962962963
0 0.305703125 0.1849074074074074 0.029531250000000002 0.16499999999999998
0 0.17322916666666666 0.46550925925925923 0.03927083333333334 0.2010185185185185
0 0.91640625 0.5186111111111111 0.049374999999999995 0.1914814814814815
0 0.7821874999999999 0.19462962962962962 0.028333333333333332 0.16425925925925927
0 0.26361979166666666 0.2234722222222222 0.026197916666666664 0.16694444444444445
0 0.84609375 0.6547685185185185 0.05239583333333333 0.21898148148148147
0 0.6947916666666667 0.8466666666666667 0.04677083333333333 0.25555555555555554
0 0.23419270833333333 0.22800925925925927 0.03901041666666667 0.15175925925925926
0 0.20072916666666665 0.18203703703703705 0.0259375 0.1627777777777778
0 0.40356770833333333 0.14675925925925926 0.025677083333333333 0.14277777777777775
0 0.42932291666666667 0.20898148148148146 0.024479166666666666 0.15944444444444444
0 0.15046874999999998 0.2724537037037037 0.029375 0.1821296296296296
0 0.6502083333333334 0.8632870370370369 0.04677083333333333 0.2500925925925926
0 0.22216145833333334 0.6169907407407408 0.037031249999999995 0.2263888888888889
0 0.257265625 0.08481481481481482 0.023385416666666665 0.12722222222222224
0 0.23065104166666664 0.10203703703703702 0.032239583333333335 0.14833333333333332
0 0.17505208333333336 0.2740740740740741 0.030833333333333334 0.1662962962962963
0 0.5326302083333333 0.04282407407407408 0.04026041666666667 0.08157407407407406
0 0.13372395833333334 0.20078703703703704 0.02671875 0.15157407407407406
