0 0.652421875 0.08208333333333334 0.03244791666666667 0.10990740740740741
0 0.37875000000000003 0.24277777777777776 0.04135416666666667 0.10629629629629629
0 0.30072916666666666 0.1885185185185185 0.03229166666666667 0.1622222222222222
0 0.42377604166666666 0.20421296296296299 0.031510416666666666 0.16064814814814815
0 0.9173177083333334 0.518287037037037 0.039635416666666666 0.1975
0 0.8466927083333334 0.6544907407407408 0.05223958333333333 0.21805555555555556
0 0.7920052083333334 0.08546296296296296 0.031197916666666665 0.13796296296296295
0 0.17294270833333333 0.5497222222222222 0.040364583333333336 0.2124074074074074
0 0.3061458333333334 0.6469444444444444 0.04697916666666667 0.2324074074074074
0 0.7673177083333333 0.15092592592592594 0.028177083333333335 0.1574074074074074
0 0.248828125 0.27749999999999997 0.028281249999999997 0.17444444444444446
0 0.8345833333333333 0.15046296296296297 0.03125 0.1627777777777778
0 0.22190104166666666 0.27925925925925926 0.037760416666666664 0.16240740740740742
0 0.13499999999999998 0.20092592592592592 0.026979166666666665 0.15185185185185185
0 0.15911458333333334 0.2508333333333333 0.029270833333333336 0.18055555555555555
0 0.40445312499999997 0.14212962962962963 0.027760416666666666 0.145
0 0.18619791666666666 0.25708333333333333 0.029583333333333333 0.1637962962962963
0 0.5701041666666667 0.7244444444444444 0.041562499999999995 0.23166666666666666
0 0.2596614583333333 0.1512037037037037 0.032239583333333335 0.15703703703703703
0 0.608515625 0.7064814814814815 0.04171875 0.2375925925925926
0 0.14643229166666666 0.0562037037037037 0.02671875 0.10981481481481481
0 0.23046875 0.1502777777777778 0.030729166666666665 0.15462962962962962
0 0.19945312499999998 0.18319444444444447 0.02765625 0.1637962962962963
