0 0.65234375 0.08300925925925927 0.03260416666666667 0.11027777777777777
0 0.200234375 0.1800462962962963 0.02890625 0.1636111111111111
0 0.381171875 0.07435185185185185 0.02890625 0.14685185185185184
0 0.122734375 0.1950925925925926 0.026927083333333334 0.15333333333333332
0 0.06924479166666667 0.4116666666666667 0.025364583333333336 0.17055555555555554
0 0.789296875 0.1323611111111111 0.02921875 0.13824074074074075
0 0.22911458333333332 0.873287037037037 0.05260416666666667 0.25527777777777777
0 0.9170052083333332 0.520462962962963 0.039947916666666666 0.19518518518518518
0 0.16593750000000002 0.19564814814814815 0.029479166666666667 0.15833333333333333
0 0.5059375 0.27796296296296297 0.037083333333333336 0.1764814814814815
0 0.6142447916666668 0.21912037037037038 0.028281249999999997 0.16324074074074074
0 0.7347135416666667 0.6381481481481482 0.055156250000000004 0.2262962962962963
0 0.24242187499999998 0.37458333333333327 0.04161458333333334 0.2099074074074074
0 0.6652604166666667 0.2505555555555556 0.024791666666666667 0.15796296296296294
0 0.28546874999999994 0.3085185185185185 0.03729166666666666 0.18537037037037035
0 0.7321093750000001 0.2576851851851852 0.03505208333333333 0.1764814814814815
0 0.04697916666666667 0.7299074074074073 0.045000000000000005 0.20537037037037037
0 0.2933333333333333 0.1376851851851852 0.025833333333333333 0.15388888888888888
0 0.26424479166666665 0.21703703703703706 0.03036458333333333 0.14537037037037037
0 0.07549479166666666 0.6231944444444444 0.04369791666666667 0.2375
0 0.4319791666666667 0.2718055555555556 0.03354166666666667 0.18083333333333335
0 0.2434375 0.07268518518518519 0.027083333333333334 0.14351851851851852
0 0.45380208333333333 0.2838425925925926 0.02802083333333333 0.15657407407407406
0 0.20851562499999998 0.07930555555555555 0.025156249999999998 0.14916666666666667
0 0.266796875 0.11097222222222222 0.031302083333333335 0.14953703703703702
0 0.37828125 0.24379629629629632 0.029375 0.1401851851851852
0 0.6119270833333332 0.9311111111111111 0.042291666666666665 0.13962962962962963
