0 0.2233333333333333 0.43194444444444446 0.11572916666666666 0.40407407407407403
0 0.5690104166666666 0.3442592592592592 0.017291666666666667 0.06925925925925926
0 0.080859375 0.38111111111111107 0.03640625 0.14296296296296296
0 0.016171875 0.3894444444444445 0.031302083333333335 0.16
0 0.4441145833333333 0.36773148148148144 0.0321875 0.15435185185185185
0 0.32875000000000004 0.35379629629629633 0.022500000000000003 0.0937037037037037
0 0.4923697916666666 0.37263888888888885 0.028697916666666667 0.13342592592592592
0 0.6408854166666667 0.3827314814814815 0.027291666666666665 0.21694444444444447
0 0.3684895833333333 0.3471296296296296 0.014166666666666666 0.06296296296296296
0 0.5131510416666667 0.341712962962963 0.01421875 0.055462962962962964
0 0.5291145833333333 0.3384259259259259 0.011458333333333333 0.04333333333333333
0 0.4709114583333333 0.3602777777777778 0.025156249999999998 0.06907407407407407
0 0.3546875 0.34759259259259256 0.014583333333333334 0.06555555555555555
0 0.37765625 0.3437037037037037 0.013541666666666667 0.05555555555555555
