0 0.3302864583333333 0.6127777777777778 0.10119791666666668 0.44111111111111106
0 0.22546875 0.48087962962962966 0.030625 0.09731481481481481
0 0.6250781249999999 0.46064814814814814 0.021197916666666667 0.09351851851851851
0 0.42203124999999997 0.5656944444444445 0.059166666666666666 0.31324074074074076
0 0.4764322916666667 0.5493518518518518 0.06005208333333333 0.2659259259259259
0 0.20510416666666664 0.46152777777777776 0.022291666666666664 0.09712962962962964
0 0.5768229166666666 0.5024537037037037 0.02041666666666667 0.10731481481481482
0 0.5309114583333333 0.4585648148148148 0.01984375 0.09601851851851852
0 0.2540104166666667 0.4817592592592592 0.018125 0.09907407407407408
0 0.5579166666666666 0.4986111111111111 0.0209375 0.10314814814814816
0 0.6034375 0.46217592592592593 0.016770833333333336 0.08435185185185184
0 0.27166666666666667 0.46319444444444446 0.014479166666666666 0.08101851851851852
