0 0.6523177083333334 0.08291666666666668 0.03234375 0.10916666666666668
0 0.2003125 0.18 0.029270833333333336 0.16796296296296298
0 0.7894791666666666 0.13273148148148148 0.028854166666666667 0.1376851851851852
0 0.22997395833333334 0.820787037037037 0.04984375 0.245462962962963
0 0.1640625 0.1950925925925926 0.028854166666666667 0.1574074074074074
0 0.38125 0.07393518518518517 0.029166666666666667 0.14601851851851852
0 0.06955729166666667 0.4127314814814815 0.026093750000000002 0.1699074074074074
0 0.7354166666666667 0.6381018518518519 0.05427083333333334 0.2260185185185185
0 0.9169010416666666 0.5204166666666666 0.040364583333333336 0.1950925925925926
0 0.3783333333333333 0.24439814814814814 0.04072916666666667 0.10657407407407407
0 0.24036458333333333 0.3574537037037037 0.03958333333333333 0.20935185185185184
0 0.29356770833333334 0.13615740740740742 0.026197916666666664 0.1497222222222222
0 0.4844791666666667 0.2843981481481481 0.04020833333333333 0.18416666666666667
0 0.12726562500000002 0.1936111111111111 0.026093750000000002 0.15185185185185185
0 0.6412239583333332 0.23638888888888887 0.025052083333333332 0.15574074074074074
0 0.577734375 0.21027777777777779 0.03015625 0.16240740740740742
0 0.29281250000000003 0.3327777777777778 0.034583333333333334 0.19203703703703703
0 0.2642447916666667 0.24305555555555555 0.031302083333333335 0.15833333333333333
0 0.082734375 0.697037037037037 0.03661458333333333 0.19722222222222222
0 0.21023437500000003 0.06476851851851852 0.02484375 0.12768518518518518
0 0.705078125 0.25356481481481485 0.028489583333333336 0.16453703703703704
0 0.44203125 0.3024074074074074 0.029479166666666667 0.15925925925925927
0 0.419921875 0.29787037037037034 0.03203125 0.17518518518518517
0 0.2632552083333333 0.11708333333333332 0.028385416666666666 0.15194444444444444
0 0.24645833333333333 0.06532407407407408 0.0265625 0.1287962962962963
0 0.582109375 0.9284722222222223 0.04442708333333333 0.1449074074074074
0 0.3120572916666667 0.31486111111111115 0.02744791666666667 0.17601851851851852
