0 0.9382552083333333 0.6204629629629629 0.03557291666666666 0.13666666666666666
0 0.8874218749999999 0.6221296296296297 0.031614583333333335 0.1401851851851852
0 0.8221354166666667 0.5343518518518519 0.0203125 0.07981481481481481
0 0.7559635416666667 0.5473611111111111 0.020364583333333335 0.10064814814814815
0 0.048177083333333336 0.6518981481481482 0.033125 0.16083333333333333
0 0.2744270833333333 0.5614351851851852 0.02020833333333333 0.0937962962962963
0 0.25268229166666667 0.5574537037037036 0.018697916666666665 0.09398148148148149
0 0.7982552083333334 0.5201388888888889 0.016927083333333332 0.0762037037037037
0 0.5615885416666667 0.4746759259259259 0.00921875 0.03009259259259259
0 0.6316927083333332 0.47583333333333333 0.008072916666666667 0.03574074074074074
0 0.33773437500000003 0.5305092592592593 0.014531249999999999 0.06712962962962964
0 0.6984375 0.490324074074074 0.010416666666666666 0.045648148148148146
0 0.31908854166666667 0.529537037037037 0.01359375 0.06388888888888888
0 0.4153645833333333 0.4919907407407408 0.009479166666666667 0.043611111111111114
0 0.6854166666666667 0.4860185185185185 0.008645833333333333 0.044259259259259255
0 0.6804427083333332 0.48384259259259255 0.008177083333333333 0.04398148148148148
0 0.42083333333333334 0.4928240740740741 0.009375 0.04490740740740741
0 0.6904687499999999 0.48777777777777775 0.01 0.04611111111111111
0 0.34768229166666664 0.5255092592592592 0.015260416666666667 0.06712962962962964
0 0.42624999999999996 0.4962962962962963 0.009166666666666667 0.04407407407407408
0 0.4334635416666667 0.49856481481481485 0.00984375 0.04231481481481482
0 0.405390625 0.4883333333333333 0.009322916666666665 0.041296296296296296
