0 0.6398697916666667 0.3798611111111111 0.029947916666666668 0.13305555555555554
0 0.43914062500000006 0.3898611111111111 0.03380208333333334 0.17175925925925925
0 0.035520833333333335 0.38763888888888887 0.025 0.11527777777777778
0 0.5270052083333333 0.3984722222222222 0.03328125 0.11175925925925927
0 0.47687499999999994 0.39472222222222225 0.030520833333333334 0.1537037037037037
0 0.5543229166666667 0.4039351851851852 0.0340625 0.10416666666666667
0 0.761171875 0.3851851851851852 0.04234375 0.18203703703703702
0 0.5862239583333333 0.3587962962962963 0.017552083333333336 0.06944444444444445
0 0.3560416666666667 0.3610648148148148 0.014166666666666666 0.055092592592592596
0 0.011328125 0.3921296296296296 0.021614583333333333 0.10722222222222222
0 0.4161458333333333 0.3608333333333334 0.016666666666666666 0.055740740740740743
0 0.37934895833333326 0.3551388888888889 0.012552083333333333 0.047685185185185185
0 0.3719791666666667 0.3564351851851852 0.0125 0.04842592592592592
0 0.6181249999999999 0.35856481481481484 0.015416666666666667 0.0600925925925926
0 0.3650260416666667 0.3602314814814815 0.01265625 0.04990740740740741
