0 0.930234375 0.6947222222222222 0.05026041666666667 0.21703703703703706
0 0.050520833333333334 0.6165277777777778 0.033125 0.14324074074074072
0 0.1621614583333333 0.5989351851851851 0.025989583333333333 0.1250925925925926
0 0.13005208333333332 0.6044907407407407 0.024583333333333336 0.11712962962962963
0 0.18763020833333333 0.5716203703703704 0.021614583333333333 0.10138888888888889
0 0.9275260416666667 0.5725462962962963 0.02755208333333333 0.09787037037037037
0 0.10497395833333333 0.6038888888888889 0.02276041666666667 0.10833333333333334
0 0.5787239583333332 0.4890277777777778 0.009739583333333333 0.03861111111111112
0 0.020338541666666664 0.6094444444444443 0.02796875 0.14129629629629628
0 0.33455729166666665 0.5191666666666666 0.011510416666666667 0.06
0 0.2923958333333333 0.5115740740740741 0.0115625 0.05703703703703704
0 0.78859375 0.5139814814814815 0.013020833333333334 0.06314814814814815
0 0.6137239583333333 0.505 0.011510416666666667 0.048888888888888885
0 0.6915104166666666 0.5268981481481482 0.013645833333333333 0.06268518518518519
0 0.44411458333333337 0.4855092592592593 0.008020833333333333 0.031203703703703706
0 0.7660416666666666 0.5201388888888889 0.013125 0.05324074074074074
0 0.7560416666666667 0.5184722222222222 0.011666666666666665 0.04898148148148148
0 0.08898437500000002 0.602037037037037 0.017760416666666667 0.09185185185185185
0 0.6779427083333334 0.5113425925925926 0.011197916666666667 0.050277777777777775
0 0.6030729166666667 0.49953703703703706 0.010416666666666666 0.04240740740740741
0 0.7782552083333333 0.5171759259259259 0.012864583333333334 0.056018518518518516
0 0.30992187499999996 0.5082407407407408 0.01046875 0.05296296296296297
0 0.31763020833333333 0.5120370370370371 0.01078125 0.053148148148148146
0 0.6219270833333332 0.5049537037037037 0.011250000000000001 0.046203703703703705
0 0.8726302083333334 0.5599074074074074 0.021822916666666668 0.11425925925925927
0 0.07726562499999999 0.600462962962963 0.016302083333333335 0.09111111111111111
