0 0.6522135416666667 0.08458333333333333 0.03171875 0.10990740740740741
0 0.37817708333333333 0.24379629629629632 0.041666666666666664 0.10555555555555556
0 0.8877083333333334 0.11037037037037037 0.029895833333333333 0.14425925925925928
0 0.7770312500000001 0.08800925925925926 0.028125 0.1375
0 0.1515625 0.6552314814814816 0.051666666666666666 0.2397222222222222
0 0.13932291666666666 0.46064814814814814 0.03145833333333333 0.17574074074074075
0 0.5048697916666667 0.1435648148148148 0.03307291666666667 0.1637962962962963
0 0.916328125 0.5217592592592593 0.04130208333333333 0.19314814814814815
0 0.4301041666666666 0.21777777777777776 0.03104166666666667 0.16240740740740742
0 0.19854166666666667 0.18342592592592594 0.028541666666666667 0.16648148148148148
0 0.5421875 0.16875 0.030416666666666665 0.16824074074074072
0 0.38109375 0.07305555555555555 0.028125 0.1438888888888889
0 0.226171875 0.09990740740740742 0.029114583333333333 0.155
0 0.25536458333333334 0.21736111111111112 0.03885416666666666 0.18472222222222223
0 0.070234375 0.4131018518518519 0.02703125 0.17509259259259258
0 0.1621614583333333 0.19879629629629628 0.028281249999999997 0.16092592592592594
0 0.5779166666666666 0.15847222222222224 0.027708333333333335 0.1512037037037037
0 0.12932291666666665 0.1975462962962963 0.030312500000000003 0.1550925925925926
0 0.22166666666666665 0.5046759259259259 0.04416666666666667 0.2125
0 0.4491927083333333 0.4598148148148148 0.04848958333333333 0.20685185185185187
0 0.181328125 0.8875925925925926 0.04932291666666667 0.22666666666666668
0 0.29750000000000004 0.5028703703703704 0.034583333333333334 0.20185185185185187
0 0.7859375 0.6591666666666667 0.04895833333333333 0.22962962962962963
0 0.28070312499999994 0.1786111111111111 0.025052083333333332 0.16185185185185186
0 0.4817708333333333 0.4660185185185185 0.04041666666666666 0.18222222222222223
0 0.25778645833333336 0.4960648148148148 0.03421875 0.21398148148148147
0 0.40033854166666666 0.1739814814814815 0.02453125 0.15962962962962962
0 0.44567708333333333 0.17055555555555554 0.0278125 0.1401851851851852
0 0.508125 0.924537037037037 0.03895833333333333 0.1527777777777778
