0 0.5001822916666667 0.4999074074074074 0.04984375 0.10314814814814816
0 0.23494791666666667 0.48111111111111116 0.027916666666666666 0.1012962962962963
0 0.20557291666666666 0.4624537037037037 0.022395833333333334 0.09768518518518518
0 0.6505729166666666 0.45976851851851847 0.021354166666666667 0.09472222222222222
0 0.43528645833333335 0.5382407407407407 0.05098958333333334 0.24018518518518517
0 0.57625 0.5009722222222222 0.020520833333333332 0.1087962962962963
0 0.33283854166666665 0.5876851851851852 0.07213541666666666 0.3633333333333333
0 0.266875 0.4831944444444445 0.018333333333333333 0.09861111111111111
0 0.5334635416666667 0.45944444444444443 0.020468749999999997 0.09351851851851851
0 0.5588541666666667 0.49805555555555553 0.020833333333333332 0.10111111111111111
0 0.38148437500000004 0.5574074074074075 0.05234375 0.2992592592592592
0 0.28484375 0.4542592592592593 0.016041666666666666 0.06537037037037037
