0 0.22151041666666665 0.44069444444444444 0.11729166666666666 0.43472222222222223
0 0.023411458333333333 0.38513888888888886 0.04078125 0.15083333333333335
0 0.439453125 0.3702314814814815 0.031510416666666666 0.15212962962962964
0 0.33111979166666666 0.3620833333333333 0.021614583333333333 0.09564814814814815
0 0.5772395833333335 0.3433333333333333 0.018125 0.075
0 0.49408854166666666 0.3739814814814815 0.02984375 0.13944444444444443
0 0.6519791666666668 0.38560185185185186 0.0384375 0.23157407407407407
0 0.6103645833333332 0.3699074074074074 0.03104166666666667 0.13685185185185186
0 0.372109375 0.34814814814814815 0.013489583333333333 0.06351851851851852
0 0.47132812500000004 0.3636111111111111 0.024947916666666667 0.06851851851851852
0 0.517265625 0.34138888888888885 0.014947916666666667 0.05685185185185185
0 0.35955729166666667 0.34828703703703706 0.01390625 0.062129629629629625
0 0.5592447916666666 0.33513888888888893 0.013177083333333334 0.04416666666666667
