0 0.6520833333333333 0.08282407407407408 0.03208333333333333 0.10990740740740741
0 0.5843489583333333 0.07546296296296297 0.032552083333333336 0.14685185185185184
0 0.3784635416666667 0.2434722222222222 0.04140625 0.10527777777777778
0 0.7866145833333335 0.15462962962962962 0.029583333333333333 0.14037037037037037
0 0.433046875 0.20981481481481484 0.03828125 0.16166666666666665
0 0.8473958333333333 0.6558333333333333 0.05427083333333334 0.21925925925925926
0 0.19518229166666667 0.3929166666666667 0.041093750000000005 0.16972222222222225
0 0.265078125 0.24435185185185182 0.031302083333333335 0.1701851851851852
0 0.17513020833333334 0.24032407407407408 0.03682291666666667 0.18324074074074076
0 0.917109375 0.5194907407407408 0.039322916666666666 0.19712962962962963
0 0.3064322916666667 0.18930555555555553 0.03036458333333333 0.16268518518518518
0 0.25953125 0.06462962962962962 0.025 0.1274074074074074
0 0.89890625 0.13194444444444445 0.027083333333333334 0.15425925925925926
0 0.17302083333333335 0.7174074074074074 0.044895833333333336 0.23425925925925925
0 0.406875 0.14194444444444446 0.029062499999999998 0.1524074074074074
0 0.5272135416666667 0.5230555555555555 0.03640625 0.20907407407407408
0 0.23671875 0.3850925925925926 0.02875 0.18481481481481482
0 0.754453125 0.0763888888888889 0.02734375 0.1448148148148148
0 0.48304687500000004 0.5396296296296296 0.03692708333333334 0.20833333333333334
0 0.8378125 0.10143518518518518 0.029479166666666667 0.14083333333333334
0 0.14606770833333332 0.05759259259259259 0.02765625 0.11185185185185186
0 0.7941145833333333 0.07060185185185185 0.03135416666666667 0.1387962962962963
0 0.13861979166666666 0.1999074074074074 0.02723958333333333 0.15592592592592594
0 0.22604166666666667 0.24125000000000002 0.0296875 0.1675
0 0.9365364583333334 0.7409259259259259 0.04765625 0.2164814814814815
0 0.7325260416666667 0.9371296296296296 0.04953125 0.1275925925925926
