0 0.6519791666666667 0.08273148148148148 0.03177083333333333 0.10824074074074075
0 0.7898958333333334 0.1325925925925926 0.028333333333333332 0.1375925925925926
0 0.5226822916666667 0.19462962962962962 0.030885416666666665 0.15796296296296294
0 0.23427083333333334 0.7457870370370371 0.051145833333333335 0.24212962962962964
0 0.06955729166666667 0.41148148148148145 0.025364583333333336 0.17518518518518517
0 0.20015625 0.17875000000000002 0.028958333333333332 0.16620370370370371
0 0.38122395833333333 0.07490740740740741 0.029427083333333333 0.14796296296296296
0 0.124921875 0.19430555555555554 0.028593749999999998 0.15527777777777776
0 0.7351302083333333 0.6388888888888888 0.054322916666666665 0.22666666666666668
0 0.916640625 0.52125 0.04078125 0.19694444444444442
0 0.3784114583333334 0.24388888888888893 0.040468750000000005 0.10296296296296296
0 0.16455729166666666 0.19587962962962965 0.028385416666666666 0.15638888888888888
0 0.5998958333333333 0.2175 0.024479166666666666 0.14833333333333332
0 0.24005208333333336 0.11300925925925925 0.029479166666666667 0.15064814814814814
0 0.07510416666666667 0.624537037037037 0.045625 0.23425925925925925
0 0.23989583333333334 0.3239814814814815 0.04020833333333333 0.20462962962962963
0 0.291953125 0.3594907407407407 0.03307291666666667 0.20249999999999999
0 0.2939322916666667 0.13712962962962966 0.02703125 0.15314814814814814
0 0.30807291666666664 0.2247685185185185 0.034479166666666665 0.1576851851851852
0 0.13255208333333332 0.6461574074074075 0.035729166666666666 0.2013888888888889
0 0.46518229166666664 0.26439814814814816 0.039322916666666666 0.17175925925925925
0 0.6591927083333334 0.23342592592592595 0.030885416666666665 0.16166666666666665
0 0.43039062499999997 0.2173148148148148 0.03234375 0.16111111111111112
0 0.43203125 0.33773148148148147 0.03229166666666667 0.16416666666666668
0 0.40697916666666667 0.33587962962962964 0.035 0.18472222222222223
0 0.27705729166666665 0.2813425925925926 0.03078125 0.16712962962962963
0 0.6772916666666667 0.23078703703703704 0.027291666666666665 0.1537962962962963
0 0.5502083333333334 0.9194444444444444 0.03770833333333334 0.16296296296296298
