0 0.33937500000000004 0.6137037037037036 0.11427083333333334 0.44981481481481483
0 0.22669270833333333 0.48194444444444445 0.02703125 0.09555555555555556
0 0.4879427083333333 0.5519444444444445 0.06359374999999999 0.27111111111111114
0 0.5765885416666666 0.5017592592592592 0.01932291666666667 0.10629629629629629
0 0.42942708333333335 0.5669444444444444 0.06208333333333334 0.3325925925925926
0 0.20479166666666668 0.4618055555555556 0.023020833333333334 0.09805555555555556
0 0.619609375 0.46185185185185185 0.021510416666666664 0.09074074074074075
0 0.27403645833333334 0.4725 0.019010416666666665 0.1025925925925926
0 0.5583072916666666 0.49694444444444447 0.01963541666666667 0.1025925925925926
0 0.25244791666666666 0.48115740740740737 0.018020833333333333 0.10324074074074074
0 0.6065625000000001 0.46277777777777773 0.017395833333333333 0.08592592592592592
0 0.26427083333333334 0.4762037037037037 0.017291666666666667 0.1037037037037037
0 0.29382812500000005 0.45578703703703705 0.011927083333333333 0.05787037037037037
0 0.515234375 0.5163425925925925 0.04317708333333334 0.22453703703703703
