0 0.303515625 0.5090277777777777 0.05296875 0.20324074074074075
0 0.7959375000000001 0.46578703703703705 0.0234375 0.10175925925925926
0 0.7260937500000001 0.507175925925926 0.043645833333333335 0.25027777777777777
0 0.18999999999999997 0.4955555555555556 0.04 0.16462962962962965
0 0.5658854166666667 0.4575462962962963 0.021354166666666667 0.10490740740740741
0 0.13677083333333334 0.44819444444444445 0.015625 0.06657407407407408
0 0.5916406249999999 0.4545370370370371 0.02484375 0.10796296296296296
0 0.26044270833333333 0.49638888888888894 0.03203125 0.16666666666666666
0 0.234765625 0.49874999999999997 0.032552083333333336 0.16083333333333333
0 0.5407031250000001 0.4460648148148148 0.016822916666666667 0.07824074074074074
0 0.35385416666666664 0.446712962962963 0.012395833333333333 0.056574074074074075
0 0.398125 0.45319444444444446 0.012604166666666666 0.0675
0 0.3816666666666667 0.4486574074074074 0.011145833333333332 0.055092592592592596
0 0.388125 0.45064814814814813 0.012187499999999999 0.060925925925925925
0 0.3716666666666667 0.4448148148148148 0.011458333333333333 0.056296296296296296
0 0.3466666666666667 0.4491203703703704 0.011875 0.05472222222222222
0 0.40651041666666665 0.45222222222222225 0.0103125 0.065
