0 0.5010677083333334 0.4992592592592593 0.05005208333333333 0.10222222222222223
0 0.22817708333333334 0.48004629629629636 0.0328125 0.09601851851851852
0 0.6430989583333333 0.4606018518518518 0.021302083333333333 0.09638888888888889
0 0.335234375 0.6021296296296296 0.07776041666666668 0.3809259259259259
0 0.5764843749999999 0.5036111111111111 0.01963541666666667 0.10481481481481482
0 0.5323177083333334 0.4586574074074074 0.02015625 0.09601851851851852
0 0.44765625 0.5375925925925925 0.0459375 0.24296296296296294
0 0.3911979166666667 0.5567129629629629 0.057187499999999995 0.3073148148148148
0 0.20583333333333334 0.4615740740740741 0.021770833333333333 0.09722222222222222
0 0.26278645833333336 0.48236111111111113 0.02140625 0.09972222222222223
0 0.558125 0.4990277777777778 0.020625 0.10064814814814815
0 0.28489583333333335 0.4549074074074074 0.015000000000000001 0.06962962962962964
0 0.5865104166666666 0.46499999999999997 0.018229166666666668 0.07925925925925925
