0 0.44924479166666664 0.47342592592592586 0.02723958333333333 0.07111111111111111
0 0.6214583333333333 0.5372222222222223 0.0509375 0.2585185185185185
0 0.38549479166666667 0.46259259259259256 0.02109375 0.09481481481481482
0 0.42953125000000003 0.46953703703703703 0.028125 0.05611111111111111
0 0.5599479166666668 0.5182407407407408 0.068125 0.2662962962962963
0 0.2116666666666667 0.4821296296296296 0.025104166666666667 0.1061111111111111
0 0.914921875 0.6852314814814814 0.13557291666666668 0.6313888888888889
0 0.228515625 0.4802777777777778 0.02296875 0.09740740740740741
0 0.5088281250000001 0.5111111111111111 0.04140625 0.21888888888888888
0 0.34434895833333334 0.47027777777777774 0.019010416666666665 0.1012962962962963
0 0.295234375 0.4628240740740741 0.01578125 0.07694444444444444
0 0.3134895833333334 0.4626851851851852 0.0215625 0.07666666666666666
0 0.35630208333333335 0.4638888888888889 0.017916666666666668 0.09240740740740741
0 0.26804687499999996 0.45092592592592595 0.011822916666666666 0.05203703703703704
0 0.2766145833333333 0.4497222222222222 0.011250000000000001 0.05074074074074074
0 0.6464583333333334 0.46412037037037035 0.027395833333333335 0.10546296296296297
