0 0.6525 0.08277777777777778 0.03239583333333333 0.10944444444444444
0 0.6002343749999999 0.21592592592592594 0.04307291666666667 0.1590740740740741
0 0.20013020833333334 0.1799537037037037 0.029739583333333333 0.1673148148148148
0 0.7894791666666666 0.13287037037037036 0.029375 0.13907407407407407
0 0.23208333333333334 0.8534259259259259 0.0534375 0.25870370370370366
0 0.12388020833333332 0.19574074074074074 0.026302083333333334 0.1537037037037037
0 0.3813541666666667 0.0749537037037037 0.029270833333333336 0.14805555555555555
0 0.9167708333333333 0.5204166666666666 0.04041666666666666 0.1936111111111111
0 0.06919270833333332 0.410787037037037 0.02578125 0.1726851851851852
0 0.4981510416666666 0.28375 0.03609375 0.18157407407407408
0 0.7350520833333333 0.6383796296296297 0.05479166666666667 0.22564814814814813
0 0.24247395833333335 0.36949074074074073 0.04057291666666667 0.20787037037037037
0 0.1640625 0.19490740740740742 0.028333333333333332 0.15555555555555556
0 0.2909635416666667 0.3194444444444444 0.03796875 0.1887037037037037
0 0.29330729166666664 0.13787037037037037 0.026093750000000002 0.1562962962962963
0 0.26390625 0.2286574074074074 0.030104166666666664 0.14527777777777778
0 0.6535416666666667 0.24333333333333335 0.022708333333333334 0.15462962962962962
0 0.0759375 0.6244907407407407 0.0453125 0.2412037037037037
0 0.4270052083333333 0.28277777777777774 0.03442708333333333 0.1762962962962963
0 0.7209895833333334 0.2554166666666667 0.0353125 0.17287037037037037
0 0.20895833333333333 0.07148148148148148 0.024895833333333332 0.1401851851851852
0 0.44869791666666664 0.2940277777777777 0.029166666666666667 0.16546296296296295
0 0.06005208333333333 0.7102777777777777 0.03520833333333333 0.20981481481481482
0 0.26674479166666665 0.11416666666666667 0.03046875 0.15574074074074074
0 0.246640625 0.06870370370370371 0.027864583333333335 0.13555555555555557
0 0.6002864583333333 0.9289814814814815 0.044843749999999995 0.1438888888888889
