0 0.39135416666666667 0.5060185185185185 0.04510416666666666 0.19611111111111112
0 0.214375 0.4831481481481481 0.022395833333333334 0.10351851851851851
0 0.27486979166666664 0.472962962962963 0.018281250000000002 0.10222222222222223
0 0.4688541666666667 0.6250462962962963 0.07864583333333333 0.46324074074074073
0 0.7833333333333333 0.5912962962962963 0.09229166666666666 0.382962962962963
0 0.5514843749999999 0.6725925925925925 0.08067708333333333 0.592037037037037
0 0.24432291666666667 0.47481481481481486 0.016979166666666667 0.09851851851851852
0 0.7029427083333333 0.46069444444444446 0.023489583333333335 0.0987962962962963
0 0.8432291666666667 0.5397222222222222 0.07770833333333332 0.3059259259259259
0 0.3496614583333333 0.46199074074074076 0.014114583333333335 0.06731481481481481
0 0.3081770833333333 0.455462962962963 0.012916666666666667 0.05611111111111111
0 0.33033854166666665 0.45393518518518516 0.012864583333333334 0.054907407407407405
0 0.29908854166666665 0.4559259259259259 0.012760416666666666 0.056296296296296296
0 0.28773437500000004 0.4610185185185185 0.01390625 0.07296296296296297
