0 0.6523697916666668 0.08273148148148148 0.03244791666666667 0.11064814814814815
0 0.3784114583333333 0.24328703703703702 0.04119791666666666 0.10657407407407407
0 0.300234375 0.18847222222222224 0.03421875 0.16453703703703704
0 0.42421875 0.20638888888888887 0.0334375 0.16537037037037036
0 0.9167447916666666 0.5181944444444444 0.04015625 0.1975
0 0.8464322916666666 0.6548611111111111 0.052656249999999995 0.21768518518518518
0 0.17625000000000002 0.5416666666666666 0.04041666666666666 0.2114814814814815
0 0.7711718750000001 0.15333333333333332 0.028281249999999997 0.15666666666666665
0 0.15690104166666666 0.2545833333333334 0.029531250000000002 0.1826851851851852
0 0.224609375 0.2765740740740741 0.03692708333333334 0.16018518518518518
0 0.18601562500000002 0.2607407407407408 0.028697916666666667 0.16685185185185183
0 0.2518489583333333 0.26875 0.02703125 0.17287037037037037
0 0.4044010416666667 0.1450462962962963 0.026406250000000003 0.14583333333333334
0 0.7938020833333334 0.08356481481481481 0.03197916666666666 0.13416666666666668
0 0.14703124999999997 0.05740740740740741 0.02645833333333333 0.11259259259259259
0 0.837265625 0.15842592592592591 0.03421875 0.16407407407407407
0 0.29390625 0.6416203703703705 0.04770833333333333 0.22824074074074074
0 0.13510416666666666 0.20092592592592592 0.025833333333333333 0.1512962962962963
0 0.25593750000000004 0.14300925925925925 0.030833333333333334 0.16064814814814815
0 0.6197135416666666 0.727037037037037 0.05109375 0.23925925925925923
0 0.5818229166666666 0.7465277777777778 0.04177083333333333 0.23787037037037034
0 0.20093750000000002 0.18305555555555555 0.028125 0.1598148148148148
0 0.22536458333333337 0.14148148148148149 0.030312500000000003 0.15611111111111112
