0 0.2719791666666667 0.4726851851851852 0.021979166666666668 0.10092592592592593
0 0.9180989583333333 0.617037037037037 0.10057291666666666 0.4546296296296296
0 0.426796875 0.5094907407407407 0.03588541666666667 0.2010185185185185
0 0.7153124999999999 0.522037037037037 0.07145833333333333 0.2557407407407407
0 0.5805208333333333 0.6553703703703704 0.10166666666666666 0.5627777777777777
0 0.22638020833333336 0.48407407407407405 0.02484375 0.09722222222222222
0 0.5028125 0.6341203703703704 0.06927083333333334 0.48657407407407405
0 0.3495052083333333 0.4622685185185185 0.01359375 0.06768518518518518
0 0.6294791666666666 0.4612037037037037 0.018229166666666668 0.08907407407407408
0 0.20984375 0.48120370370370363 0.022916666666666665 0.1024074074074074
0 0.44927083333333334 0.4723148148148148 0.028125 0.07111111111111111
0 0.3078125 0.45490740740740737 0.012812500000000001 0.05444444444444444
0 0.29703124999999997 0.455462962962963 0.012916666666666667 0.055740740740740743
0 0.28908854166666664 0.4575462962962963 0.01328125 0.06138888888888889
0 0.3246614583333333 0.45203703703703707 0.012447916666666666 0.05203703703703704
0 0.027864583333333335 0.5925462962962963 0.041041666666666664 0.46564814814814814
