0 0.5008854166666666 0.4996759259259259 0.05072916666666667 0.10305555555555555
0 0.4491145833333333 0.47250000000000003 0.027395833333333335 0.07092592592592592
0 0.20643229166666668 0.4622685185185185 0.022447916666666668 0.09787037037037037
0 0.6654947916666667 0.4611574074074074 0.019010416666666665 0.0925
0 0.5766145833333333 0.5032407407407408 0.019375 0.10740740740740741
0 0.38950520833333335 0.5265277777777777 0.04526041666666667 0.20787037037037037
0 0.22898437500000002 0.4634722222222222 0.021718750000000002 0.0799074074074074
0 0.30671875 0.5655555555555555 0.06145833333333333 0.3014814814814815
0 0.55875 0.4979166666666667 0.0209375 0.10453703703703704
0 0.5339062499999999 0.4613425925925926 0.022187500000000002 0.10138888888888889
0 0.25393229166666664 0.47773148148148153 0.018385416666666664 0.09287037037037037
0 0.3459375 0.5420370370370371 0.04854166666666667 0.26722222222222225
0 0.42950520833333333 0.4687962962962963 0.026614583333333334 0.054259259259259264
0 0.58203125 0.4622222222222222 0.020729166666666667 0.0962962962962963
