0 0.5006770833333334 0.4989351851851852 0.051145833333333335 0.10361111111111111
0 0.6422916666666667 0.46111111111111114 0.021145833333333332 0.09574074074074075
0 0.227734375 0.4802777777777778 0.032656250000000005 0.0961111111111111
0 0.3360677083333333 0.6033796296296297 0.08088541666666667 0.3960185185185185
0 0.5763020833333333 0.5036574074074075 0.019791666666666666 0.10453703703703704
0 0.532421875 0.45805555555555555 0.019947916666666666 0.09574074074074075
0 0.3930208333333333 0.5553703703703703 0.059270833333333335 0.30722222222222223
0 0.20588541666666665 0.4619444444444445 0.022291666666666664 0.09777777777777777
0 0.26205729166666664 0.48259259259259263 0.021614583333333333 0.09796296296296296
0 0.44859374999999996 0.539861111111111 0.04677083333333333 0.24712962962962962
0 0.55890625 0.4988888888888888 0.020729166666666667 0.10055555555555555
0 0.2851302083333333 0.4546759259259259 0.015156250000000001 0.06601851851851852
0 0.5863802083333333 0.4643055555555555 0.018802083333333334 0.0799074074074074
