0 0.6522135416666667 0.08259259259259258 0.032135416666666666 0.11074074074074074
0 0.37854166666666667 0.24310185185185187 0.04145833333333333 0.1050925925925926
0 0.17083333333333334 0.5849537037037037 0.04125 0.22138888888888889
0 0.9172135416666667 0.5181018518518518 0.039531250000000004 0.19842592592592595
0 0.421171875 0.2048611111111111 0.026406250000000003 0.1678703703703704
0 0.8465885416666666 0.6552314814814815 0.05255208333333334 0.21787037037037038
0 0.3019270833333333 0.1889351851851852 0.03208333333333333 0.16620370370370371
0 0.26536458333333335 0.17032407407407407 0.0321875 0.16175925925925924
0 0.788515625 0.09467592592592593 0.030677083333333334 0.1375
0 0.16023437499999998 0.24513888888888888 0.03036458333333333 0.18157407407407408
0 0.4053125 0.13935185185185187 0.029166666666666667 0.14925925925925926
0 0.7634635416666666 0.1322685185185185 0.025885416666666668 0.14712962962962964
0 0.1345572916666667 0.20162037037037037 0.02713541666666667 0.15675925925925926
0 0.8507291666666666 0.05939814814814815 0.027395833333333335 0.11694444444444445
0 0.14614583333333334 0.05712962962962963 0.027708333333333335 0.11185185185185186
0 0.22122395833333333 0.3028703703703704 0.03390625 0.16574074074074074
0 0.19127604166666667 0.25495370370370374 0.025677083333333333 0.16435185185185186
0 0.24494791666666665 0.29662037037037037 0.028541666666666667 0.17601851851851852
0 0.5879947916666667 0.6750462962962963 0.04953125 0.24231481481481482
0 0.5507291666666667 0.6878703703703704 0.04114583333333333 0.2312962962962963
0 0.23466145833333335 0.16199074074074074 0.02921875 0.15175925925925926
0 0.24440104166666668 0.042499999999999996 0.023072916666666665 0.08314814814814815
0 0.33546875000000004 0.6461111111111112 0.04052083333333333 0.2224074074074074
