0 0.530625 0.47791666666666666 0.0390625 0.1673148148148148
0 0.4358333333333333 0.4506018518518518 0.023958333333333335 0.11324074074074074
0 0.08674479166666667 0.5012962962962962 0.03921875 0.19407407407407407
0 0.6784375 0.5418518518518519 0.06583333333333334 0.3846296296296296
0 0.03411458333333333 0.5573148148148148 0.0671875 0.34814814814814815
0 0.3509895833333333 0.43800925925925926 0.013854166666666667 0.06342592592592593
0 0.408203125 0.4511111111111111 0.021927083333333333 0.10518518518518517
0 0.45609374999999996 0.4475 0.021145833333333332 0.1037037037037037
0 0.3933072916666667 0.4434722222222222 0.01921875 0.08342592592592592
0 0.23372395833333334 0.44907407407407407 0.014739583333333334 0.07148148148148148
0 0.2011197916666667 0.44560185185185186 0.01203125 0.061759259259259264
0 0.18914062499999998 0.44620370370370366 0.01140625 0.058333333333333334
0 0.18250000000000002 0.44675925925925924 0.011770833333333335 0.057777777777777775
0 0.20981770833333335 0.44495370370370374 0.01328125 0.0625
0 0.22033854166666667 0.4472685185185185 0.012760416666666666 0.06194444444444445
