0 0.35739583333333336 0.47314814814814815 0.021875 0.11259259259259259
0 0.45041666666666663 0.5225 0.0625 0.2409259259259259
0 0.5533333333333333 0.5394444444444445 0.06302083333333333 0.2611111111111111
0 0.8103385416666666 0.6942592592592592 0.11078125 0.6133333333333333
0 0.211640625 0.48194444444444445 0.026093750000000002 0.10722222222222222
0 0.38177083333333334 0.4628703703703704 0.0171875 0.08722222222222223
0 0.5019270833333332 0.5215277777777778 0.0471875 0.27972222222222226
0 0.30802083333333335 0.46120370370370367 0.017916666666666668 0.08
0 0.22776041666666666 0.48143518518518524 0.02354166666666667 0.09527777777777778
0 0.9330729166666667 0.6741666666666666 0.13489583333333333 0.6535185185185185
0 0.5941666666666666 0.5129166666666666 0.04895833333333333 0.21953703703703703
0 0.6230989583333334 0.45476851851851857 0.018697916666666665 0.08064814814814815
0 0.2908333333333334 0.4634259259259259 0.0153125 0.0712962962962963
0 0.2475 0.45875 0.013854166666666667 0.0612037037037037
0 0.30124999999999996 0.4171759259259259 0.0103125 0.033611111111111105
