0 0.6525260416666667 0.08300925925925927 0.03244791666666667 0.10916666666666668
0 0.20046875 0.18 0.029062499999999998 0.16740740740740742
0 0.7895572916666665 0.13240740740740742 0.029010416666666667 0.13722222222222222
0 0.23026041666666666 0.8182870370370371 0.051458333333333335 0.2497222222222222
0 0.06942708333333332 0.41162037037037036 0.025729166666666668 0.17175925925925925
0 0.5753645833333334 0.21180555555555555 0.03302083333333333 0.16231481481481483
0 0.1640625 0.19611111111111112 0.029062499999999998 0.1577777777777778
0 0.3812760416666667 0.07361111111111111 0.029114583333333333 0.14537037037037037
0 0.9169010416666665 0.5206018518518518 0.040468750000000005 0.19490740740740742
0 0.37828124999999996 0.24421296296296297 0.041041666666666664 0.10731481481481482
0 0.7351302083333332 0.6383333333333333 0.05453125 0.22833333333333333
0 0.48367187500000003 0.28541666666666665 0.039531250000000004 0.1821296296296296
0 0.24052083333333332 0.35712962962962963 0.03947916666666666 0.20685185185185187
0 0.29333333333333333 0.1361111111111111 0.026145833333333333 0.15166666666666667
0 0.6395833333333333 0.23476851851851852 0.025104166666666667 0.15546296296296297
0 0.1274479166666667 0.1935185185185185 0.0259375 0.1512962962962963
0 0.26421875 0.24467592592592594 0.03166666666666666 0.1599074074074074
0 0.29341145833333326 0.33370370370370367 0.032864583333333336 0.19185185185185183
0 0.21010416666666665 0.06430555555555556 0.025416666666666664 0.12675925925925927
0 0.44072916666666667 0.30444444444444446 0.03125 0.16111111111111112
0 0.7033072916666667 0.2539814814814814 0.027760416666666666 0.16314814814814813
0 0.08424479166666667 0.6935185185185185 0.03598958333333333 0.19611111111111112
0 0.2625520833333333 0.11685185185185186 0.028854166666666667 0.1527777777777778
0 0.41921875 0.29819444444444443 0.03291666666666667 0.1749074074074074
0 0.24658854166666666 0.06416666666666666 0.026510416666666665 0.12648148148148147
0 0.3120833333333334 0.31462962962962965 0.031875 0.1814814814814815
0 0.5808072916666667 0.9283333333333333 0.04442708333333333 0.1451851851851852
