0 0.6526041666666667 0.08453703703703704 0.0328125 0.1111111111111111
0 0.37822916666666667 0.24425925925925926 0.04114583333333333 0.10462962962962963
0 0.25611979166666665 0.22819444444444445 0.03755208333333333 0.19101851851851853
0 0.19820312499999998 0.18314814814814817 0.028281249999999997 0.16555555555555557
0 0.16432291666666668 0.20097222222222225 0.028958333333333332 0.1613888888888889
0 0.506171875 0.15583333333333335 0.033177083333333336 0.1638888888888889
0 0.8804947916666667 0.10060185185185186 0.029114583333333333 0.14175925925925925
0 0.9163802083333332 0.5225000000000001 0.040989583333333336 0.19481481481481483
0 0.7789322916666667 0.09731481481481481 0.02921875 0.13925925925925928
0 0.13747395833333334 0.4742592592592593 0.03109375 0.17962962962962964
0 0.5474479166666666 0.17430555555555555 0.03208333333333333 0.17194444444444443
0 0.069609375 0.41287037037037033 0.026614583333333334 0.17518518518518517
0 0.22307291666666668 0.09685185185185184 0.029270833333333336 0.1524074074074074
0 0.43075520833333336 0.21828703703703703 0.030677083333333334 0.16212962962962962
0 0.5845052083333333 0.16101851851851853 0.026406250000000003 0.15037037037037038
0 0.22505208333333335 0.5211111111111111 0.043854166666666666 0.21444444444444444
0 0.38104166666666667 0.07370370370370372 0.028333333333333332 0.1451851851851852
0 0.13802083333333334 0.6546759259259259 0.04635416666666667 0.23398148148148148
0 0.1296875 0.19532407407407407 0.027395833333333335 0.15157407407407406
0 0.7780989583333333 0.654212962962963 0.04942708333333334 0.22287037037037036
0 0.17356770833333332 0.8785185185185185 0.04692708333333333 0.2448148148148148
0 0.2818229166666667 0.18171296296296297 0.02666666666666667 0.16398148148148148
0 0.40265625 0.17407407407407408 0.024583333333333336 0.15444444444444447
0 0.30325520833333336 0.49291666666666667 0.03661458333333333 0.19435185185185186
0 0.48114583333333333 0.4623611111111111 0.039375 0.1836111111111111
0 0.44591145833333334 0.45351851851851854 0.04859375 0.20925925925925926
0 0.44929687500000004 0.1758796296296296 0.029114583333333333 0.15101851851851852
0 0.25924479166666664 0.48328703703703707 0.03380208333333334 0.20916666666666667
0 0.42018229166666665 0.4076388888888889 0.03328125 0.16712962962962963
0 0.5131510416666667 0.9265277777777777 0.04307291666666667 0.1487962962962963
