0 0.664140625 0.5244791666666667 0.16265625 0.5802083333333333
0 0.5385156249999999 0.49635416666666665 0.12078124999999999 0.440625
0 0.371953125 0.5139583333333333 0.06921875 0.29041666666666666
0 0.296484375 0.4921875 0.07828125 0.3335416666666667
0 0.877734375 0.5063541666666667 0.24765625 0.9914583333333333
0 0.1665625 0.5038541666666666 0.15031250000000002 0.528125
0 0.41546874999999994 0.483125 0.057499999999999996 0.23916666666666667
0 0.031718750000000004 0.45427083333333335 0.05375 0.46812499999999996
0 0.4765625 0.4689583333333333 0.056874999999999995 0.2025
0 0.063203125 0.4557291666666667 0.06515625 0.4322916666666667
