0 0.6526822916666667 0.0839351851851852 0.03203125 0.10953703703703703
0 0.378359375 0.24337962962962964 0.04088541666666667 0.1050925925925926
0 0.8625520833333333 0.07509259259259259 0.034479166666666665 0.14833333333333332
0 0.5480208333333334 0.1316203703703704 0.028541666666666667 0.15564814814814815
0 0.75953125 0.049305555555555554 0.026770833333333334 0.09435185185185185
0 0.5601041666666666 0.4922222222222222 0.034479166666666665 0.17907407407407408
0 0.9299479166666667 0.16041666666666668 0.03229166666666667 0.14953703703703702
0 0.12390625000000001 0.2052314814814815 0.03114583333333333 0.14750000000000002
0 0.2940625 0.6415740740740741 0.0540625 0.22648148148148148
0 0.24614583333333334 0.39981481481481485 0.041979166666666665 0.19203703703703703
0 0.973984375 0.13435185185185183 0.030052083333333333 0.15055555555555555
0 0.24937499999999999 0.17175925925925925 0.03635416666666667 0.18518518518518517
0 0.217578125 0.5862037037037037 0.04453125 0.22333333333333333
0 0.2788020833333333 0.16166666666666665 0.024791666666666667 0.15092592592592594
0 0.07072916666666666 0.41277777777777774 0.026770833333333334 0.17296296296296299
0 0.9161718750000001 0.5213425925925925 0.04078125 0.1973148148148148
0 0.44848958333333333 0.048935185185185186 0.02822916666666667 0.09601851851851852
0 0.9627864583333333 0.527962962962963 0.03432291666666667 0.1925925925925926
0 0.4303385416666667 0.2189351851851852 0.031614583333333335 0.16046296296296297
0 0.5146875000000001 0.12717592592592591 0.031875 0.15898148148148147
0 0.16361979166666668 0.19958333333333333 0.028489583333333336 0.15824074074074074
0 0.12825520833333334 0.38180555555555556 0.028072916666666666 0.17342592592592593
0 0.20309895833333336 0.18407407407407408 0.028489583333333336 0.16166666666666665
0 0.8409635416666668 0.6949537037037038 0.04348958333333333 0.2313888888888889
0 0.495234375 0.5473611111111111 0.04369791666666667 0.19472222222222224
0 0.4619010416666667 0.5455092592592592 0.04473958333333334 0.21101851851851852
0 0.20921875000000004 0.04171296296296296 0.021458333333333336 0.08064814814814815
0 0.2641145833333333 0.5981481481481481 0.034375 0.21462962962962964
0 0.497890625 0.07467592592592592 0.03244791666666667 0.14601851851851852
0 0.4086458333333333 0.15638888888888888 0.021458333333333336 0.13277777777777777
0 0.5190104166666667 0.9277314814814814 0.04072916666666667 0.14638888888888887
0 0.28567708333333336 0.9325 0.052708333333333336 0.13685185185185186
