0 0.6523177083333334 0.08291666666666667 0.031927083333333335 0.11046296296296296
0 0.37817708333333333 0.2434259259259259 0.041041666666666664 0.10592592592592594
0 0.9160416666666668 0.5196759259259259 0.04052083333333333 0.1900925925925926
0 0.301796875 0.14194444444444446 0.029010416666666667 0.15314814814814814
0 0.2573958333333333 0.3227314814814815 0.042083333333333334 0.19064814814814815
0 0.5078125 0.09185185185185185 0.03197916666666666 0.15518518518518518
0 0.20114583333333333 0.18328703703703703 0.028333333333333332 0.16157407407407406
0 0.8848697916666666 0.1410648148148148 0.03786458333333333 0.15935185185185186
0 0.07098958333333334 0.4102777777777778 0.027604166666666666 0.1761111111111111
0 0.538515625 0.10236111111111111 0.028802083333333332 0.14916666666666667
0 0.8504687499999999 0.6822222222222222 0.052708333333333336 0.22314814814814815
0 0.16359375 0.19648148148148148 0.028125 0.15203703703703703
0 0.6625260416666666 0.5601851851851852 0.04088541666666667 0.18907407407407406
0 0.44875000000000004 0.06199074074074074 0.02666666666666667 0.12157407407407408
0 0.9350520833333333 0.19722222222222222 0.0271875 0.1475925925925926
0 0.123671875 0.32486111111111116 0.028385416666666666 0.1663888888888889
0 0.2271875 0.6863425925925926 0.040625 0.21638888888888888
0 0.204296875 0.055462962962962964 0.03588541666666667 0.10907407407407407
0 0.17432291666666666 0.6668055555555555 0.0465625 0.23027777777777778
0 0.4298697916666666 0.2187962962962963 0.029739583333333333 0.16055555555555556
0 0.133203125 0.20407407407407407 0.03744791666666667 0.1461111111111111
0 0.4765885416666667 0.6160185185185185 0.05765625 0.22925925925925925
0 0.9736197916666666 0.15314814814814812 0.040364583333333336 0.16592592592592592
0 0.38651041666666663 0.060138888888888895 0.026354166666666668 0.11842592592592593
0 0.23606770833333332 0.16944444444444445 0.02796875 0.15796296296296294
0 0.39515625000000004 0.6295833333333334 0.04541666666666667 0.22916666666666666
0 0.23291666666666666 0.056388888888888884 0.024166666666666666 0.11074074074074074
0 0.257265625 0.15060185185185185 0.03494791666666666 0.18194444444444444
0 0.38807291666666666 0.1637037037037037 0.0325 0.16148148148148148
0 0.5095833333333333 0.6170833333333333 0.042083333333333334 0.20472222222222222
0 0.5333333333333333 0.9292129629629631 0.042499999999999996 0.14342592592592593
