0 0.6522916666666666 0.08412037037037036 0.03239583333333333 0.11046296296296296
0 0.3783333333333333 0.24333333333333335 0.041041666666666664 0.10500000000000001
0 0.78671875 0.07171296296296296 0.0315625 0.13453703703703704
0 0.4348958333333333 0.21236111111111114 0.03520833333333333 0.15935185185185186
0 0.8702864583333334 0.2849537037037037 0.037135416666666664 0.1799074074074074
0 0.20500000000000002 0.3568518518518518 0.035 0.18796296296296297
0 0.9152083333333334 0.5206481481481481 0.04770833333333333 0.19444444444444445
0 0.19971354166666666 0.18569444444444447 0.028281249999999997 0.16194444444444445
0 0.8454687500000001 0.6538425925925926 0.050416666666666665 0.21638888888888888
0 0.10721354166666668 0.3158796296296296 0.03442708333333333 0.1850925925925926
0 0.32494791666666667 0.6191666666666666 0.04625 0.2174074074074074
0 0.14317708333333332 0.324675925925926 0.03197916666666666 0.1713888888888889
0 0.8510677083333333 0.04861111111111111 0.02796875 0.09537037037037037
0 0.16322916666666665 0.19597222222222221 0.0265625 0.15638888888888888
0 0.3046354166666667 0.18328703703703703 0.0278125 0.1673148148148148
0 0.13072916666666667 0.20037037037037034 0.028125 0.1475925925925926
0 0.269609375 0.15666666666666665 0.026927083333333334 0.14648148148148146
0 0.40393229166666667 0.1475462962962963 0.022135416666666668 0.14138888888888887
0 0.24330729166666668 0.15092592592592594 0.025364583333333336 0.15148148148148147
0 0.6040625 0.9143518518518519 0.06104166666666667 0.17314814814814813
0 0.22111979166666668 0.1599074074074074 0.02755208333333333 0.15037037037037038
0 0.19796875 0.05694444444444444 0.02666666666666667 0.10296296296296296
