0 0.651953125 0.08361111111111111 0.032239583333333335 0.11
0 0.378125 0.24407407407407408 0.04125 0.10481481481481482
0 0.773203125 0.07814814814814815 0.028489583333333336 0.13537037037037036
0 0.23182291666666668 0.1087962962962963 0.030729166666666665 0.15185185185185185
0 0.91640625 0.5217592592592593 0.042395833333333334 0.19666666666666668
0 0.8971874999999999 0.11703703703703704 0.030520833333333334 0.14777777777777779
0 0.1798958333333333 0.6525462962962963 0.04375 0.22916666666666666
0 0.07013020833333333 0.41328703703703706 0.02713541666666667 0.1726851851851852
0 0.20072916666666665 0.18453703703703705 0.028854166666666667 0.16166666666666665
0 0.5030989583333333 0.12958333333333333 0.03296875 0.15916666666666668
0 0.429765625 0.21814814814814817 0.030885416666666665 0.16425925925925927
0 0.13786458333333332 0.4441666666666667 0.030833333333333334 0.1761111111111111
0 0.25539062500000004 0.20916666666666664 0.038072916666666665 0.18907407407407406
0 0.79765625 0.6655555555555556 0.04677083333333333 0.22462962962962962
0 0.5376041666666667 0.15958333333333335 0.03229166666666667 0.16972222222222225
0 0.29369791666666667 0.5194444444444445 0.034791666666666665 0.19777777777777777
0 0.38119791666666664 0.07449074074074075 0.0275 0.14712962962962964
0 0.12731770833333333 0.19726851851851854 0.028697916666666667 0.15324074074074073
0 0.15979166666666667 0.2011111111111111 0.029166666666666667 0.15962962962962962
0 0.4813541666666667 0.48499999999999993 0.03666666666666667 0.18037037037037038
0 0.5666406249999999 0.15194444444444444 0.028489583333333336 0.15518518518518518
0 0.19375 0.9027314814814814 0.04697916666666667 0.1963888888888889
0 0.39453125 0.16953703703703704 0.02375 0.15666666666666665
0 0.45236979166666663 0.48439814814814813 0.04234375 0.1963888888888889
0 0.250234375 0.5133796296296297 0.03619791666666667 0.21787037037037038
0 0.22604166666666667 0.48328703703703707 0.04291666666666667 0.2173148148148148
0 0.27786458333333336 0.17560185185185184 0.023020833333333334 0.15898148148148147
0 0.21705729166666668 0.8583796296296295 0.05109375 0.2563888888888889
0 0.5040625 0.9219907407407407 0.040625 0.15787037037037038
