0 0.6527083333333333 0.08314814814814815 0.03260416666666667 0.10944444444444444
0 0.37822916666666667 0.24319444444444444 0.04125 0.10453703703703704
0 0.5360677083333333 0.07032407407407408 0.030260416666666668 0.1387962962962963
0 0.16416666666666668 0.2672685185185185 0.02666666666666667 0.15546296296296297
0 0.25395833333333334 0.2520833333333333 0.03822916666666667 0.1787962962962963
0 0.20192708333333334 0.18319444444444447 0.029062499999999998 0.16046296296296297
0 0.50140625 0.06689814814814815 0.029791666666666668 0.13194444444444445
0 0.9093229166666666 0.5215740740740741 0.05635416666666667 0.19703703703703704
0 0.79859375 0.056388888888888884 0.030312500000000003 0.11092592592592593
0 0.4704947916666667 0.06208333333333333 0.02755208333333333 0.1223148148148148
0 0.9545052083333333 0.4345833333333333 0.04671875 0.19712962962962963
0 0.9153385416666667 0.23953703703703702 0.03432291666666667 0.15203703703703703
0 0.14255208333333333 0.7716666666666667 0.04604166666666667 0.2477777777777778
0 0.8197916666666667 0.6651851851851852 0.03989583333333333 0.22592592592592592
0 0.869921875 0.40675925925925926 0.032135416666666666 0.18425925925925926
0 0.13013020833333333 0.20055555555555554 0.03348958333333333 0.14925925925925926
0 0.43091145833333333 0.21453703703703703 0.024427083333333332 0.16518518518518518
0 0.4455989583333333 0.6666203703703704 0.047135416666666666 0.2397222222222222
0 0.08096354166666667 0.4051851851851852 0.03015625 0.17296296296296299
0 0.9477864583333333 0.22097222222222224 0.04119791666666666 0.16157407407407406
0 0.188046875 0.7931481481481482 0.04067708333333333 0.23537037037037037
0 0.5039322916666666 0.700138888888889 0.05963541666666667 0.2323148148148148
0 0.25145833333333334 0.11185185185185186 0.03770833333333334 0.16722222222222222
0 0.28346354166666665 0.15981481481481483 0.032135416666666666 0.16055555555555556
0 0.8790104166666667 0.1187962962962963 0.0315625 0.16092592592592594
0 0.9025 0.1260185185185185 0.027291666666666665 0.15462962962962962
0 0.38580729166666666 0.16245370370370368 0.028802083333333332 0.15194444444444444
0 0.40572916666666664 0.15680555555555556 0.027708333333333335 0.13027777777777777
0 0.22744791666666667 0.07662037037037037 0.02375 0.1412037037037037
0 0.5541927083333333 0.9291666666666667 0.04234375 0.14351851851851852
0 0.5360156249999999 0.711574074074074 0.039427083333333335 0.20777777777777778
0 0.23768229166666666 0.22611111111111112 0.02984375 0.17296296296296299
