0 0.4191666666666667 0.5082870370370369 0.037187500000000005 0.19546296296296295
0 0.8821614583333334 0.6116666666666667 0.09286458333333333 0.4242592592592592
0 0.27338541666666666 0.47148148148148145 0.019270833333333334 0.10074074074074074
0 0.4991145833333333 0.6286111111111111 0.07541666666666667 0.47111111111111115
0 0.5688020833333334 0.6598611111111111 0.08166666666666668 0.5813888888888888
0 0.6224479166666667 0.46296296296296297 0.0240625 0.10037037037037037
0 0.44802083333333337 0.47379629629629627 0.0271875 0.07037037037037037
0 0.7412239583333334 0.5218055555555555 0.052760416666666664 0.27546296296296297
0 0.22627604166666665 0.4842592592592593 0.024427083333333332 0.09666666666666668
0 0.3500520833333333 0.4624074074074074 0.013645833333333333 0.06888888888888889
0 0.210625 0.48097222222222225 0.022708333333333334 0.10416666666666667
0 0.3080208333333333 0.45375 0.013645833333333333 0.05416666666666667
0 0.2949739583333333 0.45532407407407405 0.01359375 0.05898148148148148
0 0.3179166666666667 0.45111111111111113 0.012916666666666667 0.054814814814814816
