0 0.65234375 0.08208333333333334 0.03260416666666667 0.10898148148148148
0 0.3782552083333333 0.24356481481481482 0.04140625 0.10490740740740741
0 0.23054687499999998 0.43254629629629626 0.04505208333333333 0.21546296296296294
0 0.2781510416666667 0.25689814814814815 0.04578125 0.18157407407407408
0 0.7889322916666667 0.1337962962962963 0.028697916666666667 0.13777777777777778
0 0.7363541666666668 0.638287037037037 0.0540625 0.22657407407407407
0 0.3813541666666667 0.07402777777777778 0.02875 0.1462037037037037
0 0.12427083333333333 0.19439814814814813 0.026041666666666668 0.15324074074074073
0 0.19906250000000003 0.1825462962962963 0.02875 0.16046296296296297
0 0.9168489583333332 0.5202314814814815 0.04015625 0.19342592592592592
0 0.10010416666666667 0.42453703703703705 0.033125 0.18037037037037038
0 0.5441145833333334 0.2422685185185185 0.03791666666666667 0.16953703703703704
0 0.16226562499999997 0.1962962962962963 0.028281249999999997 0.1562962962962963
0 0.075546875 0.6230555555555556 0.04442708333333333 0.23407407407407407
0 0.42966145833333336 0.2200925925925926 0.03307291666666667 0.1675925925925926
0 0.47320312500000006 0.26379629629629625 0.03380208333333334 0.1698148148148148
0 0.020989583333333332 0.8327777777777777 0.03697916666666667 0.21944444444444444
0 0.23979166666666665 0.16347222222222224 0.029895833333333333 0.1462037037037037
0 0.700703125 0.24069444444444443 0.029739583333333333 0.1599074074074074
0 0.29322916666666665 0.13652777777777778 0.02354166666666667 0.15657407407407406
0 0.26755208333333336 0.11546296296296295 0.029062499999999998 0.14685185185185184
0 0.7862239583333334 0.29097222222222224 0.032135416666666666 0.1834259259259259
0 0.7269010416666666 0.27662037037037035 0.02140625 0.15731481481481482
0 0.98421875 0.34208333333333335 0.03260416666666667 0.18305555555555555
0 0.21695312499999997 0.12439814814814817 0.025677083333333333 0.14935185185185187
