0 0.5009374999999999 0.4989351851851852 0.050416666666666665 0.10435185185185185
0 0.20622395833333332 0.46217592592592593 0.02234375 0.09731481481481481
0 0.4495833333333333 0.4726851851851852 0.0284375 0.07037037037037037
0 0.24533854166666663 0.4808333333333333 0.02359375 0.09777777777777777
0 0.66328125 0.4599074074074074 0.020520833333333332 0.09351851851851851
0 0.32015625 0.5777777777777777 0.06447916666666667 0.3375925925925926
0 0.41656250000000006 0.5321296296296296 0.043958333333333335 0.22148148148148147
0 0.57671875 0.5021296296296296 0.01885416666666667 0.10944444444444444
0 0.533828125 0.45976851851851847 0.020989583333333332 0.09842592592592592
0 0.5581510416666666 0.4977777777777778 0.021197916666666667 0.10222222222222223
0 0.3687239583333333 0.5451851851851851 0.052760416666666664 0.28055555555555556
0 0.2727864583333333 0.4772222222222222 0.016510416666666666 0.0937037037037037
0 0.2621614583333333 0.4710648148148148 0.014531249999999999 0.08009259259259259
