0 0.43721354166666665 0.4061574074074074 0.02723958333333333 0.12416666666666666
0 0.25442708333333336 0.413287037037037 0.034166666666666665 0.1387962962962963
0 0.37437499999999996 0.39962962962962967 0.0196875 0.10148148148148148
0 0.03440104166666667 0.4543055555555555 0.05473958333333333 0.2199074074074074
0 0.4989322916666667 0.42768518518518517 0.03692708333333334 0.1585185185185185
0 0.7431770833333334 0.4148611111111111 0.0259375 0.12694444444444444
0 0.12653645833333335 0.4249537037037037 0.03140625 0.13305555555555554
0 0.52890625 0.4064351851851852 0.026770833333333334 0.13416666666666668
0 0.3387760416666667 0.39555555555555555 0.018177083333333333 0.04759259259259259
0 0.07473958333333333 0.41138888888888886 0.01864583333333333 0.10444444444444444
0 0.47507812499999996 0.397037037037037 0.01578125 0.08962962962962963
0 0.9650520833333333 0.5750462962962962 0.0709375 0.5297222222222222
0 0.3257552083333333 0.3931944444444444 0.01359375 0.04064814814814815
0 0.22380208333333332 0.4061574074074074 0.012916666666666667 0.08731481481481482
