0 0.6490885416666666 0.555324074074074 0.11411458333333332 0.5604629629629629
0 0.4643489583333333 0.5468518518518519 0.09390625000000001 0.5361111111111111
0 0.21010416666666665 0.5487037037037037 0.09229166666666666 0.49537037037037035
0 0.310546875 0.5352777777777779 0.10734375 0.4648148148148148
0 0.3736979166666667 0.46921296296296294 0.02625 0.13305555555555554
0 0.9214322916666667 0.9581018518518518 0.02203125 0.08564814814814815
0 0.5535677083333332 0.5313425925925926 0.07526041666666666 0.36712962962962964
0 0.8290364583333333 0.9167129629629629 0.01421875 0.06324074074074074
0 0.4158072916666667 0.48523148148148143 0.04057291666666667 0.2062037037037037
0 0.8222135416666667 0.9123148148148148 0.01265625 0.05925925925925926
