0 0.4495052083333333 0.47421296296296295 0.027864583333333335 0.07027777777777779
0 0.597421875 0.5406944444444445 0.05828125 0.2586111111111111
0 0.876953125 0.6847685185185185 0.12671875000000002 0.6323148148148148
0 0.3836197916666667 0.46152777777777776 0.020260416666666666 0.0937962962962963
0 0.347265625 0.47203703703703703 0.020364583333333335 0.10685185185185185
0 0.49057291666666664 0.5171759259259259 0.050312499999999996 0.23305555555555554
0 0.21135416666666668 0.48217592592592595 0.025625000000000002 0.10657407407407407
0 0.5417708333333333 0.5171296296296296 0.0478125 0.27166666666666667
0 0.429375 0.46953703703703703 0.02875 0.05685185185185185
0 0.22846354166666666 0.48037037037037045 0.02359375 0.09574074074074075
0 0.31221354166666665 0.4621296296296296 0.01984375 0.07851851851851852
0 0.2928125 0.46324074074074073 0.015000000000000001 0.07277777777777777
0 0.27020833333333333 0.4499074074074074 0.012395833333333333 0.05203703703703704
0 0.6324739583333333 0.46245370370370376 0.025572916666666667 0.10435185185185185
0 0.5707812499999999 0.4748611111111111 0.0190625 0.10787037037037037
