0 0.6523697916666666 0.08300925925925927 0.032656250000000005 0.11027777777777777
0 0.3784114583333333 0.2439814814814815 0.04223958333333333 0.10648148148148148
0 0.5344270833333333 0.06152777777777778 0.0284375 0.1212037037037037
0 0.7944270833333333 0.06268518518518519 0.030520833333333334 0.12185185185185185
0 0.8807552083333333 0.6545833333333334 0.03421875 0.1884259259259259
0 0.42916666666666664 0.21449074074074076 0.03229166666666667 0.16546296296296295
0 0.9723177083333334 0.25625 0.04182291666666667 0.1763888888888889
0 0.2598958333333333 0.2323148148148148 0.033229166666666664 0.17574074074074075
0 0.4997135416666667 0.059953703703703703 0.02890625 0.11805555555555555
0 0.8909114583333334 0.11152777777777777 0.029322916666666664 0.1547222222222222
0 0.13416666666666668 0.8093518518518518 0.050104166666666665 0.2448148148148148
0 0.09119791666666667 0.39763888888888893 0.033749999999999995 0.17712962962962964
0 0.9208593750000001 0.25953703703703707 0.037135416666666664 0.16240740740740742
0 0.47125000000000006 0.05939814814814814 0.026770833333333334 0.11583333333333333
0 0.8275 0.6649999999999999 0.042708333333333334 0.2238888888888889
0 0.226640625 0.24101851851851852 0.031302083333333335 0.17111111111111113
0 0.44794270833333333 0.6823148148148148 0.04140625 0.23722222222222222
0 0.17895833333333336 0.25407407407407406 0.025833333333333333 0.14925925925925926
0 0.5131510416666667 0.7456018518518519 0.06265625 0.23546296296296299
0 0.13005208333333332 0.20046296296296295 0.03354166666666667 0.15166666666666667
0 0.175078125 0.837361111111111 0.03661458333333333 0.24064814814814814
0 0.8612760416666667 0.3830092592592592 0.031510416666666666 0.1789814814814815
0 0.9182291666666667 0.5190740740740741 0.03864583333333334 0.19277777777777777
0 0.860625 0.10671296296296297 0.029791666666666668 0.16064814814814815
0 0.281171875 0.1714351851851852 0.03234375 0.16416666666666668
0 0.38859374999999996 0.16337962962962962 0.0315625 0.1550925925925926
0 0.25356770833333336 0.09712962962962964 0.039322916666666666 0.16796296296296298
0 0.16252604166666668 0.19504629629629627 0.02765625 0.15657407407407406
0 0.20213541666666668 0.18587962962962962 0.029479166666666667 0.16675925925925925
0 0.9271875 0.41115740740740736 0.03958333333333333 0.20027777777777778
0 0.22190104166666666 0.08972222222222223 0.02453125 0.14722222222222223
0 0.5502864583333333 0.7499074074074074 0.04401041666666667 0.2111111111111111
