0 0.370390625 0.6312962962962962 0.08890624999999999 0.48259259259259263
0 0.225234375 0.48333333333333334 0.02703125 0.09925925925925926
0 0.31083333333333335 0.4957407407407407 0.03135416666666667 0.14814814814814814
0 0.445703125 0.5705092592592592 0.05901041666666666 0.33138888888888884
0 0.515546875 0.5544907407407408 0.05067708333333333 0.28620370370370374
0 0.20484375000000002 0.4614814814814815 0.02322916666666667 0.09833333333333334
0 0.27455729166666665 0.47199074074074077 0.018281250000000002 0.10287037037037036
0 0.5765364583333332 0.4994907407407408 0.021197916666666667 0.10675925925925926
0 0.6083593750000001 0.46222222222222226 0.020989583333333332 0.09185185185185185
0 0.24994791666666666 0.4837037037037037 0.020833333333333332 0.10092592592592593
0 0.545546875 0.5302314814814815 0.04317708333333334 0.2512037037037037
0 0.58203125 0.4565740740740741 0.020520833333333332 0.09592592592592591
0 0.3123958333333334 0.4125462962962963 0.012187499999999999 0.04212962962962963
0 0.6188802083333333 0.4613425925925926 0.017135416666666667 0.08842592592592592
0 0.2909375 0.42236111111111113 0.0103125 0.04138888888888889
0 0.3195052083333333 0.4052777777777778 0.011614583333333334 0.044444444444444446
0 0.301171875 0.4152777777777778 0.01942708333333333 0.09759259259259259
