0 0.6322395833333334 0.3792592592592593 0.030625 0.13296296296296295
0 0.7351302083333333 0.3830555555555556 0.047135416666666666 0.1733333333333333
0 0.038671875 0.3816666666666667 0.024635416666666667 0.11407407407407408
0 0.013515625 0.3867129629629629 0.025989583333333333 0.1050925925925926
0 0.42864583333333334 0.3864814814814815 0.033229166666666664 0.16833333333333333
0 0.544921875 0.4026851851851852 0.033177083333333336 0.10296296296296296
0 0.5203385416666666 0.3945370370370371 0.03390625 0.10574074074074075
0 0.4697395833333333 0.39046296296296296 0.034375 0.15648148148148147
0 0.346640625 0.3577777777777778 0.014739583333333334 0.054814814814814816
0 0.5765364583333333 0.35407407407407404 0.01765625 0.06703703703703705
0 0.4073958333333333 0.36064814814814816 0.0165625 0.0575925925925926
0 0.36692708333333335 0.35324074074074074 0.012708333333333332 0.04740740740740741
0 0.595 0.3539351851851852 0.014895833333333334 0.06324074074074074
0 0.603125 0.35532407407407407 0.014895833333333334 0.06101851851851852
0 0.3959895833333333 0.355 0.0125 0.049074074074074076
