0 0.37846354166666674 0.24324074074074073 0.04161458333333334 0.10537037037037036
0 0.6476041666666666 0.0836574074074074 0.03760416666666667 0.11157407407407408
0 0.22328125 0.46064814814814814 0.04520833333333333 0.22444444444444445
0 0.3812760416666667 0.07435185185185186 0.029531250000000002 0.1451851851851852
0 0.7888541666666667 0.13328703703703704 0.028854166666666667 0.1375
0 0.7365624999999999 0.6383796296296297 0.05479166666666667 0.2273148148148148
0 0.9175260416666667 0.520462962962963 0.039531250000000004 0.19444444444444445
0 0.9691145833333333 0.3127314814814815 0.033854166666666664 0.1736111111111111
0 0.4303645833333334 0.21939814814814815 0.0325 0.16194444444444445
0 0.2790885416666667 0.23958333333333334 0.04505208333333333 0.17657407407407405
0 0.5310416666666666 0.26722222222222225 0.0396875 0.1662962962962963
0 0.07552083333333333 0.6237037037037036 0.044375000000000005 0.2338888888888889
0 0.11864583333333334 0.4375462962962963 0.035416666666666666 0.1825
0 0.12494791666666667 0.19449074074074074 0.024895833333333332 0.1512037037037037
0 0.19921875 0.1808796296296296 0.027604166666666666 0.16805555555555557
0 0.22888020833333333 0.1508796296296296 0.028072916666666666 0.1489814814814815
0 0.16223958333333333 0.19439814814814813 0.0278125 0.15787037037037038
0 0.01578125 0.8743518518518518 0.030520833333333334 0.21944444444444444
0 0.8466666666666668 0.3059259259259259 0.029895833333333333 0.1737037037037037
0 0.468359375 0.2127314814814815 0.028385416666666666 0.1713888888888889
0 0.7258593750000001 0.25472222222222224 0.02411458333333333 0.1585185185185185
0 0.24992187500000002 0.12875 0.024010416666666666 0.14953703703703702
0 0.48986979166666667 0.2177777777777778 0.02671875 0.15166666666666667
0 0.5482291666666667 0.22944444444444445 0.037083333333333336 0.1737037037037037
