0 0.7291927083333333 0.47578703703703706 0.041093750000000005 0.20879629629629629
0 0.833515625 0.4421759259259259 0.02109375 0.0987962962962963
0 0.3633854166666667 0.47314814814814815 0.043437500000000004 0.1922222222222222
0 0.778515625 0.4735185185185185 0.038802083333333334 0.16703703703703704
0 0.6393489583333333 0.4364351851851852 0.023802083333333335 0.11027777777777777
0 0.6097916666666666 0.43893518518518515 0.021875 0.1012037037037037
0 0.255703125 0.48004629629629636 0.039739583333333335 0.16712962962962963
0 0.315078125 0.4748611111111111 0.030260416666666668 0.1687962962962963
0 0.5802864583333333 0.42703703703703705 0.016510416666666666 0.07944444444444444
0 0.2038541666666667 0.43125 0.0146875 0.06768518518518518
0 0.29184895833333335 0.4818055555555556 0.03609375 0.1625
0 0.44302083333333336 0.4340740740740741 0.012187499999999999 0.06611111111111112
0 0.43343750000000003 0.42986111111111114 0.011666666666666665 0.06101851851851852
0 0.41630208333333335 0.42453703703703705 0.011145833333333332 0.0612962962962963
0 0.4091927083333333 0.4265277777777778 0.012239583333333333 0.05898148148148148
