0 0.6525 0.08328703703703702 0.0325 0.10935185185185185
0 0.5033854166666667 0.07337962962962963 0.030312500000000003 0.1449074074074074
0 0.2520833333333333 0.28777777777777774 0.03739583333333333 0.1835185185185185
0 0.3782552083333333 0.24337962962962964 0.04067708333333333 0.1050925925925926
0 0.5384635416666667 0.08453703703703704 0.028489583333333336 0.14685185185185184
0 0.20119791666666667 0.1825462962962963 0.0278125 0.16416666666666668
0 0.9161197916666667 0.5189814814814815 0.04265625 0.19703703703703704
0 0.741015625 0.5968981481481481 0.05171875 0.18398148148148147
0 0.0728125 0.41254629629629624 0.027916666666666666 0.17194444444444443
0 0.16348958333333335 0.19537037037037036 0.027916666666666666 0.15666666666666665
0 0.46242187500000004 0.06666666666666667 0.02744791666666667 0.12685185185185185
0 0.926171875 0.22296296296296297 0.03203125 0.1524074074074074
0 0.8300520833333334 0.6794444444444445 0.039375 0.22518518518518518
0 0.14408854166666665 0.29203703703703704 0.025989583333333333 0.17111111111111113
0 0.42971354166666664 0.22027777777777777 0.025677083333333333 0.1598148148148148
0 0.8875260416666667 0.425 0.03609375 0.17962962962962964
0 0.15731770833333333 0.7198148148148148 0.046406249999999996 0.23296296296296296
0 0.49070312499999996 0.6605555555555556 0.05994791666666666 0.22796296296296295
0 0.9792708333333333 0.4597222222222222 0.042499999999999996 0.1938888888888889
0 0.20291666666666666 0.7428703703703703 0.03822916666666667 0.2303703703703704
0 0.2885677083333333 0.14819444444444446 0.028385416666666666 0.15731481481481482
0 0.130078125 0.20171296296296296 0.029010416666666667 0.14675925925925926
0 0.3935416666666667 0.04476851851851852 0.024895833333333332 0.08768518518518519
0 0.43015624999999996 0.646712962962963 0.04177083333333333 0.2313888888888889
0 0.23830729166666667 0.19069444444444444 0.031302083333333335 0.15416666666666667
0 0.23166666666666666 0.0626388888888889 0.022916666666666665 0.12342592592592594
0 0.40625 0.15217592592592594 0.024374999999999997 0.13972222222222222
0 0.20359375000000002 0.06421296296296296 0.03364583333333333 0.12009259259259258
0 0.9057291666666667 0.17921296296296296 0.036041666666666666 0.16212962962962962
0 0.38442708333333336 0.16212962962962962 0.03114583333333333 0.16166666666666665
0 0.5234895833333333 0.6615740740740741 0.041979166666666665 0.20425925925925925
0 0.55296875 0.9260648148148148 0.04520833333333333 0.1497222222222222
0 0.8009895833333334 0.0475 0.0296875 0.09314814814814815
0 0.25268229166666667 0.12717592592592591 0.032239583333333335 0.18305555555555555
