0 0.652421875 0.08416666666666667 0.032552083333333336 0.11
0 0.3782552083333333 0.24379629629629632 0.04078125 0.10388888888888889
0 0.5483333333333333 0.17601851851851855 0.03208333333333333 0.16925925925925928
0 0.197890625 0.18370370370370367 0.028072916666666666 0.16407407407407407
0 0.16434895833333335 0.2001388888888889 0.02921875 0.16157407407407406
0 0.586328125 0.16273148148148148 0.026614583333333334 0.15194444444444444
0 0.25638020833333336 0.22921296296296295 0.037656249999999995 0.1923148148148148
0 0.9163281249999999 0.5218981481481482 0.040989583333333336 0.19324074074074074
0 0.50671875 0.15643518518518518 0.033125 0.16268518518518518
0 0.8779427083333334 0.09833333333333334 0.02984375 0.14425925925925928
0 0.7795572916666667 0.09824074074074074 0.028593749999999998 0.13925925925925928
0 0.2228645833333333 0.09555555555555556 0.029062499999999998 0.1512962962962963
0 0.22520833333333334 0.5254166666666668 0.043541666666666666 0.21268518518518517
0 0.06958333333333333 0.41333333333333333 0.02625 0.175
0 0.38111979166666665 0.07407407407407407 0.028593749999999998 0.14629629629629629
0 0.13432291666666665 0.6528703703703704 0.04552083333333334 0.23370370370370372
0 0.43052083333333335 0.21865740740740738 0.031875 0.1612037037037037
0 0.775078125 0.6527777777777778 0.04932291666666667 0.2261111111111111
0 0.12981770833333334 0.19615740740740742 0.02744791666666667 0.15009259259259258
0 0.17218750000000002 0.8719907407407408 0.049791666666666665 0.25787037037037036
0 0.13736979166666666 0.47324074074074074 0.03036458333333333 0.17666666666666667
0 0.480859375 0.4606018518518518 0.039739583333333335 0.18287037037037038
0 0.2817447916666667 0.18300925925925923 0.02703125 0.1649074074074074
0 0.3047916666666666 0.4903703703703704 0.034791666666666665 0.19592592592592592
0 0.4036458333333333 0.17449074074074072 0.025104166666666667 0.15324074074074073
0 0.4516145833333333 0.1748148148148148 0.0265625 0.14425925925925928
0 0.44593750000000004 0.4511574074074074 0.045000000000000005 0.20157407407407407
0 0.415625 0.4072222222222222 0.0353125 0.16833333333333333
0 0.2597395833333333 0.4798611111111111 0.034270833333333334 0.2113888888888889
0 0.5136197916666666 0.9269444444444445 0.04453125 0.14796296296296296
