0 0.10166666666666666 0.3732870370370371 0.05333333333333334 0.14824074074074073
0 0.46380208333333334 0.3542129629629629 0.03166666666666666 0.15212962962962964
0 0.221875 0.4239351851851852 0.1 0.38101851851851853
0 0.51390625 0.3594907407407407 0.0284375 0.1386111111111111
0 0.14104166666666668 0.36777777777777776 0.0384375 0.1398148148148148
0 0.5816666666666667 0.32916666666666666 0.016874999999999998 0.06574074074074074
0 0.3461979166666667 0.3468518518518518 0.022083333333333333 0.09851851851851852
0 0.28515625 0.3734259259259259 0.027291666666666665 0.1627777777777778
0 0.6496354166666667 0.3672685185185185 0.029895833333333333 0.20398148148148149
0 0.38414062499999996 0.33629629629629626 0.015156250000000001 0.06722222222222221
0 0.48890625000000004 0.3486111111111111 0.022083333333333333 0.06851851851851852
0 0.5443229166666667 0.3239814814814815 0.010520833333333333 0.04203703703703703
0 0.37604166666666666 0.33587962962962964 0.015104166666666667 0.06601851851851852
