0 0.3785677083333333 0.24337962962962964 0.04119791666666666 0.10416666666666667
0 0.786875 0.07074074074074073 0.03177083333333333 0.13537037037037036
0 0.3013541666666667 0.1848611111111111 0.03270833333333333 0.1612037037037037
0 0.916171875 0.5196759259259259 0.05057291666666666 0.19416666666666665
0 0.6522135416666667 0.08421296296296296 0.03244791666666667 0.11138888888888888
0 0.43440104166666665 0.21439814814814817 0.03411458333333333 0.15935185185185186
0 0.2596875 0.6100925925925925 0.04635416666666667 0.22481481481481483
0 0.20059895833333333 0.18310185185185185 0.026822916666666665 0.16212962962962962
0 0.1921354166666667 0.3984722222222222 0.03625 0.19212962962962962
0 0.8458333333333333 0.6546759259259259 0.050208333333333334 0.2199074074074074
0 0.859609375 0.24958333333333335 0.03567708333333333 0.17324074074074072
0 0.229375 0.07106481481481482 0.030625 0.14027777777777778
0 0.12760416666666666 0.297962962962963 0.029375 0.18611111111111112
0 0.1553645833333333 0.3043518518518518 0.03114583333333333 0.17074074074074075
0 0.403359375 0.14481481481481479 0.023802083333333335 0.14592592592592593
0 0.25710937500000003 0.17592592592592593 0.02484375 0.16148148148148148
0 0.23528645833333334 0.1825462962962963 0.028802083333333332 0.14805555555555555
0 0.16322916666666665 0.19611111111111112 0.027083333333333334 0.16055555555555556
0 0.6308854166666666 0.0574537037037037 0.036458333333333336 0.11305555555555555
0 0.7815885416666667 0.9291666666666667 0.04265625 0.14351851851851852
0 0.7394010416666666 0.9381944444444444 0.046406249999999996 0.12546296296296297
