0 0.4966666666666667 0.33537037037037043 0.025729166666666668 0.08722222222222223
0 0.5930208333333334 0.32083333333333336 0.0325 0.1348148148148148
0 0.10106770833333334 0.31606481481481485 0.019947916666666666 0.0837962962962963
0 0.40890625 0.32958333333333334 0.034270833333333334 0.16342592592592592
0 0.4463020833333334 0.33092592592592596 0.029375 0.15055555555555555
0 0.6207812500000001 0.30925925925925923 0.028333333333333332 0.11481481481481481
0 0.3684375 0.3184259259259259 0.021249999999999998 0.1025925925925926
0 0.4747135416666667 0.33046296296296296 0.026927083333333334 0.08777777777777777
0 0.524609375 0.29874999999999996 0.016197916666666666 0.06564814814814815
0 0.5542447916666666 0.2963888888888889 0.014114583333333335 0.0575925925925926
0 0.7751302083333333 0.3884722222222222 0.06828125 0.4300925925925926
0 0.31145833333333334 0.2961111111111111 0.014270833333333333 0.048518518518518516
0 0.319296875 0.2948611111111111 0.012760416666666666 0.04675925925925926
0 0.34479166666666666 0.29800925925925925 0.011354166666666667 0.04064814814814815
