0 0.6522916666666667 0.08282407407407408 0.0325 0.11064814814814815
0 0.37859375000000006 0.24333333333333335 0.04083333333333334 0.10518518518518517
0 0.43421875 0.2091203703703704 0.040937499999999995 0.16194444444444445
0 0.9168229166666666 0.5178703703703703 0.04145833333333333 0.19796296296296298
0 0.3065364583333333 0.18907407407407406 0.03140625 0.1635185185185185
0 0.5719270833333333 0.05287037037037037 0.030729166666666665 0.10388888888888889
0 0.8472395833333333 0.6553703703703704 0.05322916666666667 0.2174074074074074
0 0.16005208333333334 0.6604629629629629 0.043333333333333335 0.2275925925925926
0 0.7814583333333334 0.12787037037037036 0.03166666666666666 0.14314814814814814
0 0.4062760416666667 0.14097222222222222 0.028593749999999998 0.1512037037037037
0 0.17309895833333336 0.2398611111111111 0.03786458333333333 0.18175925925925926
0 0.2033333333333333 0.35152777777777783 0.03822916666666667 0.1686111111111111
0 0.138671875 0.19912037037037036 0.02723958333333333 0.15435185185185185
0 0.7510416666666667 0.1 0.028333333333333332 0.14648148148148146
0 0.8772135416666667 0.09763888888888887 0.028177083333333335 0.15009259259259258
0 0.505234375 0.604212962962963 0.03786458333333333 0.22194444444444444
0 0.26244791666666667 0.2101851851851852 0.03104166666666667 0.16833333333333333
0 0.24177083333333332 0.34550925925925924 0.028541666666666667 0.18768518518518518
0 0.5494270833333333 0.5841666666666666 0.03791666666666667 0.21814814814814815
0 0.23252604166666666 0.20726851851851852 0.03171875 0.15675925925925926
0 0.14611979166666667 0.057129629629629634 0.02796875 0.11222222222222222
0 0.26893229166666666 0.05 0.02276041666666667 0.09814814814814815
