0 0.6527083333333333 0.08097222222222221 0.033229166666666664 0.10842592592592593
0 0.37809895833333335 0.2437037037037037 0.041093750000000005 0.10555555555555556
0 0.22932291666666668 0.43796296296296294 0.044270833333333336 0.2172222222222222
0 0.7891145833333333 0.13425925925925927 0.028645833333333332 0.13814814814814813
0 0.2784375 0.2548148148148148 0.0465625 0.18259259259259258
0 0.7367447916666666 0.638425925925926 0.05463541666666667 0.22722222222222221
0 0.38158854166666667 0.07342592592592592 0.02890625 0.145
0 0.19911458333333334 0.18101851851851852 0.02822916666666667 0.1638888888888889
0 0.9168749999999999 0.5201851851851852 0.03989583333333333 0.195
0 0.10250000000000001 0.4257870370370371 0.03333333333333333 0.17731481481481481
0 0.12414062499999999 0.1935185185185185 0.025677083333333333 0.1548148148148148
0 0.429921875 0.21925925925925926 0.032552083333333336 0.16425925925925927
0 0.48125 0.26458333333333334 0.03166666666666666 0.16805555555555557
0 0.5439322916666666 0.24259259259259258 0.039531250000000004 0.1737037037037037
0 0.07559895833333334 0.6234259259259259 0.04463541666666667 0.23296296296296296
0 0.1619010416666667 0.19555555555555554 0.028489583333333336 0.15833333333333333
0 0.23455729166666667 0.1636111111111111 0.02921875 0.14555555555555555
0 0.020442708333333334 0.8377777777777778 0.03588541666666667 0.2261111111111111
0 0.7041406249999999 0.24282407407407408 0.029010416666666667 0.15694444444444444
0 0.26671875 0.11537037037037037 0.028854166666666667 0.14425925925925928
0 0.9835156250000001 0.3436574074074074 0.03401041666666667 0.17787037037037037
0 0.7885416666666667 0.2912037037037037 0.0315625 0.19037037037037036
0 0.2934114583333333 0.1375462962962963 0.02328125 0.15694444444444444
0 0.7282291666666667 0.2800462962962963 0.021666666666666667 0.15138888888888888
0 0.46380208333333334 0.2286574074074074 0.03239583333333333 0.17046296296296296
