0 0.18429687499999997 0.5593981481481481 0.07286458333333333 0.31527777777777777
0 0.6040625 0.6548611111111111 0.10260416666666666 0.5517592592592593
0 0.385859375 0.527175925925926 0.06807291666666666 0.30898148148148147
0 0.46664062500000003 0.4856018518518519 0.03109375 0.15805555555555553
0 0.271484375 0.5665277777777779 0.08244791666666668 0.29935185185185187
0 0.31781249999999994 0.5348611111111111 0.0525 0.27564814814814814
0 0.4997916666666667 0.4983796296296296 0.05302083333333333 0.10712962962962963
0 0.4455989583333333 0.47092592592592597 0.032864583333333336 0.06574074074074074
0 0.42890625 0.4689814814814815 0.0278125 0.056296296296296296
0 0.550546875 0.6257870370370371 0.06276041666666667 0.47379629629629627
0 0.2103125 0.4900462962962963 0.026875 0.1250925925925926
