0 0.11638020833333335 0.6327777777777778 0.018281250000000002 0.0987037037037037
0 0.03486979166666667 0.6302314814814816 0.025989583333333333 0.10731481481481482
0 0.6830989583333333 0.5712962962962963 0.026302083333333334 0.11148148148148149
0 0.9838802083333333 0.5962962962962963 0.03328125 0.19907407407407407
0 0.5713541666666667 0.4957407407407407 0.012812500000000001 0.04611111111111111
0 0.7052083333333333 0.5587962962962963 0.022916666666666665 0.11407407407407408
0 0.6466406250000001 0.5241203703703703 0.014739583333333334 0.0725
0 0.6342447916666667 0.5229166666666667 0.01484375 0.07101851851851852
0 0.13260416666666666 0.6155092592592593 0.018333333333333333 0.10046296296296296
0 0.6561718750000001 0.5284722222222222 0.015572916666666665 0.07601851851851851
