0 0.6521875 0.0836574074074074 0.03197916666666666 0.11064814814814815
0 0.37846354166666674 0.2434722222222222 0.04161458333333334 0.10546296296296297
0 0.787109375 0.07097222222222221 0.031614583333333335 0.13398148148148148
0 0.43393229166666664 0.21490740740740744 0.03296875 0.16055555555555556
0 0.21273437500000003 0.3288425925925926 0.03421875 0.18287037037037038
0 0.8711979166666666 0.059027777777777776 0.029270833333333336 0.1162037037037037
0 0.8799739583333334 0.3200462962962963 0.04213541666666667 0.1849074074074074
0 0.30484375 0.18513888888888888 0.02666666666666667 0.16175925925925924
0 0.4682552083333334 0.04884259259259259 0.025989583333333333 0.09194444444444444
0 0.13135416666666666 0.3437962962962963 0.03291666666666667 0.17444444444444446
0 0.8447135416666666 0.6538425925925926 0.04848958333333333 0.21638888888888888
0 0.20049479166666667 0.18291666666666667 0.028177083333333335 0.16416666666666668
0 0.16346354166666668 0.19449074074074074 0.02734375 0.1576851851851852
0 0.916796875 0.5192129629629629 0.04234375 0.1986111111111111
0 0.12567708333333333 0.1991203703703704 0.026979166666666665 0.1486111111111111
0 0.2546875 0.18125 0.02625 0.14731481481481482
0 0.40421874999999996 0.14587962962962964 0.022708333333333334 0.14342592592592593
0 0.09869791666666666 0.33212962962962966 0.0309375 0.19240740740740742
0 0.982109375 0.32893518518518516 0.03682291666666667 0.16527777777777777
0 0.23442708333333334 0.1348148148148148 0.024270833333333335 0.1625925925925926
0 0.5811197916666667 0.8893518518518518 0.06598958333333334 0.22314814814814815
0 0.6166666666666667 0.8919444444444445 0.0475 0.21796296296296297
0 0.3834895833333334 0.6408796296296296 0.0459375 0.23453703703703704
