0 0.6134375 0.38027777777777777 0.03197916666666666 0.13666666666666666
0 0.05010416666666666 0.370462962962963 0.028541666666666667 0.10944444444444444
0 0.6922135416666667 0.381712962962963 0.038177083333333334 0.1512037037037037
0 0.49614583333333334 0.39291666666666664 0.03270833333333333 0.10268518518518518
0 0.4097135416666667 0.3844444444444445 0.032656250000000005 0.16314814814814813
0 0.021510416666666664 0.3680555555555556 0.022291666666666664 0.10203703703703704
0 0.5214583333333334 0.40087962962962964 0.03145833333333333 0.09583333333333334
0 0.45 0.39 0.030729166666666665 0.15425925925925926
0 0.5536197916666666 0.35824074074074075 0.016614583333333332 0.0662962962962963
0 0.9327604166666668 0.4951388888888889 0.10989583333333333 0.6000925925925926
0 0.32875 0.35300925925925924 0.013958333333333333 0.05287037037037037
0 0.3877083333333333 0.35777777777777775 0.0165625 0.05222222222222222
0 0.35093749999999996 0.34879629629629627 0.011770833333333335 0.046296296296296294
0 0.5871875000000001 0.3596759259259259 0.013229166666666665 0.05324074074074074
0 0.3759895833333333 0.3509259259259259 0.011354166666666667 0.04407407407407408
