0 0.7257031250000001 0.6026851851851852 0.04057291666666667 0.14629629629629629
0 0.7596614583333333 0.6280092592592592 0.03546875 0.15194444444444444
0 0.8342968749999999 0.6139351851851852 0.025260416666666667 0.15157407407407406
0 0.010390624999999999 0.6638888888888889 0.01973958333333333 0.13666666666666666
0 0.12796875000000002 0.6458796296296297 0.0196875 0.13416666666666668
0 0.9556770833333332 0.5517592592592593 0.021458333333333336 0.11388888888888889
0 0.10625 0.6660648148148148 0.017604166666666664 0.12342592592592594
0 0.692578125 0.4956944444444445 0.013385416666666667 0.054907407407407405
0 0.11528645833333334 0.6608333333333333 0.016197916666666666 0.12092592592592592
0 0.700625 0.4993981481481481 0.012395833333333333 0.05009259259259259
