0 0.44940104166666667 0.4725462962962963 0.02723958333333333 0.07138888888888888
0 0.385703125 0.4622685185185185 0.02140625 0.09657407407407408
0 0.6273177083333333 0.5377314814814815 0.05963541666666667 0.2565740740740741
0 0.925703125 0.6914814814814815 0.12869791666666666 0.6188888888888888
0 0.21169270833333337 0.4834259259259259 0.025364583333333336 0.10555555555555556
0 0.42942708333333335 0.46916666666666673 0.028333333333333332 0.055740740740740743
0 0.22888020833333333 0.48060185185185184 0.022864583333333334 0.09675925925925925
0 0.562421875 0.5185185185185185 0.06432291666666666 0.2707407407407407
0 0.2953125 0.46370370370370373 0.015625 0.07648148148148147
0 0.34265625 0.4693981481481481 0.01885416666666667 0.1000925925925926
0 0.35697916666666674 0.46574074074074073 0.019479166666666665 0.09574074074074075
0 0.3137760416666666 0.46277777777777773 0.020885416666666667 0.07666666666666666
0 0.5175520833333332 0.5150462962962963 0.04052083333333333 0.2287962962962963
0 0.26755208333333336 0.4525462962962963 0.011666666666666665 0.04972222222222222
0 0.27476562499999996 0.4497685185185185 0.010989583333333334 0.04935185185185185
