0 0.810390625 0.6101388888888889 0.029739583333333333 0.13231481481481483
0 0.9151302083333334 0.5523611111111112 0.020781249999999998 0.09509259259259259
0 0.7469791666666666 0.6316203703703704 0.028541666666666667 0.12861111111111112
0 0.026041666666666668 0.6653703703703703 0.028541666666666667 0.1274074074074074
0 0.6348697916666667 0.5172222222222222 0.013802083333333333 0.05444444444444444
0 0.7246614583333333 0.6058333333333333 0.038385416666666665 0.14314814814814814
0 0.6754687500000001 0.5091203703703704 0.012395833333333333 0.05435185185185185
0 0.142734375 0.6483333333333333 0.02015625 0.12925925925925924
0 0.123515625 0.6689351851851851 0.017343749999999998 0.11694444444444445
0 0.13286458333333334 0.660787037037037 0.0171875 0.11824074074074074
