0 0.7143229166666667 0.5738888888888889 0.027395833333333335 0.12833333333333333
0 0.9079947916666666 0.5758796296296296 0.03723958333333333 0.1362037037037037
0 0.07497395833333333 0.5883796296296296 0.01484375 0.07472222222222223
0 0.009921875 0.5812037037037038 0.016197916666666666 0.08370370370370371
0 0.4338020833333333 0.5050462962962963 0.009166666666666667 0.04638888888888889
0 0.5635937500000001 0.5408796296296298 0.017083333333333332 0.07490740740740741
0 0.5902604166666666 0.5337037037037037 0.016145833333333335 0.08074074074074074
0 0.5333333333333333 0.5224074074074074 0.015416666666666667 0.06481481481481481
0 0.5111718749999999 0.5233796296296296 0.013697916666666667 0.06138888888888889
0 0.5823177083333334 0.5356944444444444 0.014739583333333334 0.0723148148148148
0 0.5240885416666666 0.523287037037037 0.012343749999999999 0.06157407407407407
0 0.5430729166666667 0.5243055555555556 0.014375 0.06916666666666667
0 0.503046875 0.5219444444444444 0.01171875 0.05666666666666667
