0 0.349375 0.6185185185185185 0.103125 0.44425925925925924
0 0.22536458333333334 0.48328703703703707 0.02645833333333333 0.09712962962962964
0 0.43434895833333337 0.5730092592592593 0.05723958333333334 0.3358333333333333
0 0.6127604166666667 0.46069444444444446 0.020104166666666666 0.09527777777777778
0 0.5765885416666666 0.5024074074074074 0.020677083333333336 0.10666666666666667
0 0.2046875 0.4616203703703704 0.023854166666666666 0.09898148148148149
0 0.27395833333333336 0.4706944444444444 0.019895833333333335 0.09898148148148149
0 0.49682291666666667 0.550787037037037 0.05614583333333333 0.27805555555555556
0 0.25177083333333333 0.48407407407407405 0.019479166666666665 0.10055555555555555
0 0.530546875 0.5291666666666667 0.060572916666666664 0.24314814814814817
0 0.295625 0.45449074074074075 0.013020833333333334 0.061759259259259264
0 0.556875 0.5013888888888889 0.01875 0.11296296296296296
0 0.28658854166666664 0.459537037037037 0.014427083333333333 0.08296296296296296
0 0.30268229166666666 0.46064814814814814 0.014947916666666667 0.07148148148148148
0 0.30783854166666663 0.4213888888888889 0.011197916666666667 0.03888888888888889
