0 0.835859375 0.5241666666666667 0.12661458333333334 0.6994444444444444
0 0.45588541666666665 0.32 0.036458333333333336 0.1877777777777778
0 0.40804687500000003 0.30467592592592596 0.024739583333333332 0.10990740740740741
0 0.5958854166666666 0.31810185185185186 0.035416666666666666 0.14435185185185187
0 0.08588541666666667 0.3127777777777777 0.0271875 0.12796296296296295
0 0.06002604166666667 0.2925 0.01942708333333333 0.08222222222222222
0 0.4974739583333333 0.3090277777777778 0.028281249999999997 0.12453703703703704
0 0.5566666666666666 0.3065277777777778 0.0240625 0.1287962962962963
0 0.6209114583333334 0.29625 0.01942708333333333 0.10972222222222222
0 0.166484375 0.33217592592592593 0.029427083333333333 0.1600925925925926
0 0.192265625 0.322037037037037 0.03723958333333333 0.18166666666666664
0 0.9451302083333333 0.53 0.11078125 0.7351851851851852
0 0.35934895833333336 0.2897685185185185 0.012343749999999999 0.05842592592592593
0 0.5148958333333333 0.28175925925925926 0.014791666666666667 0.06222222222222223
0 0.3661979166666667 0.28847222222222224 0.011979166666666667 0.05620370370370371
0 0.37286458333333333 0.2881018518518519 0.011875 0.05620370370370371
0 0.5363802083333333 0.28180555555555553 0.011302083333333332 0.05453703703703704
0 0.3902083333333333 0.29444444444444445 0.026354166666666668 0.07333333333333333
