0 0.7949739583333333 0.5776388888888889 0.12578125 0.6134259259259259
0 0.12986979166666665 0.3748611111111111 0.028072916666666666 0.12305555555555556
0 0.38002604166666665 0.3715740740740741 0.02578125 0.12925925925925924
0 0.4682552083333333 0.3855555555555556 0.03671875 0.15611111111111112
0 0.9194010416666667 0.5762499999999999 0.12869791666666666 0.6058333333333333
0 0.56921875 0.38449074074074074 0.03875 0.2112037037037037
0 0.28630208333333335 0.3718518518518519 0.04 0.15796296296296294
0 0.04841145833333333 0.3699074074074074 0.02203125 0.1
0 0.41484375 0.3669444444444444 0.025625000000000002 0.12574074074074076
0 0.215 0.3661111111111111 0.022708333333333334 0.1174074074074074
0 0.34940104166666663 0.35939814814814813 0.020885416666666667 0.047685185185185185
0 0.023854166666666666 0.3498148148148148 0.01375 0.06759259259259259
0 0.44 0.36180555555555555 0.022187500000000002 0.11287037037037037
0 0.4900520833333334 0.35921296296296296 0.019479166666666665 0.10953703703703703
0 0.198125 0.3651851851851852 0.0153125 0.09314814814814815
0 0.03596354166666667 0.3575 0.011302083333333332 0.08314814814814815
0 0.06098958333333333 0.3634722222222222 0.013541666666666667 0.07712962962962963
