0 0.6524479166666667 0.08222222222222222 0.03229166666666667 0.11018518518518519
0 0.3784374999999999 0.24314814814814817 0.04041666666666666 0.10555555555555556
0 0.42846354166666667 0.2060648148148148 0.03369791666666667 0.16194444444444445
0 0.16411458333333334 0.6243981481481482 0.04041666666666666 0.2252777777777778
0 0.3061458333333334 0.18851851851851853 0.03239583333333333 0.16148148148148148
0 0.8469270833333333 0.6555092592592593 0.052187500000000005 0.2175
0 0.24322916666666666 0.3227777777777778 0.028958333333333332 0.18055555555555555
0 0.9172135416666667 0.51875 0.038802083333333334 0.19824074074074075
0 0.8633854166666667 0.07171296296296296 0.026770833333333334 0.14027777777777778
0 0.5675520833333334 0.6259722222222223 0.042604166666666665 0.22564814814814813
0 0.16583333333333333 0.24134259259259258 0.035625000000000004 0.18083333333333335
0 0.21432291666666667 0.3247222222222222 0.03625 0.16111111111111112
0 0.7826302083333334 0.10962962962962963 0.031927083333333335 0.1461111111111111
0 0.262578125 0.18912037037037038 0.031302083333333335 0.16805555555555557
0 0.7569010416666667 0.11597222222222223 0.026093750000000002 0.14675925925925926
0 0.4064583333333333 0.14171296296296299 0.030312500000000003 0.1499074074074074
0 0.13588541666666665 0.20194444444444443 0.026354166666666668 0.15388888888888888
0 0.5269010416666666 0.6452777777777777 0.037656249999999995 0.21777777777777776
0 0.23692708333333332 0.18481481481481485 0.030416666666666665 0.16055555555555556
0 0.1940885416666667 0.24375 0.02713541666666667 0.16231481481481483
