0 0.4966666666666667 0.3334722222222223 0.025625000000000002 0.08398148148148149
0 0.4068229166666667 0.32916666666666666 0.033854166666666664 0.16092592592592594
0 0.09877604166666668 0.31467592592592597 0.02015625 0.08194444444444444
0 0.5932552083333335 0.3186111111111111 0.031927083333333335 0.1340740740740741
0 0.6229427083333333 0.30874999999999997 0.029010416666666667 0.1162037037037037
0 0.447265625 0.3300462962962963 0.028177083333333335 0.1476851851851852
0 0.5242447916666666 0.29787037037037034 0.016197916666666666 0.06481481481481481
0 0.3681770833333333 0.31773148148148145 0.022291666666666664 0.10361111111111111
0 0.4748958333333333 0.3275925925925926 0.026875 0.08703703703703704
0 0.5541145833333333 0.2962962962962963 0.013333333333333334 0.0575925925925926
0 0.7910677083333334 0.38587962962962963 0.08817708333333334 0.42879629629629634
0 0.31158854166666666 0.29458333333333336 0.014010416666666666 0.047314814814814816
0 0.3187239583333333 0.2937037037037037 0.01265625 0.04574074074074074
0 0.34408854166666664 0.2964351851851852 0.011614583333333334 0.04175925925925926
