0 0.6904166666666666 0.5801388888888889 0.105 0.34935185185185186
0 0.22585937500000003 0.48120370370370363 0.020885416666666667 0.10518518518518517
0 0.35572916666666665 0.501712962962963 0.031875 0.17472222222222222
0 0.204921875 0.4624074074074074 0.023177083333333334 0.09944444444444445
0 0.5223697916666666 0.6686111111111112 0.08453125 0.6066666666666667
0 0.2762760416666667 0.47125 0.017135416666666667 0.1050925925925926
0 0.4546875 0.6157407407407407 0.07145833333333333 0.4207407407407407
0 0.31302083333333336 0.45458333333333334 0.012708333333333332 0.059537037037037034
0 0.253125 0.47449074074074077 0.016041666666666666 0.09805555555555556
0 0.40729166666666666 0.45231481481481484 0.012812500000000001 0.06592592592592593
0 0.293203125 0.4558796296296296 0.012447916666666666 0.05824074074074074
0 0.32395833333333335 0.4540277777777778 0.012187499999999999 0.05527777777777778
0 0.9805468749999999 0.5432870370370371 0.039947916666666666 0.3641666666666667
0 0.33471354166666667 0.4600462962962963 0.014947916666666667 0.059537037037037034
0 0.26255208333333335 0.4723611111111111 0.011458333333333333 0.09824074074074074
0 0.5875 0.4647685185185186 0.0234375 0.10250000000000001
0 0.5748697916666666 0.4995833333333334 0.025885416666666668 0.09805555555555556
