0 0.44940104166666667 0.4731018518518519 0.02796875 0.07194444444444445
0 0.6087239583333334 0.6612962962962964 0.10015625 0.562037037037037
0 0.510078125 0.6332407407407408 0.07598958333333333 0.4890740740740741
0 0.26166666666666666 0.47194444444444444 0.018333333333333333 0.10518518518518517
0 0.7936979166666667 0.4571296296296296 0.023958333333333335 0.10444444444444444
0 0.19481770833333334 0.5648148148148148 0.09734375 0.3887037037037037
0 0.42945312500000005 0.4693981481481481 0.029531250000000002 0.05842592592592593
0 0.062239583333333334 0.559675925925926 0.06885416666666666 0.3043518518518518
0 0.35044270833333335 0.46324074074074073 0.014010416666666666 0.06962962962962964
0 0.3394270833333334 0.4585648148148148 0.013125 0.061759259259259264
0 0.3104427083333333 0.4514351851851852 0.011614583333333334 0.05527777777777778
0 0.29578125 0.4528240740740741 0.010208333333333335 0.05453703703703704
