0 0.41421875 0.5054629629629629 0.03395833333333333 0.1885185185185185
0 0.75703125 0.5300462962962963 0.06510416666666667 0.2619444444444444
0 0.8645312500000001 0.6158796296296296 0.10677083333333333 0.43083333333333335
0 0.27390624999999996 0.47226851851851853 0.01864583333333333 0.1000925925925926
0 0.6187239583333334 0.4615740740740741 0.02546875 0.10351851851851851
0 0.4959114583333334 0.6325925925925926 0.08119791666666668 0.45611111111111113
0 0.5662239583333334 0.6609722222222223 0.08098958333333334 0.5717592592592593
0 0.22606770833333334 0.4834722222222222 0.02453125 0.09712962962962964
0 0.4482291666666666 0.4746296296296296 0.027916666666666666 0.06333333333333334
0 0.21041666666666667 0.4802777777777778 0.022395833333333334 0.10462962962962963
0 0.3504166666666667 0.46166666666666667 0.013125 0.06722222222222221
0 0.30841145833333333 0.4540277777777778 0.013697916666666667 0.05564814814814815
0 0.2945052083333333 0.45532407407407405 0.013697916666666667 0.05898148148148148
0 0.31760416666666663 0.45125000000000004 0.0134375 0.05435185185185185
0 0.23731770833333332 0.4728703703703704 0.015572916666666665 0.09037037037037036
