0 0.6522656250000001 0.08319444444444445 0.031927083333333335 0.11027777777777777
0 0.3783333333333333 0.24310185185185187 0.041562499999999995 0.10379629629629629
0 0.4330208333333333 0.20935185185185187 0.03895833333333333 0.15796296296296294
0 0.2788020833333334 0.33305555555555555 0.03354166666666667 0.17222222222222222
0 0.22486979166666668 0.3569907407407407 0.03526041666666667 0.17935185185185185
0 0.8884114583333333 0.2299537037037037 0.03171875 0.1597222222222222
0 0.134921875 0.2036111111111111 0.028385416666666666 0.15388888888888888
0 0.7844010416666667 0.24449074074074076 0.032552083333333336 0.14657407407407408
0 0.847890625 0.6553240740740741 0.05359375 0.21805555555555556
0 0.95921875 0.26861111111111113 0.035625000000000004 0.17111111111111113
0 0.16453125 0.19453703703703706 0.0265625 0.1577777777777778
0 0.6422916666666666 0.2099537037037037 0.03239583333333333 0.16231481481481483
0 0.500078125 0.36277777777777775 0.03567708333333333 0.19092592592592592
0 0.455625 0.3680555555555556 0.034270833333333334 0.18685185185185185
0 0.405703125 0.14245370370370372 0.028593749999999998 0.1499074074074074
0 0.91734375 0.5192129629629629 0.0403125 0.20120370370370372
0 0.17903645833333334 0.5312962962962963 0.04390625 0.19425925925925927
0 0.29760416666666667 0.18921296296296297 0.03114583333333333 0.15583333333333335
0 0.17927083333333332 0.3486111111111111 0.034583333333333334 0.18481481481481482
0 0.6350260416666667 0.7117592592592593 0.045989583333333334 0.2448148148148148
0 0.9305729166666666 0.7408333333333332 0.04833333333333333 0.2311111111111111
0 0.19924479166666667 0.9034259259259259 0.04692708333333333 0.195
0 0.21658854166666666 0.5252314814814815 0.03557291666666666 0.2026851851851852
0 0.17442708333333334 0.06157407407407407 0.022500000000000003 0.12129629629629629
0 0.33958333333333335 0.6228703703703704 0.05677083333333333 0.23055555555555557
0 0.24455729166666665 0.1400925925925926 0.031927083333333335 0.15833333333333333
0 0.27867187499999996 0.15134259259259258 0.02765625 0.1437962962962963
0 0.22213541666666667 0.24361111111111114 0.03927083333333334 0.17666666666666667
