0 0.6525260416666666 0.08310185185185186 0.032656250000000005 0.10935185185185185
0 0.12473958333333333 0.1947685185185185 0.029062499999999998 0.15564814814814815
0 0.7898697916666666 0.13222222222222224 0.028697916666666667 0.13796296296296295
0 0.06963541666666666 0.41092592592592586 0.025625000000000002 0.1748148148148148
0 0.20023437500000002 0.17958333333333332 0.028489583333333336 0.16620370370370371
0 0.22890625 0.11263888888888889 0.0321875 0.15435185185185185
0 0.381484375 0.07439814814814814 0.028697916666666667 0.14694444444444443
0 0.9164843749999999 0.5212962962962963 0.040989583333333336 0.19611111111111112
0 0.37854166666666667 0.24416666666666664 0.041041666666666664 0.10351851851851851
0 0.7345833333333334 0.6384722222222222 0.05458333333333333 0.2262037037037037
0 0.23953125 0.7154629629629629 0.04760416666666667 0.23962962962962964
0 0.16526041666666666 0.1975 0.028125 0.15407407407407409
0 0.29815104166666667 0.20944444444444446 0.03328125 0.15814814814814815
0 0.290859375 0.3731481481481482 0.031302083333333335 0.19166666666666668
0 0.032734375 0.6876388888888889 0.05932291666666667 0.23175925925925928
0 0.2390625 0.3104166666666667 0.04041666666666666 0.20287037037037037
0 0.13893229166666668 0.6235185185185186 0.03234375 0.1975925925925926
0 0.5808333333333333 0.21004629629629631 0.025208333333333333 0.1462037037037037
0 0.5008854166666666 0.1935185185185185 0.038125 0.15814814814814815
0 0.47265625 0.2511111111111111 0.04020833333333333 0.17962962962962964
0 0.43 0.22069444444444447 0.03302083333333333 0.1600925925925926
0 0.640625 0.2274074074074074 0.0315625 0.17203703703703704
0 0.07380208333333332 0.6250462962962964 0.04552083333333334 0.23324074074074075
0 0.434609375 0.35555555555555557 0.03723958333333333 0.17055555555555554
0 0.40679687500000006 0.3491666666666667 0.03744791666666667 0.18796296296296297
0 0.6622135416666667 0.2197685185185185 0.02453125 0.1534259259259259
0 0.5350260416666667 0.9243981481481481 0.03734375 0.15305555555555556
