0 0.8778645833333333 0.5747222222222222 0.023854166666666666 0.10962962962962963
0 0.7895052083333333 0.5637037037037038 0.025052083333333332 0.11240740740740741
0 0.223125 0.5355555555555556 0.013020833333333334 0.06222222222222223
0 0.696875 0.5169444444444444 0.0153125 0.06722222222222221
0 0.499609375 0.49018518518518517 0.010989583333333334 0.04666666666666667
0 0.17356770833333332 0.5299537037037038 0.013697916666666667 0.06601851851851852
0 0.5390625 0.5076851851851851 0.012395833333333333 0.05537037037037037
0 0.5932031249999999 0.5106018518518519 0.012343749999999999 0.05898148148148148
0 0.009557291666666667 0.6101851851851852 0.017447916666666667 0.1475925925925926
0 0.19697916666666665 0.5262962962962963 0.011979166666666667 0.06388888888888888
0 0.6114583333333333 0.5086574074074074 0.011458333333333333 0.05435185185185185
0 0.21101562499999998 0.5279166666666667 0.01296875 0.0637962962962963
0 0.51625 0.4934259259259259 0.010833333333333334 0.04537037037037037
0 0.5701822916666667 0.5056481481481481 0.010989583333333334 0.050555555555555555
0 0.63046875 0.5086574074074074 0.010208333333333335 0.052500000000000005
