0 0.8962239583333333 0.6096296296296296 0.03359375 0.1259259259259259
0 0.8460156249999999 0.6075462962962963 0.029010416666666667 0.12453703703703704
0 0.7402604166666666 0.5471296296296296 0.018333333333333333 0.09148148148148148
0 0.28489583333333335 0.5616203703703704 0.017604166666666664 0.0875
0 0.262265625 0.5605092592592593 0.018281250000000002 0.08972222222222223
0 0.10596354166666666 0.6349537037037037 0.03369791666666667 0.1525
0 0.8009895833333333 0.5377314814814815 0.019375 0.0762037037037037
0 0.059921875000000006 0.6277777777777778 0.026406250000000003 0.14537037037037037
0 0.6265625 0.4818518518518518 0.0078125 0.0337037037037037
0 0.437265625 0.502824074074074 0.009427083333333334 0.04453703703703704
0 0.34158854166666663 0.5321759259259259 0.01359375 0.06731481481481481
0 0.6753645833333334 0.48916666666666664 0.008645833333333333 0.0437037037037037
0 0.7793489583333334 0.5225 0.014010416666666666 0.07462962962962963
0 0.5627343749999999 0.47953703703703704 0.007135416666666667 0.023333333333333334
0 0.41796875 0.49750000000000005 0.009270833333333334 0.041851851851851855
0 0.32510416666666664 0.5315277777777778 0.012812500000000001 0.05898148148148148
0 0.4267708333333333 0.5004166666666667 0.009479166666666667 0.04064814814814815
0 0.7689843749999999 0.4928240740740741 0.012864583333333334 0.048240740740740744
0 0.7871614583333333 0.5291203703703704 0.014635416666666668 0.0737962962962963
0 0.7546093749999999 0.48412037037037037 0.01078125 0.04398148148148148
