0 0.812421875 0.5367592592592593 0.15557291666666667 0.7077777777777777
0 0.373203125 0.518148148148148 0.13994791666666667 0.7303703703703703
0 0.47869791666666667 0.3958796296296296 0.0984375 0.42657407407407405
0 0.6374218749999999 0.4 0.055260416666666666 0.27740740740740744
0 0.557265625 0.40324074074074073 0.08734375 0.48277777777777775
0 0.23880208333333333 0.5133333333333333 0.15843749999999998 0.7948148148148148
0 0.9108333333333334 0.3702777777777778 0.02020833333333333 0.10518518518518517
0 0.7213802083333333 0.3647222222222222 0.01390625 0.08407407407407406
0 0.7087760416666666 0.367037037037037 0.01171875 0.06925925925925926
0 0.740078125 0.35694444444444445 0.014114583333333335 0.075
0 0.730859375 0.36027777777777775 0.01703125 0.08925925925925926
0 0.8951041666666666 0.3693518518518518 0.0146875 0.09259259259259259
0 0.09075520833333334 0.5080555555555555 0.17223958333333333 0.9857407407407407
