0 0.8012239583333334 0.5560185185185185 0.12390625000000001 0.6796296296296296
0 0.3344010416666666 0.3506944444444444 0.04921875 0.2026851851851852
0 0.9355989583333334 0.5622222222222223 0.12984375 0.727962962962963
0 0.5935416666666667 0.34981481481481475 0.033749999999999995 0.14796296296296296
0 0.4825 0.3459722222222222 0.03364583333333333 0.1675
0 0.6239062499999999 0.3309722222222222 0.0190625 0.1149074074074074
0 0.120546875 0.33458333333333334 0.02390625 0.11675925925925926
0 0.4524479166666666 0.33166666666666667 0.024895833333333332 0.10740740740740741
0 0.5642447916666667 0.33217592592592593 0.02359375 0.12324074074074073
0 0.10096354166666667 0.31023148148148144 0.016822916666666667 0.08268518518518518
0 0.41192708333333333 0.3117592592592593 0.012395833333333333 0.05851851851851852
0 0.2850520833333333 0.32814814814814813 0.0265625 0.10925925925925926
0 0.23682291666666666 0.3464814814814815 0.0328125 0.1627777777777778
0 0.37575520833333337 0.31504629629629627 0.01171875 0.057129629629629634
0 0.5369791666666667 0.31037037037037035 0.012395833333333333 0.049444444444444444
0 0.38901041666666664 0.3143055555555556 0.012291666666666668 0.05527777777777778
0 0.523984375 0.3133796296296296 0.01171875 0.05212962962962963
0 0.5453645833333333 0.314537037037037 0.013645833333333333 0.060925925925925925
0 0.222109375 0.3506944444444444 0.02421875 0.14324074074074072
