0 0.7156510416666666 0.5734259259259259 0.02765625 0.12962962962962962
0 0.910625 0.573935185185185 0.037187500000000005 0.13435185185185183
0 0.074296875 0.5901388888888888 0.015364583333333333 0.07787037037037037
0 0.43393229166666664 0.5054166666666666 0.008906250000000001 0.04638888888888889
0 0.00921875 0.58375 0.0159375 0.08601851851851852
0 0.5916145833333334 0.5351388888888889 0.016874999999999998 0.08046296296296297
0 0.5628645833333332 0.540324074074074 0.017291666666666667 0.0725
0 0.533359375 0.522361111111111 0.015364583333333333 0.06546296296296296
0 0.5138802083333334 0.5223148148148148 0.01328125 0.06185185185185185
0 0.5258072916666667 0.5227777777777778 0.012864583333333334 0.06222222222222223
0 0.5426822916666667 0.5251388888888888 0.014010416666666666 0.0687962962962963
0 0.6331510416666667 0.5647685185185186 0.031197916666666665 0.11175925925925927
0 0.5743489583333333 0.5390277777777778 0.019114583333333334 0.07509259259259259
0 0.5028125 0.5222685185185186 0.011770833333333335 0.057129629629629634
