0 0.6523177083333334 0.08291666666666667 0.03276041666666667 0.10990740740740741
0 0.38153645833333333 0.07458333333333333 0.02890625 0.14731481481481482
0 0.22953125000000002 0.8792129629629629 0.05322916666666667 0.2434259259259259
0 0.623046875 0.2212962962962963 0.03432291666666667 0.1548148148148148
0 0.2003125 0.18101851851851852 0.029166666666666667 0.16444444444444445
0 0.7891927083333333 0.13310185185185186 0.029114583333333333 0.13842592592592592
0 0.06937499999999999 0.4123148148148148 0.025416666666666664 0.17444444444444446
0 0.5103125 0.27652777777777776 0.03739583333333333 0.17305555555555557
0 0.24229166666666666 0.3793055555555555 0.04135416666666667 0.20898148148148146
0 0.7347916666666666 0.6381944444444444 0.05479166666666667 0.2262037037037037
0 0.12231770833333333 0.19643518518518518 0.025989583333333333 0.1525
0 0.9168229166666666 0.5207870370370371 0.04041666666666666 0.19398148148148148
0 0.28359375 0.30444444444444446 0.03770833333333334 0.18222222222222223
0 0.16692708333333334 0.19666666666666666 0.0296875 0.1598148148148148
0 0.07552083333333333 0.6228240740740741 0.0440625 0.2323148148148148
0 0.6696614583333333 0.25388888888888894 0.02328125 0.15351851851851853
0 0.3804166666666667 0.246712962962963 0.030625 0.1539814814814815
0 0.040546874999999996 0.7352314814814814 0.039531250000000004 0.20212962962962963
0 0.43609375000000006 0.2686574074074074 0.0334375 0.17435185185185187
0 0.29299479166666664 0.13828703703703704 0.025052083333333332 0.15657407407407406
0 0.24322916666666666 0.07407407407407407 0.027916666666666666 0.14055555555555557
0 0.4577083333333334 0.27999999999999997 0.028854166666666667 0.1525925925925926
0 0.20859375 0.08097222222222222 0.025625000000000002 0.14805555555555555
0 0.26502604166666666 0.21689814814814815 0.03109375 0.1499074074074074
0 0.737109375 0.25828703703703704 0.03307291666666667 0.1749074074074074
0 0.2665885416666667 0.11134259259259259 0.030989583333333334 0.14805555555555555
0 0.7587239583333333 0.25365740740740744 0.028281249999999997 0.16416666666666668
0 0.14981770833333333 0.1649074074074074 0.03307291666666667 0.16962962962962963
0 0.6164583333333334 0.9335185185185184 0.03895833333333333 0.1348148148148148
