0 0.5892447916666667 0.32814814814814813 0.03463541666666667 0.15074074074074076
0 0.83375 0.549537037037037 0.10645833333333334 0.7112962962962963
0 0.3735416666666666 0.3142592592592593 0.024791666666666667 0.11722222222222221
0 0.42799479166666665 0.33055555555555555 0.04067708333333333 0.19444444444444445
0 0.5427604166666667 0.31504629629629627 0.02645833333333333 0.13842592592592592
0 0.4857552083333333 0.3148148148148148 0.024635416666666667 0.11944444444444445
0 0.019583333333333335 0.2962037037037037 0.0171875 0.08777777777777777
0 0.13716145833333335 0.3325462962962963 0.04244791666666667 0.20305555555555557
0 0.45291666666666663 0.3143518518518518 0.030520833333333334 0.14333333333333334
0 0.057005208333333335 0.3160185185185185 0.028177083333333335 0.12851851851851853
0 0.6100520833333333 0.3062037037037037 0.018958333333333334 0.12074074074074075
0 0.9495833333333333 0.5557407407407408 0.101875 0.7272222222222222
0 0.34684895833333335 0.29657407407407405 0.01296875 0.06185185185185185
0 0.33661458333333333 0.29597222222222225 0.012291666666666668 0.06398148148148147
0 0.11651041666666666 0.3406944444444444 0.027708333333333335 0.1837962962962963
0 0.271796875 0.3101851851851852 0.022447916666666668 0.10518518518518517
