0 0.6523697916666666 0.08222222222222224 0.03276041666666667 0.11055555555555556
0 0.37843750000000004 0.24328703703703702 0.041562499999999995 0.10527777777777778
0 0.16893229166666668 0.5981944444444445 0.03984375 0.2202777777777778
0 0.8461458333333333 0.6546296296296297 0.05322916666666667 0.21796296296296297
0 0.917109375 0.5180555555555556 0.03911458333333333 0.20037037037037037
0 0.421484375 0.20481481481481484 0.025989583333333333 0.16740740740740742
0 0.8548177083333334 0.06273148148148149 0.02984375 0.12361111111111112
0 0.3021354166666666 0.1875462962962963 0.03260416666666667 0.16268518518518518
0 0.16070312499999997 0.24500000000000002 0.03140625 0.1835185185185185
0 0.2656510416666667 0.17064814814814816 0.032135416666666666 0.1622222222222222
0 0.78625 0.0975 0.031875 0.14092592592592593
0 0.134375 0.20203703703703701 0.0271875 0.15462962962962962
0 0.4055989583333333 0.1412962962962963 0.029427083333333333 0.15222222222222223
0 0.22015625 0.30504629629629626 0.03677083333333333 0.16268518518518518
0 0.582421875 0.6580555555555556 0.04473958333333334 0.22703703703703704
0 0.14645833333333333 0.05800925925925926 0.027708333333333335 0.11361111111111111
0 0.24432291666666664 0.3062962962962963 0.030625 0.18388888888888888
0 0.19346354166666666 0.24925925925925924 0.026093750000000002 0.16407407407407407
0 0.23484375 0.1673611111111111 0.030104166666666664 0.15583333333333335
0 0.5452864583333333 0.6816203703703705 0.03890625 0.22953703703703704
0 0.7631510416666667 0.12518518518518518 0.025364583333333336 0.1448148148148148
0 0.241796875 0.04069444444444445 0.021822916666666668 0.07953703703703704
0 0.34255208333333337 0.6467592592592593 0.04541666666666667 0.21703703703703706
