0 0.504375 0.4756481481481482 0.03697916666666667 0.1637037037037037
0 0.3891145833333333 0.45393518518518516 0.022291666666666664 0.10712962962962963
0 0.6503645833333332 0.45472222222222225 0.021458333333333336 0.10462962962962963
0 0.05096354166666666 0.5059259259259259 0.04307291666666667 0.19666666666666668
0 0.4152083333333333 0.44930555555555557 0.02333333333333333 0.1125
0 0.33520833333333333 0.4364351851851852 0.0146875 0.06731481481481481
0 0.7197395833333334 0.5555555555555556 0.09916666666666667 0.4451851851851852
0 0.44601562499999997 0.446712962962963 0.022447916666666668 0.10712962962962963
0 0.01716145833333333 0.5093981481481481 0.03244791666666667 0.18953703703703703
0 0.1793489583333333 0.4463888888888889 0.01140625 0.05740740740740741
0 0.1704166666666667 0.44703703703703707 0.011041666666666667 0.05333333333333334
0 0.18723958333333332 0.4463425925925926 0.011666666666666665 0.056574074074074075
0 0.287421875 0.4469444444444444 0.018489583333333334 0.07907407407407407
0 0.16067708333333333 0.44782407407407404 0.010520833333333333 0.05212962962962963
0 0.07177083333333334 0.49148148148148146 0.0271875 0.15888888888888889
