0 0.8214322916666668 0.5756944444444444 0.13296875 0.6832407407407407
0 0.38502604166666665 0.3513425925925926 0.04526041666666667 0.19027777777777777
0 0.04419270833333333 0.3663425925925926 0.038593749999999996 0.1834259259259259
0 0.6586718749999999 0.3365277777777778 0.020364583333333335 0.10805555555555556
0 0.6222916666666667 0.35555555555555557 0.037187500000000005 0.15537037037037038
0 0.5185677083333333 0.34481481481481485 0.031302083333333335 0.15425925925925926
0 0.17276041666666667 0.329212962962963 0.0228125 0.10972222222222222
0 0.4493489583333333 0.3173148148148149 0.012447916666666666 0.059444444444444446
0 0.9420833333333333 0.5731944444444445 0.116875 0.7402777777777778
0 0.29651041666666667 0.34023148148148147 0.0296875 0.1575
0 0.6007552083333334 0.33587962962962964 0.024427083333333332 0.12916666666666668
0 0.5357552083333333 0.3421296296296296 0.030885416666666665 0.14055555555555557
0 0.416875 0.3164351851851852 0.012916666666666667 0.0537962962962963
0 0.5694791666666666 0.31578703703703703 0.011250000000000001 0.04601851851851852
0 0.3120572916666667 0.3289814814814815 0.02671875 0.13185185185185186
0 0.46072916666666663 0.31439814814814815 0.011250000000000001 0.050833333333333335
0 0.5620052083333333 0.3249537037037037 0.018697916666666665 0.07324074074074073
