0 0.44958333333333333 0.47379629629629627 0.027083333333333334 0.07388888888888889
0 0.5951822916666667 0.5394444444444445 0.05744791666666667 0.26037037037037036
0 0.3491145833333334 0.47129629629629627 0.02 0.10648148148148148
0 0.38289062500000004 0.46152777777777776 0.01973958333333333 0.09342592592592593
0 0.4877864583333333 0.5181944444444444 0.04692708333333333 0.23435185185185184
0 0.2115625 0.4824537037037038 0.025833333333333333 0.1063888888888889
0 0.3126302083333333 0.4622685185185185 0.01984375 0.07898148148148147
0 0.533984375 0.5190740740740741 0.040052083333333335 0.27111111111111114
0 0.22846354166666666 0.4804166666666667 0.02390625 0.09546296296296296
0 0.8715885416666665 0.6824537037037036 0.11911458333333333 0.6369444444444444
0 0.42890625 0.46935185185185185 0.029166666666666667 0.05722222222222222
0 0.293359375 0.46328703703703705 0.01578125 0.07324074074074073
0 0.633359375 0.4574537037037037 0.021302083333333333 0.10527777777777778
0 0.2675 0.450787037037037 0.0125 0.05398148148148148
0 0.3011197916666667 0.4625462962962963 0.01296875 0.07472222222222223
