0 0.8458854166666666 0.7191203703703704 0.042291666666666665 0.18953703703703703
0 0.7358854166666667 0.6869907407407407 0.0540625 0.19675925925925927
0 0.7775260416666667 0.7431481481481482 0.04182291666666667 0.2011111111111111
0 0.8727864583333333 0.6249074074074075 0.025677083333333333 0.13
0 0.048125 0.7168518518518519 0.024895833333333332 0.16296296296296298
0 0.012916666666666665 0.7463888888888888 0.02333333333333333 0.15518518518518518
0 0.7691666666666668 0.5732407407407406 0.020729166666666667 0.08481481481481482
0 0.814453125 0.5739814814814815 0.017864583333333333 0.10037037037037037
0 0.793515625 0.5722222222222222 0.014947916666666667 0.08370370370370371
0 0.7122135416666667 0.5273148148148148 0.010572916666666666 0.04870370370370371
0 0.7194270833333333 0.5388888888888889 0.0153125 0.0512962962962963
0 0.7229947916666667 0.519537037037037 0.013177083333333334 0.04574074074074074
0 0.74609375 0.5706018518518519 0.015729166666666666 0.07194444444444445
0 0.7269270833333333 0.5733333333333334 0.022916666666666665 0.08444444444444445
