0 0.312265625 0.4198611111111111 0.07005208333333333 0.31712962962962965
0 0.609453125 0.38226851851851856 0.03328125 0.1426851851851852
0 0.52078125 0.34611111111111115 0.014583333333333334 0.059444444444444446
0 0.5635156249999999 0.3747685185185185 0.026406250000000003 0.15546296296296297
0 0.6598437500000001 0.3676388888888889 0.021770833333333333 0.11527777777777778
0 0.4823697916666667 0.36810185185185185 0.03015625 0.13564814814814816
0 0.44778645833333336 0.3672685185185185 0.03078125 0.14472222222222222
0 0.37580729166666665 0.34444444444444444 0.012760416666666666 0.0612962962962963
0 0.35544270833333336 0.3450462962962963 0.01296875 0.07027777777777779
0 0.365625 0.3441666666666667 0.016979166666666667 0.06666666666666667
