0 0.6085677083333334 0.6575462962962962 0.10098958333333334 0.5650925925925926
0 0.44953125 0.4728240740740741 0.0278125 0.07046296296296296
0 0.51125 0.63 0.0759375 0.48148148148148145
0 0.2613802083333333 0.4722685185185185 0.017343749999999998 0.10583333333333333
0 0.208203125 0.5559722222222223 0.07536458333333333 0.3780555555555556
0 0.07921874999999999 0.566574074074074 0.07947916666666667 0.31425925925925924
0 0.43 0.4689351851851852 0.029895833333333333 0.05731481481481481
0 0.797109375 0.4558796296296296 0.021614583333333333 0.10212962962962963
0 0.35072916666666665 0.4625462962962963 0.013958333333333333 0.06824074074074074
0 0.3377604166666667 0.4574537037037037 0.012916666666666667 0.059722222222222225
0 0.29546875 0.4524074074074074 0.010416666666666666 0.05462962962962963
0 0.30736979166666667 0.45212962962962966 0.011822916666666666 0.05407407407407407
0 0.3273177083333333 0.45305555555555554 0.02203125 0.058333333333333334
0 0.4637239583333333 0.45583333333333337 0.015677083333333335 0.06222222222222223
