0 0.6525520833333333 0.08328703703703703 0.03208333333333333 0.11194444444444444
0 0.37856770833333336 0.24393518518518517 0.04151041666666667 0.10490740740740741
0 0.7869531249999999 0.0725925925925926 0.031614583333333335 0.13592592592592595
0 0.7894010416666667 0.22217592592592594 0.02734375 0.15861111111111112
0 0.217890625 0.6071296296296297 0.056093750000000005 0.2324074074074074
0 0.2654947916666667 0.20347222222222222 0.023802083333333335 0.16324074074074074
0 0.9160416666666668 0.5199537037037038 0.05197916666666667 0.19342592592592592
0 0.5763020833333333 0.04680555555555555 0.03895833333333333 0.09175925925925925
0 0.43364583333333334 0.21541666666666667 0.030416666666666665 0.16064814814814815
0 0.30671875 0.18662037037037038 0.0265625 0.16435185185185186
0 0.18083333333333335 0.4319907407407407 0.036562500000000005 0.20064814814814813
0 0.861484375 0.2275925925925926 0.03796875 0.17666666666666667
0 0.2347135416666667 0.20592592592592593 0.03494791666666666 0.1527777777777778
0 0.20085937499999998 0.18476851851851853 0.025989583333333333 0.1597222222222222
0 0.40359375 0.14680555555555558 0.025833333333333333 0.14638888888888887
0 0.8452604166666666 0.6544444444444444 0.05083333333333333 0.2172222222222222
0 0.6854166666666667 0.9019444444444444 0.0478125 0.19796296296296298
0 0.14109375 0.2809259259259259 0.03260416666666667 0.18425925925925926
0 0.7327864583333333 0.8916203703703703 0.04911458333333333 0.21861111111111112
0 0.22520833333333332 0.08763888888888889 0.029166666666666667 0.14675925925925926
0 0.16895833333333332 0.2856944444444445 0.030729166666666665 0.16527777777777777
0 0.26369791666666664 0.10125 0.024374999999999997 0.13175925925925927
0 0.4532291666666666 0.9273611111111112 0.03947916666666666 0.14712962962962964
0 0.13002604166666665 0.1976388888888889 0.02390625 0.15564814814814815
