0 0.6523958333333333 0.08407407407407406 0.03239583333333333 0.1112962962962963
0 0.7892447916666666 0.06652777777777777 0.03078125 0.13120370370370368
0 0.3783333333333333 0.2437037037037037 0.040625 0.1061111111111111
0 0.21794270833333332 0.2731944444444444 0.03411458333333333 0.17472222222222222
0 0.42125 0.21328703703703702 0.029270833333333336 0.16157407407407406
0 0.531640625 0.05222222222222222 0.029010416666666667 0.1024074074074074
0 0.16429687499999998 0.1949537037037037 0.028072916666666666 0.15805555555555553
0 0.10645833333333334 0.3818518518518519 0.03395833333333333 0.18203703703703702
0 0.9162239583333334 0.5202314814814815 0.04192708333333333 0.19472222222222224
0 0.8826822916666667 0.0861574074074074 0.02703125 0.15009259259259258
0 0.25854166666666667 0.19550925925925927 0.033229166666666664 0.17250000000000001
0 0.90484375 0.37351851851851847 0.03885416666666666 0.18462962962962964
0 0.93796875 0.2816666666666667 0.0353125 0.15685185185185185
0 0.4731250000000001 0.05513888888888889 0.027291666666666665 0.10805555555555556
0 0.850703125 0.08069444444444444 0.029739583333333333 0.15694444444444444
0 0.8399479166666667 0.6611574074074074 0.0340625 0.22175925925925927
0 0.498828125 0.05212962962962963 0.029531250000000002 0.1024074074074074
0 0.12971354166666665 0.2026388888888889 0.032135416666666666 0.1489814814814815
0 0.284765625 0.17731481481481481 0.030885416666666665 0.1635185185185185
0 0.15888020833333333 0.8842592592592593 0.04265625 0.23333333333333334
0 0.443359375 0.6751851851851852 0.038802083333333334 0.23740740740740737
0 0.12455729166666667 0.862037037037037 0.04973958333333333 0.26407407407407407
0 0.25283854166666664 0.08078703703703703 0.03651041666666666 0.15787037037037038
0 0.22263020833333333 0.10833333333333334 0.025572916666666667 0.15037037037037038
0 0.948828125 0.7075925925925927 0.03598958333333333 0.1975925925925926
0 0.5323177083333334 0.7993055555555556 0.06348958333333334 0.24027777777777778
0 0.84328125 0.3561574074074074 0.03104166666666667 0.18805555555555556
0 0.9890625 0.3053240740740741 0.022916666666666665 0.19435185185185186
0 0.5697395833333334 0.8091666666666667 0.04604166666666667 0.21407407407407406
