0 0.37835937499999994 0.24319444444444444 0.04182291666666667 0.10490740740740741
0 0.6522395833333333 0.0824074074074074 0.03239583333333333 0.11018518518518519
0 0.4325260416666667 0.20976851851851852 0.038385416666666665 0.16101851851851853
0 0.7841666666666668 0.2064814814814815 0.03302083333333333 0.15351851851851853
0 0.7855208333333333 0.05203703703703704 0.028125 0.10222222222222223
0 0.6120572916666667 0.14851851851851852 0.030677083333333334 0.15814814814814815
0 0.19229166666666667 0.8377777777777777 0.0496875 0.25351851851851853
0 0.8470052083333334 0.6535648148148149 0.054114583333333334 0.2200925925925926
0 0.40562499999999996 0.1413425925925926 0.029166666666666667 0.14842592592592593
0 0.4619270833333333 0.43425925925925923 0.03625 0.19574074074074074
0 0.5036979166666666 0.4237962962962963 0.036458333333333336 0.2
0 0.9164843749999999 0.5185648148148148 0.04067708333333333 0.19842592592592595
0 0.8673697916666667 0.1761574074074074 0.02755208333333333 0.15583333333333335
0 0.6711197916666668 0.8244444444444445 0.04807291666666667 0.2494444444444444
0 0.3025520833333334 0.18592592592592594 0.028333333333333332 0.1585185185185185
0 0.2395572916666667 0.30277777777777776 0.03473958333333334 0.17185185185185184
0 0.7484895833333334 0.05430555555555555 0.02364583333333333 0.10305555555555555
0 0.22143229166666664 0.45787037037037037 0.03484375 0.19722222222222222
0 0.9318489583333334 0.2101851851851852 0.03307291666666667 0.1687037037037037
0 0.13648437500000002 0.2037962962962963 0.029947916666666668 0.15888888888888889
0 0.1884375 0.4699074074074074 0.04125 0.18129629629629632
0 0.24135416666666665 0.15240740740740744 0.028125 0.16055555555555556
0 0.1955208333333333 0.3042592592592593 0.0325 0.17166666666666666
0 0.93234375 0.7410185185185185 0.049374999999999995 0.23148148148148148
0 0.26403645833333333 0.10851851851851851 0.028593749999999998 0.14685185185185184
0 0.26611979166666666 0.2869907407407407 0.03203125 0.16916666666666666
0 0.14260416666666667 0.058194444444444444 0.0284375 0.1125
0 0.16388020833333336 0.19416666666666665 0.02765625 0.1524074074074074
0 0.180546875 0.24643518518518517 0.02984375 0.1726851851851852
