0 0.9291145833333334 0.6944444444444444 0.0509375 0.2127777777777778
0 0.16794270833333336 0.5974074074074074 0.025885416666666668 0.1274074074074074
0 0.135234375 0.6022222222222222 0.025052083333333332 0.11962962962962961
0 0.05575520833333334 0.6169907407407407 0.03401041666666667 0.1362037037037037
0 0.023854166666666666 0.6077777777777778 0.030520833333333334 0.1425925925925926
0 0.9283333333333332 0.5745833333333334 0.026875 0.09898148148148149
0 0.3375 0.5196296296296297 0.0115625 0.06018518518518518
0 0.11028645833333334 0.6049537037037037 0.022135416666666668 0.1150925925925926
0 0.7921354166666666 0.5155555555555557 0.014895833333333334 0.0651851851851852
0 0.5801562499999999 0.4898611111111112 0.01 0.038796296296296294
0 0.6933854166666668 0.5274074074074074 0.015000000000000001 0.06759259259259259
0 0.295859375 0.5111574074074074 0.011197916666666667 0.05805555555555556
0 0.19184895833333335 0.5709722222222222 0.021927083333333333 0.10305555555555555
0 0.614453125 0.5057407407407407 0.011614583333333334 0.04703703703703704
0 0.44721354166666666 0.48624999999999996 0.008072916666666667 0.03305555555555556
0 0.76703125 0.5209722222222222 0.013854166666666667 0.05583333333333333
0 0.08888020833333334 0.6000462962962964 0.018281250000000002 0.0913888888888889
0 0.7564583333333332 0.517824074074074 0.012083333333333333 0.05157407407407408
0 0.872890625 0.5618055555555556 0.020572916666666666 0.1150925925925926
0 0.7754947916666667 0.5192592592592592 0.01359375 0.05611111111111111
0 0.6019270833333333 0.49907407407407406 0.010416666666666666 0.041666666666666664
0 0.6734895833333334 0.508888888888889 0.010624999999999999 0.04611111111111111
0 0.30390625 0.5102314814814815 0.011145833333333332 0.056018518518518516
