0 0.7756510416666667 0.6322685185185185 0.11921875 0.6395370370370371
0 0.5529166666666667 0.4119907407407407 0.0340625 0.1486111111111111
0 0.13734375 0.3743981481481481 0.021145833333333332 0.1063888888888889
0 0.3481250000000001 0.39282407407407405 0.0465625 0.17435185185185187
0 0.9170052083333332 0.6370833333333333 0.13317708333333333 0.659537037037037
0 0.47015625 0.3932407407407407 0.027708333333333335 0.14166666666666666
0 0.24476562500000001 0.37953703703703706 0.025364583333333336 0.11314814814814815
0 0.5926822916666666 0.39194444444444443 0.018281250000000002 0.10740740740740741
0 0.4940104166666667 0.3934259259259259 0.027708333333333335 0.13166666666666665
0 0.394453125 0.3660185185185185 0.013177083333333334 0.060555555555555564
0 0.2701822916666667 0.38078703703703703 0.020052083333333335 0.10935185185185185
0 0.0134375 0.41462962962962957 0.02375 0.1724074074074074
0 0.5280208333333334 0.38439814814814816 0.017291666666666667 0.09324074074074075
0 0.11921875 0.34731481481481485 0.013333333333333334 0.06351851851851852
0 0.4514583333333333 0.37449074074074074 0.0175 0.04861111111111111
0 0.514921875 0.38560185185185186 0.025156249999999998 0.10083333333333334
