0 0.6858593749999999 0.5847685185185185 0.10338541666666666 0.35157407407407404
0 0.3538802083333333 0.5026851851851851 0.03442708333333333 0.17111111111111113
0 0.20463541666666668 0.4624074074074074 0.02322916666666667 0.09888888888888889
0 0.22651041666666666 0.4812962962962963 0.0203125 0.10444444444444444
0 0.5210416666666666 0.6735185185185185 0.08645833333333333 0.6016666666666666
0 0.27601562500000004 0.4707407407407408 0.017135416666666667 0.10481481481481482
0 0.4523697916666667 0.6124074074074074 0.07338541666666668 0.41703703703703704
0 0.3138020833333333 0.45425925925925925 0.011979166666666667 0.05814814814814814
0 0.253359375 0.4735185185185185 0.01703125 0.09796296296296296
0 0.2923958333333333 0.45425925925925925 0.012604166666666666 0.05814814814814814
0 0.4044010416666666 0.4494444444444444 0.013072916666666667 0.07074074074074074
0 0.2637760416666667 0.47175925925925927 0.01171875 0.09981481481481481
0 0.330234375 0.45949074074074076 0.013489583333333333 0.05435185185185185
0 0.5734114583333333 0.5016666666666666 0.025885416666666668 0.09907407407407408
0 0.5873697916666667 0.4639351851851851 0.021927083333333333 0.1012037037037037
