0 0.7259895833333334 0.5628703703703704 0.026041666666666668 0.11574074074074074
0 0.8535677083333333 0.5729166666666666 0.02734375 0.11916666666666666
0 0.14854166666666668 0.5521759259259258 0.013645833333333333 0.06675925925925925
0 0.6193489583333334 0.5456481481481482 0.02109375 0.09481481481481482
0 0.45614583333333336 0.4924537037037037 0.010520833333333333 0.047870370370370376
0 0.5826041666666667 0.50875 0.016041666666666666 0.06453703703703705
0 0.5477604166666666 0.5123148148148149 0.013020833333333334 0.0575925925925926
0 0.09278645833333334 0.5482407407407407 0.013802083333333333 0.06907407407407407
0 0.49890625 0.5116666666666666 0.013854166666666667 0.06166666666666666
0 0.26145833333333335 0.49555555555555547 0.008437499999999999 0.037592592592592594
0 0.11265624999999999 0.5343055555555555 0.013645833333333333 0.07083333333333333
0 0.489921875 0.506712962962963 0.011822916666666666 0.05472222222222222
0 0.5212239583333333 0.5104629629629629 0.011927083333333333 0.055185185185185184
0 0.470703125 0.49402777777777773 0.011093750000000001 0.04842592592592592
0 0.6022395833333333 0.5176851851851852 0.014166666666666666 0.06314814814814815
0 0.10395833333333335 0.5386111111111112 0.0175 0.07351851851851852
