0 0.84734375 0.6578703703703703 0.04927083333333333 0.1761111111111111
0 0.77171875 0.6824537037037037 0.033749999999999995 0.17472222222222222
0 0.719296875 0.6408796296296297 0.03515625 0.16194444444444445
0 0.09268229166666667 0.6929629629629629 0.02234375 0.14925925925925926
0 0.7501302083333333 0.6417592592592593 0.052656249999999995 0.18314814814814817
0 0.06393229166666667 0.7180092592592593 0.020260416666666666 0.1350925925925926
0 0.7192187499999999 0.5430092592592592 0.025625000000000002 0.0850925925925926
0 0.7680989583333333 0.5430555555555555 0.018697916666666665 0.0762962962962963
0 0.7094791666666667 0.5095833333333334 0.014791666666666667 0.052314814814814814
0 0.8031770833333333 0.5417129629629629 0.016145833333333335 0.08638888888888889
0 0.744765625 0.5405092592592593 0.016302083333333335 0.06824074074074074
0 0.696640625 0.49898148148148147 0.010989583333333334 0.04870370370370371
0 0.9944270833333333 0.5737037037037037 0.012187499999999999 0.14055555555555557
