0 0.6524218749999999 0.0825462962962963 0.032135416666666666 0.10990740740740741
0 0.37817708333333333 0.24314814814814817 0.041562499999999995 0.10685185185185185
0 0.885859375 0.14550925925925925 0.038802083333333334 0.16620370370370371
0 0.25671875 0.32111111111111107 0.0421875 0.1872222222222222
0 0.3008854166666667 0.14194444444444446 0.02875 0.15296296296296294
0 0.20114583333333333 0.18291666666666667 0.028333333333333332 0.16305555555555554
0 0.5077864583333332 0.0899537037037037 0.03140625 0.1534259259259259
0 0.07098958333333334 0.41000000000000003 0.027916666666666666 0.17722222222222223
0 0.9159895833333334 0.5199074074074074 0.04083333333333334 0.1914814814814815
0 0.9352083333333334 0.19944444444444442 0.028333333333333332 0.15148148148148147
0 0.5388541666666666 0.10092592592592593 0.02875 0.15
0 0.84984375 0.6838425925925925 0.051354166666666666 0.22361111111111112
0 0.6675520833333333 0.5639351851851853 0.043333333333333335 0.18694444444444444
0 0.44937499999999997 0.06143518518518519 0.0265625 0.12027777777777779
0 0.16346354166666668 0.19666666666666668 0.028489583333333336 0.15296296296296294
0 0.12479166666666666 0.3224537037037037 0.028125 0.1663888888888889
0 0.22549479166666667 0.6886574074074074 0.04057291666666667 0.2173148148148148
0 0.174375 0.6706944444444445 0.04802083333333333 0.23175925925925928
0 0.42997395833333335 0.2188425925925926 0.028489583333333336 0.15898148148148147
0 0.4759114583333333 0.6158333333333333 0.055989583333333336 0.22870370370370371
0 0.23552083333333335 0.17370370370370372 0.02822916666666667 0.1512962962962963
0 0.13322916666666665 0.20453703703703702 0.03760416666666667 0.14574074074074075
0 0.397265625 0.6294907407407407 0.04140625 0.22342592592592594
0 0.9688020833333334 0.1511574074074074 0.04083333333333334 0.16805555555555557
0 0.20403645833333334 0.05578703703703704 0.03473958333333334 0.10972222222222222
0 0.2328125 0.0574537037037037 0.02375 0.11212962962962962
0 0.3868229166666667 0.05981481481481481 0.026145833333333333 0.11777777777777779
0 0.256640625 0.14856481481481482 0.03442708333333333 0.18046296296296296
0 0.3877083333333334 0.16574074074074074 0.03302083333333333 0.1635185185185185
0 0.5094791666666666 0.6216203703703704 0.042083333333333334 0.2062037037037037
0 0.4034895833333333 0.1575 0.022708333333333334 0.14722222222222223
0 0.5340625 0.9308796296296297 0.042604166666666665 0.1400925925925926
0 0.4884375 0.053148148148148146 0.02 0.09166666666666666
