0 0.388984375 0.5073611111111112 0.04244791666666667 0.1913888888888889
0 0.21419270833333334 0.48310185185185184 0.021927083333333333 0.10453703703703704
0 0.2751822916666667 0.472962962962963 0.018072916666666668 0.10203703703703704
0 0.4683854166666667 0.6256481481481482 0.0778125 0.4564814814814815
0 0.5503125 0.6670833333333334 0.08229166666666667 0.5910185185185185
0 0.782421875 0.5916203703703704 0.09963541666666667 0.3869444444444444
0 0.24536458333333336 0.4741666666666667 0.016458333333333335 0.09962962962962962
0 0.8458854166666667 0.5426388888888889 0.07677083333333333 0.3073148148148148
0 0.34989583333333335 0.4611574074074074 0.01375 0.06638888888888889
0 0.30843750000000003 0.4551851851851852 0.012604166666666666 0.05648148148148148
0 0.70234375 0.4616666666666666 0.024687499999999998 0.09759259259259259
0 0.29820312499999996 0.4557407407407407 0.012552083333333333 0.056296296296296296
0 0.32765625000000004 0.4524537037037037 0.0125 0.05361111111111111
