0 0.6525 0.08208333333333334 0.03208333333333333 0.10805555555555556
0 0.3816145833333333 0.07546296296296297 0.029062499999999998 0.14907407407407408
0 0.233125 0.8900925925925927 0.051875 0.22166666666666668
0 0.7890625 0.13305555555555554 0.02875 0.13796296296296295
0 0.199921875 0.1811574074074074 0.028489583333333336 0.1637962962962963
0 0.241171875 0.39069444444444446 0.03984375 0.21583333333333332
0 0.5180989583333333 0.2715740740740741 0.038177083333333334 0.17462962962962963
0 0.7348958333333333 0.6381018518518519 0.0546875 0.22805555555555557
0 0.636171875 0.2238425925925926 0.04130208333333333 0.15953703703703706
0 0.916875 0.5206944444444445 0.03979166666666667 0.19564814814814815
0 0.07567708333333334 0.6237962962962962 0.04520833333333333 0.23592592592592593
0 0.07111979166666665 0.41333333333333333 0.025989583333333333 0.17722222222222223
0 0.166484375 0.19490740740740742 0.028593749999999998 0.1612962962962963
0 0.12223958333333335 0.19675925925925927 0.0259375 0.1548148148148148
0 0.28072916666666664 0.2953703703703704 0.036041666666666666 0.1824074074074074
0 0.387265625 0.2502777777777777 0.03036458333333333 0.1511111111111111
0 0.6795052083333334 0.25865740740740745 0.024739583333333332 0.15712962962962962
0 0.03268229166666667 0.7495833333333334 0.03421875 0.21175925925925926
0 0.2933854166666667 0.13712962962962966 0.024687499999999998 0.15351851851851853
0 0.7704166666666665 0.25976851851851845 0.03135416666666667 0.1663888888888889
0 0.24158854166666668 0.0811574074074074 0.026822916666666665 0.14546296296296296
0 0.46359375 0.2713888888888889 0.02802083333333333 0.15203703703703703
0 0.20958333333333332 0.08759259259259258 0.02625 0.14777777777777779
0 0.44273437499999996 0.2646759259259259 0.03140625 0.17046296296296296
0 0.746015625 0.26745370370370375 0.03078125 0.17824074074074073
0 0.26614583333333336 0.20222222222222222 0.030000000000000002 0.15166666666666667
0 0.15 0.16962962962962963 0.03333333333333333 0.1725925925925926
0 0.26677083333333335 0.10712962962962963 0.03114583333333333 0.14537037037037037
