0 0.60265625 0.6504166666666668 0.10322916666666666 0.571574074074074
0 0.265625 0.4710185185185185 0.021041666666666667 0.1025925925925926
0 0.773359375 0.46009259259259255 0.02432291666666667 0.10037037037037037
0 0.22572916666666668 0.4831944444444445 0.024270833333333335 0.09805555555555556
0 0.43046875 0.46925925925925926 0.03114583333333333 0.05740740740740741
0 0.13953125 0.5659722222222222 0.07906250000000001 0.3913888888888889
0 0.5073697916666667 0.6347222222222222 0.07442708333333334 0.4861111111111111
0 0.4490885416666667 0.47453703703703703 0.028489583333333336 0.07518518518518519
0 0.35046875 0.4625925925925926 0.0140625 0.06814814814814814
0 0.20953125 0.4802777777777778 0.024270833333333335 0.10666666666666667
0 0.961171875 0.5834259259259259 0.07869791666666666 0.422962962962963
0 0.3355208333333334 0.45541666666666664 0.013541666666666667 0.059537037037037034
0 0.29526041666666664 0.455 0.010833333333333334 0.05388888888888889
0 0.3104427083333333 0.4532407407407407 0.011093750000000001 0.053518518518518514
0 0.27763020833333335 0.45921296296296293 0.019114583333333334 0.07546296296296297
0 0.019947916666666666 0.5727777777777778 0.0378125 0.327037037037037
