0 0.5013020833333334 0.49962962962962965 0.050416666666666665 0.10203703703703704
0 0.3340104166666667 0.5894444444444443 0.0709375 0.3642592592592592
0 0.23348958333333333 0.48032407407407407 0.028645833333333332 0.10083333333333334
0 0.43697916666666664 0.539675925925926 0.0484375 0.23916666666666667
0 0.205859375 0.46236111111111106 0.022447916666666668 0.09712962962962964
0 0.64953125 0.4609259259259259 0.021145833333333332 0.09055555555555556
0 0.5765364583333333 0.5009259259259259 0.020572916666666666 0.10944444444444444
0 0.2661197916666667 0.48361111111111105 0.019114583333333334 0.09796296296296296
0 0.5342187500000001 0.45893518518518517 0.02020833333333333 0.09472222222222222
0 0.5580208333333333 0.4971296296296296 0.020625 0.10111111111111111
0 0.3832552083333333 0.5572685185185186 0.05286458333333333 0.3010185185185185
0 0.2844010416666667 0.45578703703703705 0.01609375 0.0687962962962963
