0 0.8922916666666667 0.6288425925925927 0.04 0.17583333333333334
0 0.937578125 0.5626851851851852 0.026822916666666665 0.09722222222222222
0 0.15731770833333333 0.5893518518518519 0.026302083333333334 0.12351851851851853
0 0.128359375 0.5840277777777778 0.024947916666666667 0.12453703703703704
0 0.26763020833333334 0.5636574074074074 0.02109375 0.1112037037037037
0 0.2400260416666667 0.5703703703703704 0.021197916666666667 0.09685185185185184
0 0.7215104166666666 0.51125 0.013645833333333333 0.06027777777777777
0 0.35658854166666665 0.4984259259259259 0.011197916666666667 0.05555555555555555
0 0.39585937499999996 0.5056481481481482 0.010989583333333334 0.054814814814814816
0 0.8443489583333332 0.5031944444444445 0.013072916666666667 0.05620370370370371
0 0.8004687500000001 0.5051851851851851 0.012187499999999999 0.04962962962962963
0 0.648984375 0.490925925925926 0.01203125 0.04555555555555556
0 0.5056770833333333 0.47444444444444445 0.0071875 0.02907407407407407
0 0.6230989583333334 0.48013888888888895 0.011093750000000001 0.04064814814814815
0 0.22138020833333333 0.5706481481481481 0.018281250000000002 0.09518518518518518
0 0.20575520833333333 0.5666666666666667 0.01609375 0.08074074074074074
0 0.6977604166666665 0.4983796296296296 0.013125 0.048240740740740744
0 0.6424479166666667 0.4880555555555556 0.011458333333333333 0.04259259259259259
0 0.818359375 0.5036574074074075 0.012135416666666668 0.04898148148148148
0 0.6352864583333333 0.4856944444444445 0.010364583333333333 0.038796296296296294
0 0.37406249999999996 0.49615740740740744 0.009791666666666667 0.050277777777777775
0 0.7130989583333334 0.5036111111111111 0.01171875 0.04981481481481481
0 0.3809375 0.4994907407407408 0.01 0.050462962962962966
0 0.38635416666666667 0.5018518518518519 0.010416666666666666 0.051666666666666666
0 0.19736979166666666 0.5636574074074074 0.014531249999999999 0.0725
0 0.6896354166666666 0.49509259259259264 0.012083333333333333 0.04666666666666667
0 0.656796875 0.49370370370370376 0.012864583333333334 0.04703703703703704
0 0.7926041666666668 0.5029166666666667 0.009791666666666667 0.04546296296296296
0 0.9004427083333333 0.5368055555555555 0.016927083333333332 0.07509259259259259
0 0.6176822916666667 0.48032407407407407 0.008906250000000001 0.03916666666666666
