0 0.6193229166666666 0.3672685185185185 0.030833333333333334 0.13564814814814816
0 0.37072916666666667 0.35462962962962963 0.021249999999999998 0.10296296296296296
0 0.49320312499999996 0.3689351851851852 0.026614583333333334 0.14731481481481482
0 0.4484635416666667 0.36407407407407405 0.032135416666666666 0.1625925925925926
0 0.11260416666666666 0.5188425925925926 0.17260416666666664 0.5932407407407407
0 0.7153645833333333 0.4003240740740741 0.04604166666666667 0.2997222222222222
0 0.3344791666666667 0.3468055555555556 0.016874999999999998 0.06935185185185186
0 0.54296875 0.34138888888888885 0.015000000000000001 0.06240740740740741
0 0.3963802083333334 0.34199074074074076 0.01390625 0.05787037037037037
0 0.5136197916666666 0.36787037037037035 0.023697916666666666 0.07759259259259259
0 0.566484375 0.33717592592592593 0.012239583333333333 0.04638888888888889
0 0.3884635416666667 0.3428703703703703 0.014322916666666666 0.06555555555555555
0 0.5220833333333333 0.3556944444444445 0.014791666666666667 0.05935185185185184
