0 0.6523177083333334 0.08300925925925927 0.03203125 0.10953703703703703
0 0.37843750000000004 0.24333333333333335 0.04125 0.10537037037037036
0 0.7859895833333332 0.07416666666666667 0.030520833333333334 0.1340740740740741
0 0.3032291666666666 0.18763888888888886 0.03166666666666666 0.16398148148148148
0 0.9165885416666666 0.5189814814814815 0.04901041666666666 0.19074074074074074
0 0.7819791666666666 0.19055555555555556 0.027395833333333335 0.16777777777777778
0 0.8492968750000001 0.19583333333333333 0.03296875 0.16796296296296298
0 0.263125 0.23305555555555554 0.026354166666666668 0.16796296296296298
0 0.22809895833333335 0.6204629629629629 0.04984375 0.22648148148148148
0 0.8459635416666667 0.6550000000000001 0.05203125 0.21796296296296297
0 0.17536458333333335 0.4740740740740741 0.03916666666666667 0.20296296296296296
0 0.23291666666666666 0.2346296296296296 0.036458333333333336 0.1512962962962963
0 0.15031250000000002 0.2697685185185185 0.02875 0.18324074074074076
0 0.4034375 0.14736111111111108 0.025729166666666668 0.1423148148148148
0 0.20059895833333335 0.1815277777777778 0.025364583333333336 0.1599074074074074
0 0.23255208333333333 0.11013888888888888 0.03208333333333333 0.1534259259259259
0 0.17903645833333334 0.2718518518518519 0.03328125 0.16462962962962965
0 0.681484375 0.821712962962963 0.047135416666666666 0.24453703703703705
0 0.6382291666666667 0.8463425925925926 0.043229166666666666 0.24861111111111112
0 0.4246875 0.21000000000000002 0.025104166666666667 0.16537037037037036
0 0.255625 0.08046296296296297 0.025 0.13055555555555556
0 0.13580729166666666 0.20208333333333334 0.025677083333333333 0.15712962962962962
0 0.5208333333333334 0.03768518518518519 0.03989583333333333 0.07351851851851852
