0 0.6525520833333334 0.08347222222222223 0.0328125 0.11046296296296296
0 0.378515625 0.24319444444444444 0.04130208333333333 0.10490740740740741
0 0.7867968750000001 0.07078703703703704 0.03140625 0.13324074074074074
0 0.8687760416666667 0.28291666666666665 0.03984375 0.18009259259259258
0 0.43473958333333335 0.2139351851851852 0.034479166666666665 0.15935185185185186
0 0.20320312499999998 0.3617592592592592 0.03380208333333334 0.18185185185185185
0 0.200234375 0.18671296296296297 0.02765625 0.16231481481481483
0 0.9146614583333332 0.5203703703703704 0.04848958333333333 0.1935185185185185
0 0.8452864583333333 0.654537037037037 0.05036458333333334 0.21777777777777776
0 0.10848958333333332 0.3164351851851852 0.036041666666666666 0.18787037037037038
0 0.143046875 0.32254629629629633 0.032239583333333335 0.17120370370370372
0 0.16369791666666667 0.19745370370370371 0.0265625 0.15583333333333335
0 0.30333333333333334 0.18481481481481482 0.027916666666666666 0.1622222222222222
0 0.4042708333333333 0.14601851851851852 0.02333333333333333 0.14222222222222222
0 0.849921875 0.04689814814814815 0.02703125 0.0912037037037037
0 0.320703125 0.6159722222222223 0.04182291666666667 0.22342592592592594
0 0.131328125 0.20152777777777775 0.02755208333333333 0.14805555555555555
0 0.27005208333333336 0.15763888888888888 0.024583333333333336 0.1449074074074074
0 0.24294270833333334 0.15157407407407406 0.025052083333333332 0.15611111111111112
0 0.1981510416666667 0.05537037037037037 0.026927083333333334 0.10833333333333334
0 0.6050260416666666 0.9181018518518519 0.055052083333333335 0.16564814814814816
0 0.22322916666666667 0.16453703703703704 0.028125 0.15333333333333332
