0 0.829453125 0.5109722222222223 0.11390625 0.6849074074074074
0 0.41684895833333335 0.3099074074074074 0.026197916666666664 0.10685185185185185
0 0.4629166666666667 0.322175925925926 0.0396875 0.1799074074074074
0 0.6191927083333333 0.2971296296296297 0.01984375 0.10981481481481481
0 0.09208333333333334 0.3198611111111111 0.0253125 0.12083333333333333
0 0.593125 0.322175925925926 0.035 0.14842592592592593
0 0.49580729166666665 0.31115740740740744 0.025677083333333333 0.12416666666666666
0 0.5581250000000001 0.30541666666666667 0.022083333333333333 0.12064814814814816
0 0.178984375 0.34074074074074073 0.02890625 0.14629629629629629
0 0.06895833333333333 0.29564814814814816 0.01885416666666667 0.0824074074074074
0 0.9459635416666666 0.5266666666666666 0.10911458333333333 0.745
0 0.20140624999999998 0.32787037037037037 0.03770833333333334 0.17592592592592593
0 0.362109375 0.29189814814814813 0.01265625 0.05898148148148148
0 0.5153645833333333 0.28342592592592597 0.01375 0.05666666666666667
0 0.29494791666666664 0.32837962962962963 0.04739583333333333 0.19787037037037036
0 0.5416145833333332 0.28953703703703704 0.013645833333333333 0.05907407407407407
