0 0.6523697916666666 0.08347222222222223 0.03234375 0.10990740740740741
0 0.5061979166666667 0.08259259259259259 0.033125 0.15518518518518518
0 0.3783072916666666 0.24351851851851852 0.04119791666666666 0.10592592592592594
0 0.20098958333333336 0.18337962962962964 0.0284375 0.1649074074074074
0 0.254453125 0.31037037037037035 0.04213541666666667 0.18814814814814815
0 0.07122395833333334 0.4119444444444445 0.028489583333333336 0.1764814814814815
0 0.888515625 0.15662037037037035 0.03338541666666666 0.16175925925925924
0 0.45192708333333337 0.0637962962962963 0.027604166666666666 0.12574074074074076
0 0.9158072916666666 0.5205092592592593 0.04119791666666666 0.19453703703703704
0 0.6890885416666667 0.5665277777777779 0.037760416666666664 0.19268518518518518
0 0.410234375 0.6346296296296297 0.04015625 0.23666666666666666
0 0.17239583333333333 0.6893055555555555 0.049479166666666664 0.2362037037037037
0 0.5398697916666666 0.09606481481481481 0.028489583333333336 0.1497222222222222
0 0.2953645833333333 0.1434259259259259 0.030104166666666664 0.1548148148148148
0 0.162734375 0.19685185185185186 0.028072916666666666 0.15314814814814814
0 0.8435677083333334 0.6830555555555555 0.04765625 0.2274074074074074
0 0.4297916666666667 0.2196759259259259 0.028125 0.16101851851851853
0 0.931171875 0.2050925925925926 0.029739583333333333 0.15537037037037038
0 0.12864583333333332 0.31574074074074077 0.027604166666666666 0.16796296296296298
0 0.217734375 0.7084259259259259 0.03723958333333333 0.22351851851851853
0 0.47994791666666664 0.6283333333333333 0.0540625 0.22277777777777777
0 0.239140625 0.17625000000000002 0.029114583333333333 0.15305555555555556
0 0.20424479166666665 0.06060185185185185 0.03609375 0.11768518518518518
0 0.13440104166666667 0.20398148148148149 0.03921875 0.15222222222222223
0 0.38869791666666664 0.16407407407407407 0.03229166666666667 0.1622222222222222
0 0.5152864583333333 0.6326388888888889 0.04505208333333333 0.20675925925925928
0 0.23203125 0.06027777777777777 0.022395833333333334 0.11833333333333333
0 0.9830989583333333 0.47759259259259257 0.03484375 0.1737037037037037
0 0.3896354166666667 0.05347222222222222 0.02625 0.10416666666666667
0 0.9523958333333333 0.14902777777777776 0.04145833333333333 0.16527777777777777
0 0.5366927083333334 0.9312037037037036 0.04359375 0.13944444444444443
0 0.25416666666666665 0.14087962962962963 0.034166666666666665 0.1736111111111111
