0 0.225546875 0.4804629629629629 0.03171875 0.09851851851851852
0 0.6393229166666666 0.4615740740740741 0.02 0.09481481481481482
0 0.5763802083333333 0.5026388888888889 0.01984375 0.10416666666666667
0 0.398828125 0.5556481481481482 0.06713541666666667 0.3
0 0.260078125 0.482962962962963 0.022239583333333333 0.10148148148148148
0 0.33330729166666667 0.6043055555555555 0.07734375 0.39935185185185185
0 0.45093750000000005 0.5421759259259259 0.04697916666666667 0.25583333333333336
0 0.5321354166666666 0.4584259259259259 0.019791666666666666 0.09333333333333334
0 0.20559895833333333 0.4618055555555556 0.022864583333333334 0.09935185185185184
0 0.501015625 0.5009722222222222 0.04859375 0.10583333333333333
0 0.5587500000000001 0.49851851851851847 0.020729166666666667 0.1012962962962963
0 0.27838541666666666 0.4583333333333333 0.015104166666666667 0.06685185185185186
0 0.5916927083333333 0.4603240740740741 0.021302083333333333 0.0862037037037037
0 0.2890364583333333 0.45541666666666664 0.013697916666666667 0.06564814814814815
0 0.26999999999999996 0.4687962962962963 0.018020833333333333 0.08925925925925926
