0 0.7734635416666668 0.6339814814814815 0.11473958333333334 0.6424074074074073
0 0.34466145833333334 0.4003703703703704 0.04390625 0.1698148148148148
0 0.5479947916666668 0.41763888888888884 0.03401041666666667 0.14694444444444443
0 0.4662239583333333 0.3965740740740741 0.02734375 0.14074074074074075
0 0.13356770833333334 0.37796296296296295 0.021510416666666664 0.10685185185185185
0 0.9214583333333334 0.643287037037037 0.13489583333333333 0.6782407407407407
0 0.5891666666666667 0.3960648148148148 0.019166666666666665 0.11231481481481481
0 0.490859375 0.3998611111111111 0.027760416666666666 0.13064814814814815
0 0.24122395833333332 0.3861111111111111 0.028072916666666666 0.11648148148148148
0 0.38901041666666664 0.3701388888888889 0.012916666666666667 0.0587962962962963
0 0.27239583333333334 0.3856944444444444 0.020625 0.11416666666666667
0 0.1140625 0.35625 0.014166666666666666 0.06712962962962964
0 0.5229166666666667 0.3924074074074074 0.016874999999999998 0.09833333333333334
0 0.4455208333333333 0.38472222222222224 0.018020833333333333 0.06
0 0.012760416666666666 0.42791666666666667 0.0190625 0.17657407407407405
0 0.38197916666666665 0.3700925925925926 0.012395833333333333 0.05981481481481481
0 0.37213541666666666 0.37199074074074073 0.014895833333333334 0.06916666666666667
