0 0.12153645833333333 0.36689814814814814 0.037135416666666664 0.13842592592592592
0 0.21953125 0.4284722222222222 0.10656249999999999 0.3963888888888889
0 0.45747395833333326 0.35398148148148145 0.032864583333333336 0.14981481481481482
0 0.5784895833333332 0.3297685185185185 0.016770833333333336 0.06712962962962964
0 0.06656250000000001 0.3730555555555556 0.0478125 0.16074074074074074
0 0.34078125 0.34731481481481485 0.021666666666666667 0.09833333333333334
0 0.5061979166666667 0.3582407407407407 0.029791666666666668 0.13870370370370372
0 0.6469270833333334 0.36893518518518525 0.0321875 0.20898148148148146
0 0.3784895833333334 0.3341203703703704 0.015625 0.06435185185185185
0 0.527890625 0.3267129629629629 0.014322916666666666 0.05583333333333333
0 0.5433333333333333 0.3233333333333333 0.010729166666666668 0.03981481481481482
0 0.35932291666666666 0.33444444444444443 0.016666666666666666 0.07166666666666667
0 0.5517708333333334 0.32375 0.011145833333333332 0.03935185185185185
0 0.4870572916666667 0.345787037037037 0.022864583333333334 0.08249999999999999
0 0.274375 0.3721759259259259 0.0253125 0.15046296296296297
