0 0.4387760416666666 0.3774074074074074 0.022447916666666668 0.12055555555555554
0 0.5428125 0.4009722222222222 0.03729166666666666 0.15675925925925926
0 0.5995052083333333 0.38537037037037036 0.032656250000000005 0.1638888888888889
0 0.050755208333333336 0.43189814814814814 0.06140625 0.23527777777777778
0 0.19263020833333336 0.3976388888888889 0.02744791666666667 0.12268518518518519
0 0.13291666666666666 0.3889351851851852 0.019270833333333334 0.09583333333333334
0 0.39841145833333336 0.3701851851851852 0.017552083333333336 0.04666666666666667
0 0.47976562500000003 0.37935185185185183 0.025989583333333333 0.1237037037037037
0 0.34158854166666663 0.3880555555555556 0.032864583333333336 0.13592592592592595
0 0.2911197916666666 0.3831481481481481 0.019947916666666666 0.10166666666666667
0 0.9515625 0.57 0.09791666666666667 0.5864814814814815
0 0.8358072916666667 0.38976851851851857 0.03432291666666667 0.14472222222222222
0 0.015755208333333333 0.44092592592592594 0.029947916666666668 0.19092592592592592
0 0.27708333333333335 0.38296296296296295 0.016041666666666666 0.08833333333333333
0 0.10729166666666666 0.36972222222222223 0.011770833333333335 0.06222222222222223
0 0.4963020833333333 0.3675925925925926 0.01885416666666667 0.10037037037037037
0 0.10026041666666667 0.37009259259259264 0.0109375 0.0612962962962963
