0 0.856875 0.6005092592592594 0.029166666666666667 0.14324074074074072
0 0.19432291666666665 0.5712962962962963 0.025416666666666664 0.11888888888888889
0 0.22 0.5733796296296296 0.024687499999999998 0.11472222222222223
0 0.8952343749999999 0.5382407407407407 0.020572916666666666 0.09425925925925925
0 0.7325520833333333 0.5029166666666667 0.013229166666666665 0.05805555555555556
0 0.9271614583333334 0.5581481481481481 0.02255208333333333 0.09314814814814815
0 0.42908854166666666 0.5010648148148148 0.011302083333333332 0.05009259259259259
0 0.39231770833333335 0.4938888888888889 0.01171875 0.05
0 0.6670312500000001 0.48787037037037034 0.012916666666666667 0.04537037037037037
0 0.7798958333333332 0.4943981481481482 0.011250000000000001 0.05527777777777778
0 0.5430468749999999 0.47314814814814815 0.008385416666666668 0.030185185185185186
0 0.31604166666666667 0.5459722222222223 0.01864583333333333 0.09342592592592593
0 0.8733072916666667 0.5017592592592592 0.015260416666666667 0.05814814814814814
0 0.29466145833333335 0.5519444444444445 0.01921875 0.08888888888888889
0 0.8260937500000001 0.5052314814814814 0.011666666666666665 0.050277777777777775
0 0.646171875 0.4778703703703704 0.00921875 0.03851851851851852
0 0.27687500000000004 0.5519907407407407 0.016145833333333335 0.0775
0 0.6544270833333333 0.4810648148148148 0.0103125 0.03916666666666666
0 0.83671875 0.5044907407407407 0.011666666666666665 0.04398148148148148
0 0.40625 0.4944907407407407 0.011250000000000001 0.047314814814814816
0 0.25807291666666665 0.5436574074074074 0.013541666666666667 0.06675925925925925
0 0.7197916666666667 0.4936111111111111 0.0115625 0.045925925925925926
0 0.4002864583333333 0.49347222222222226 0.011197916666666667 0.050277777777777775
0 0.8175520833333334 0.5049537037037037 0.011666666666666665 0.04990740740740741
0 0.8638020833333333 0.4991203703703703 0.018229166666666668 0.06787037037037037
