0 0.5013020833333334 0.49898148148148147 0.050312499999999996 0.1037037037037037
0 0.4496354166666666 0.4735648148148148 0.028125 0.07064814814814814
0 0.2802864583333333 0.5562962962962963 0.06328125 0.2929629629629629
0 0.796015625 0.45949074074074076 0.028489583333333336 0.12046296296296295
0 0.3477864583333333 0.540324074074074 0.045989583333333334 0.24935185185185185
0 0.20656249999999998 0.46175925925925926 0.0228125 0.09944444444444445
0 0.6656510416666667 0.46069444444444446 0.018489583333333334 0.09453703703703703
0 0.22890625 0.46398148148148144 0.021979166666666668 0.08092592592592593
0 0.4295572916666667 0.4690740740740741 0.029322916666666664 0.057962962962962966
0 0.5353645833333334 0.46439814814814817 0.021666666666666667 0.10601851851851851
0 0.5587239583333333 0.5 0.020572916666666666 0.1025925925925926
0 0.5821354166666667 0.4558796296296296 0.021249999999999998 0.10490740740740741
0 0.5771614583333332 0.49847222222222226 0.017239583333333332 0.10990740740740741
0 0.3143489583333334 0.4826388888888889 0.021718750000000002 0.12398148148148148
