0 0.6523697916666666 0.08282407407407408 0.032135416666666666 0.1100925925925926
0 0.3784114583333333 0.2434722222222222 0.04140625 0.1050925925925926
0 0.7863020833333334 0.07439814814814814 0.030000000000000002 0.1337962962962963
0 0.3042447916666667 0.1850925925925926 0.030885416666666665 0.16555555555555557
0 0.8459635416666667 0.6550925925925926 0.052760416666666664 0.22
0 0.8513020833333333 0.19833333333333333 0.034270833333333334 0.17111111111111113
0 0.9166145833333333 0.5188425925925926 0.049895833333333334 0.1936111111111111
0 0.26346354166666663 0.22865740740740742 0.026197916666666664 0.1650925925925926
0 0.233828125 0.23078703703703704 0.03828125 0.15157407407407406
0 0.17411458333333335 0.4698148148148148 0.03958333333333333 0.19907407407407407
0 0.7817708333333333 0.1951388888888889 0.026770833333333334 0.16583333333333333
0 0.6445052083333334 0.8545833333333334 0.046510416666666665 0.24231481481481482
0 0.20080729166666667 0.18208333333333335 0.025989583333333333 0.16472222222222221
0 0.15020833333333336 0.27199074074074076 0.029791666666666668 0.1826851851851852
0 0.22408854166666667 0.6178703703703703 0.039947916666666666 0.22462962962962962
0 0.40359375 0.14680555555555558 0.025833333333333333 0.14416666666666667
0 0.6909635416666667 0.8407870370370369 0.047552083333333335 0.2508333333333333
0 0.23093750000000002 0.10541666666666666 0.03239583333333333 0.1526851851851852
0 0.428828125 0.20671296296296296 0.02421875 0.15916666666666668
0 0.2573697916666667 0.08560185185185185 0.02411458333333333 0.13435185185185183
0 0.17567708333333334 0.2735185185185185 0.030520833333333334 0.1638888888888889
0 0.13453125000000002 0.20083333333333334 0.02625 0.15462962962962962
0 0.530703125 0.038842592592592595 0.040989583333333336 0.07583333333333334
